index,size,time,ip
0,-66,1647441066.408330000,34.117.237.239
1,66,1647441066.408354000,192.168.10.155
2,236,1647441066.428014000,192.168.10.155
3,559,1647441066.428061000,192.168.10.155
4,74,1647441066.428326000,192.168.10.155
5,97,1647441066.428977000,192.168.10.155
6,-66,1647441066.431850000,54.230.130.235
7,-74,1647441066.431854000,54.239.168.31
8,-66,1647441066.431855000,54.230.130.235
9,66,1647441066.431885000,192.168.10.155
10,583,1647441066.434062000,192.168.10.155
11,-66,1647441066.437724000,54.239.168.31
12,-2922,1647441066.439130000,54.239.168.31
13,66,1647441066.439139000,192.168.10.155
14,-1208,1647441066.440815000,54.239.168.31
15,-97,1647441066.440815000,54.230.130.235
16,66,1647441066.440829000,192.168.10.155
17,66,1647441066.440842000,192.168.10.155
18,130,1647441066.444440000,192.168.10.155
19,500,1647441066.444608000,192.168.10.155
20,-66,1647441066.447972000,54.239.168.31
21,-8634,1647441066.447975000,54.239.168.31
22,66,1647441066.447997000,192.168.10.155
23,-7904,1647441066.448089000,54.239.168.31
24,-8634,1647441066.448091000,54.239.168.31
25,66,1647441066.448095000,192.168.10.155
26,66,1647441066.448104000,192.168.10.155
27,-11490,1647441066.449078000,54.239.168.31
28,66,1647441066.449092000,192.168.10.155
29,-2922,1647441066.449114000,54.239.168.31
30,66,1647441066.449118000,192.168.10.155
31,74,1647441066.450831000,192.168.10.155
32,-5778,1647441066.451795000,54.239.168.31
33,66,1647441066.451804000,192.168.10.155
34,-11490,1647441066.452026000,54.239.168.31
35,66,1647441066.452031000,192.168.10.155
36,-14346,1647441066.452067000,54.239.168.31
37,66,1647441066.452077000,192.168.10.155
38,-3402,1647441066.452096000,54.239.168.31
39,66,1647441066.452101000,192.168.10.155
40,90,1647441066.452245000,192.168.10.155
41,66,1647441066.452261000,192.168.10.155
42,74,1647441066.453628000,192.168.10.155
43,-60,1647441066.456521000,54.239.168.31
44,-60,1647441066.456522000,54.239.168.31
45,-74,1647441066.456522000,54.230.130.7
46,-74,1647441066.456522000,54.239.168.31
47,66,1647441066.456560000,192.168.10.155
48,66,1647441066.456574000,192.168.10.155
49,282,1647441066.456718000,192.168.10.155
50,583,1647441066.459007000,192.168.10.155
51,-66,1647441066.460384000,54.230.130.7
52,-2922,1647441066.460385000,54.230.130.7
53,66,1647441066.460401000,192.168.10.155
54,-66,1647441066.462637000,54.239.168.31
55,-1109,1647441066.462638000,54.230.130.7
56,66,1647441066.462659000,192.168.10.155
57,159,1647441066.463662000,192.168.10.155
58,-2922,1647441066.463733000,54.239.168.31
59,66,1647441066.463741000,192.168.10.155
60,-1208,1647441066.465456000,54.239.168.31
61,66,1647441066.465466000,192.168.10.155
62,-66,1647441066.467360000,54.230.130.7
63,-237,1647441066.467361000,54.230.130.7
64,-135,1647441066.467362000,54.230.130.7
65,66,1647441066.467383000,192.168.10.155
66,66,1647441066.467397000,192.168.10.155
67,130,1647441066.467500000,192.168.10.155
68,501,1647441066.467669000,192.168.10.155
69,243,1647441066.468101000,192.168.10.155
70,375,1647441066.468120000,192.168.10.155
71,104,1647441066.468626000,192.168.10.155
72,-66,1647441066.471292000,54.239.168.31
73,-66,1647441066.471292000,54.230.130.7
74,-675,1647441066.471293000,54.239.168.31
75,-66,1647441066.471293000,54.230.130.7
76,-90,1647441066.471293000,54.239.168.31
77,-1494,1647441066.471294000,54.230.130.7
78,66,1647441066.471311000,192.168.10.155
79,78,1647441066.471328000,192.168.10.155
80,90,1647441066.471501000,192.168.10.155
81,66,1647441066.471519000,192.168.10.155
82,-4361,1647441066.472398000,54.230.130.7
83,78,1647441066.472409000,192.168.10.155
84,74,1647441066.473253000,192.168.10.155
85,-60,1647441066.474844000,54.239.168.31
86,-60,1647441066.474845000,54.239.168.31
87,-104,1647441066.476284000,54.230.130.7
88,-74,1647441066.476285000,54.239.168.31
89,66,1647441066.476319000,192.168.10.155
90,66,1647441066.476361000,192.168.10.155
91,583,1647441066.482380000,192.168.10.155
92,-66,1647441066.486302000,54.239.168.31
93,-2922,1647441066.486303000,54.239.168.31
94,66,1647441066.486322000,192.168.10.155
95,-1208,1647441066.488383000,54.239.168.31
96,66,1647441066.488402000,192.168.10.155
97,130,1647441066.491897000,192.168.10.155
98,508,1647441066.492262000,192.168.10.155
99,-66,1647441066.495060000,54.239.168.31
100,-4101,1647441066.495062000,54.239.168.31
101,66,1647441066.495087000,192.168.10.155
102,90,1647441066.495540000,192.168.10.155
103,66,1647441066.495562000,192.168.10.155
104,-90,1647441066.496142000,54.239.168.31
105,54,1647441066.496168000,192.168.10.155
106,74,1647441066.498142000,192.168.10.155
107,-60,1647441066.498760000,54.239.168.31
108,-60,1647441066.498760000,54.239.168.31
109,538,1647441066.500936000,192.168.10.155
110,-74,1647441066.502204000,54.239.168.31
111,66,1647441066.502223000,192.168.10.155
112,-66,1647441066.504029000,54.230.130.93
113,-1059,1647441066.504029000,54.230.130.93
114,66,1647441066.504041000,192.168.10.155
115,583,1647441066.504125000,192.168.10.155
116,561,1647441066.506870000,192.168.10.155
117,-66,1647441066.507751000,54.239.168.31
118,-2922,1647441066.509446000,54.239.168.31
119,-66,1647441066.509447000,54.230.130.93
120,66,1647441066.509461000,192.168.10.155
121,-1449,1647441066.510675000,54.230.130.93
122,-1208,1647441066.510675000,54.239.168.31
123,66,1647441066.510687000,192.168.10.155
124,130,1647441066.515178000,192.168.10.155
125,506,1647441066.515367000,192.168.10.155
126,-66,1647441066.518473000,54.239.168.31
127,-2822,1647441066.518474000,54.239.168.31
128,66,1647441066.518494000,192.168.10.155
129,90,1647441066.518730000,192.168.10.155
130,66,1647441066.518751000,192.168.10.155
131,-90,1647441066.519362000,54.239.168.31
132,54,1647441066.519384000,192.168.10.155
133,74,1647441066.520779000,192.168.10.155
134,-60,1647441066.521806000,54.239.168.31
135,-60,1647441066.521806000,54.239.168.31
136,-74,1647441066.523967000,54.239.168.31
137,66,1647441066.523991000,192.168.10.155
138,583,1647441066.526425000,192.168.10.155
139,-66,1647441066.530162000,54.239.168.31
140,-2922,1647441066.530163000,54.239.168.31
141,66,1647441066.530185000,192.168.10.155
142,-1208,1647441066.532938000,54.239.168.31
143,66,1647441066.532965000,192.168.10.155
144,130,1647441066.535797000,192.168.10.155
145,518,1647441066.535957000,192.168.10.155
146,-66,1647441066.539096000,54.239.168.31
147,-995,1647441066.539097000,54.239.168.31
148,66,1647441066.539121000,192.168.10.155
149,90,1647441066.539408000,192.168.10.155
150,66,1647441066.539437000,192.168.10.155
151,-90,1647441066.539904000,54.239.168.31
152,54,1647441066.539921000,192.168.10.155
153,-60,1647441066.542319000,54.239.168.31
154,-60,1647441066.542320000,54.239.168.31
155,66,1647441066.551499000,192.168.10.155
156,74,1647441066.566792000,192.168.10.155
157,-74,1647441066.571000000,54.239.168.31
158,66,1647441066.571016000,192.168.10.155
159,583,1647441066.572962000,192.168.10.155
160,-66,1647441066.576617000,54.239.168.31
161,-2922,1647441066.576887000,54.239.168.31
162,66,1647441066.576895000,192.168.10.155
163,-1208,1647441066.579412000,54.239.168.31
164,66,1647441066.579447000,192.168.10.155
165,130,1647441066.583629000,192.168.10.155
166,518,1647441066.583859000,192.168.10.155
167,-66,1647441066.588358000,54.239.168.31
168,-674,1647441066.588359000,54.239.168.31
169,66,1647441066.588390000,192.168.10.155
170,-90,1647441066.588529000,54.239.168.31
171,90,1647441066.588763000,192.168.10.155
172,66,1647441066.588787000,192.168.10.155
173,74,1647441066.591076000,192.168.10.155
174,-60,1647441066.593067000,54.239.168.31
175,-60,1647441066.593069000,54.239.168.31
176,-74,1647441066.595027000,54.239.168.31
177,66,1647441066.595069000,192.168.10.155
178,583,1647441066.598792000,192.168.10.155
179,-66,1647441066.604369000,54.239.168.31
180,-2922,1647441066.604371000,54.239.168.31
181,66,1647441066.604397000,192.168.10.155
182,-1208,1647441066.605973000,54.239.168.31
183,66,1647441066.605997000,192.168.10.155
184,-1207,1647441066.610075000,54.230.130.235
185,66,1647441066.610137000,192.168.10.155
186,130,1647441066.612302000,192.168.10.155
187,517,1647441066.612590000,192.168.10.155
188,-66,1647441066.615391000,54.239.168.31
189,-771,1647441066.615392000,54.239.168.31
190,66,1647441066.615420000,192.168.10.155
191,90,1647441066.615710000,192.168.10.155
192,66,1647441066.615731000,192.168.10.155
193,-90,1647441066.616778000,54.239.168.31
194,54,1647441066.616807000,192.168.10.155
195,-60,1647441066.619108000,54.239.168.31
196,-60,1647441066.619108000,54.239.168.31
197,-11558,1647441066.621086000,54.230.130.235
198,66,1647441066.621108000,192.168.10.155
199,74,1647441066.685798000,192.168.10.155
200,74,1647441066.686219000,192.168.10.155
201,-74,1647441066.689350000,54.230.129.136
202,66,1647441066.689524000,192.168.10.155
203,-74,1647441066.690766000,54.230.129.136
204,66,1647441066.690859000,192.168.10.155
205,583,1647441066.693077000,192.168.10.155
206,583,1647441066.696294000,192.168.10.155
207,-66,1647441066.697158000,54.230.129.136
208,-4350,1647441066.697160000,54.230.129.136
209,66,1647441066.697189000,192.168.10.155
210,547,1647441066.697769000,192.168.10.155
211,-997,1647441066.699593000,54.230.129.136
212,-66,1647441066.699594000,54.230.129.136
213,66,1647441066.699609000,192.168.10.155
214,-66,1647441066.700797000,54.230.130.93
215,-1069,1647441066.700797000,54.230.130.93
216,66,1647441066.700812000,192.168.10.155
217,-4350,1647441066.702087000,54.230.129.136
218,66,1647441066.702101000,192.168.10.155
219,130,1647441066.703628000,192.168.10.155
220,236,1647441066.703984000,192.168.10.155
221,897,1647441066.704002000,192.168.10.155
222,570,1647441066.704057000,192.168.10.155
223,-997,1647441066.704149000,54.230.129.136
224,66,1647441066.704163000,192.168.10.155
225,130,1647441066.705969000,192.168.10.155
226,253,1647441066.706163000,192.168.10.155
227,332,1647441066.706365000,192.168.10.155
228,-66,1647441066.706971000,54.230.129.136
229,-66,1647441066.706971000,54.230.129.136
230,-97,1647441066.706972000,54.230.129.136
231,-66,1647441066.706972000,54.230.130.93
232,-4273,1647441066.706972000,54.230.130.235
233,-1832,1647441066.706973000,54.230.130.93
234,78,1647441066.706991000,192.168.10.155
235,66,1647441066.707006000,192.168.10.155
236,66,1647441066.707010000,192.168.10.155
237,-16472,1647441066.708433000,54.230.129.136
238,78,1647441066.708454000,192.168.10.155
239,-12064,1647441066.708502000,54.230.129.136
240,78,1647441066.708509000,192.168.10.155
241,-66,1647441066.710313000,54.230.129.136
242,-66,1647441066.710315000,54.230.129.136
243,-137,1647441066.710315000,54.230.129.136
244,-11490,1647441066.710319000,54.230.129.136
245,66,1647441066.710380000,192.168.10.155
246,78,1647441066.710416000,192.168.10.155
247,-128,1647441066.712193000,54.230.129.136
248,-15774,1647441066.712235000,54.230.129.136
249,66,1647441066.712323000,192.168.10.155
250,-8565,1647441066.712450000,54.230.129.136
251,66,1647441066.715870000,192.168.10.155
252,97,1647441066.716022000,192.168.10.155
253,-5778,1647441066.716083000,54.230.129.136
254,66,1647441066.716148000,192.168.10.155
255,-1563,1647441066.716266000,54.230.129.136
256,66,1647441066.716282000,192.168.10.155
257,66,1647441066.716924000,192.168.10.155
258,90,1647441066.717000000,192.168.10.155
259,66,1647441066.717015000,192.168.10.155
260,-1839,1647441066.718161000,54.230.130.235
261,-6855,1647441066.718163000,54.230.130.235
262,66,1647441066.718184000,192.168.10.155
263,66,1647441066.718204000,192.168.10.155
264,-3650,1647441066.719668000,54.230.129.136
265,-66,1647441066.719669000,54.230.129.136
266,-66,1647441066.719669000,54.230.129.136
267,66,1647441066.720146000,192.168.10.155
268,-66,1647441066.720354000,54.230.129.136
269,66,1647441066.720369000,192.168.10.155
270,74,1647441066.720659000,192.168.10.155
271,-74,1647441066.724003000,54.230.129.136
272,66,1647441066.724033000,192.168.10.155
273,583,1647441066.729858000,192.168.10.155
274,74,1647441066.730895000,192.168.10.155
275,176,1647441066.731214000,192.168.10.155
276,74,1647441066.731254000,192.168.10.155
277,74,1647441066.731326000,192.168.10.155
278,74,1647441066.731390000,192.168.10.155
279,74,1647441066.731445000,192.168.10.155
280,74,1647441066.731536000,192.168.10.155
281,210,1647441066.731694000,192.168.10.155
282,267,1647441066.731941000,192.168.10.155
283,-66,1647441066.733720000,54.230.129.136
284,-66,1647441066.733720000,54.230.129.136
285,-4350,1647441066.733722000,54.230.129.136
286,163,1647441066.733749000,192.168.10.155
287,66,1647441066.733772000,192.168.10.155
288,-16472,1647441066.735400000,54.230.129.136
289,-21105,1647441066.735442000,54.230.129.136
290,-74,1647441066.735449000,54.230.129.136
291,66,1647441066.735479000,192.168.10.155
292,66,1647441066.735710000,192.168.10.155
293,-997,1647441066.736397000,54.230.129.136
294,-66,1647441066.736398000,54.230.129.136
295,-74,1647441066.736398000,54.230.129.136
296,-74,1647441066.736398000,54.230.129.136
297,-74,1647441066.736399000,54.230.129.136
298,-74,1647441066.736399000,54.230.129.136
299,-66,1647441066.736399000,54.230.129.136
300,66,1647441066.736413000,192.168.10.155
301,66,1647441066.736435000,192.168.10.155
302,66,1647441066.736439000,192.168.10.155
303,66,1647441066.736443000,192.168.10.155
304,66,1647441066.736446000,192.168.10.155
305,-2249,1647441066.737645000,54.230.129.136
306,-1611,1647441066.737646000,54.230.129.136
307,66,1647441066.737664000,192.168.10.155
308,66,1647441066.737683000,192.168.10.155
309,-8907,1647441066.739131000,54.230.129.136
310,-14015,1647441066.739134000,54.230.129.136
311,66,1647441066.739154000,192.168.10.155
312,66,1647441066.739170000,192.168.10.155
313,583,1647441066.743175000,192.168.10.155
314,162,1647441066.744519000,192.168.10.155
315,161,1647441066.744813000,192.168.10.155
316,167,1647441066.744889000,192.168.10.155
317,-14765,1647441066.746546000,54.230.130.235
318,66,1647441066.746612000,192.168.10.155
319,-66,1647441066.748359000,54.230.129.136
320,-66,1647441066.748359000,54.230.129.136
321,-16472,1647441066.748362000,54.230.129.136
322,66,1647441066.748390000,192.168.10.155
323,-30054,1647441066.748451000,54.230.129.136
324,66,1647441066.748455000,192.168.10.155
325,167,1647441066.748924000,192.168.10.155
326,-4350,1647441066.749735000,54.230.129.136
327,-30054,1647441066.749739000,54.230.129.136
328,66,1647441066.749751000,192.168.10.155
329,66,1647441066.749760000,192.168.10.155
330,-30054,1647441066.752594000,54.230.129.136
331,66,1647441066.752618000,192.168.10.155
332,-74,1647441066.752661000,54.230.129.136
333,-997,1647441066.752662000,54.230.129.136
334,-10944,1647441066.752672000,54.230.129.136
335,66,1647441066.752691000,192.168.10.155
336,66,1647441066.752704000,192.168.10.155
337,66,1647441066.752709000,192.168.10.155
338,-28460,1647441066.752781000,54.230.129.136
339,66,1647441066.752788000,192.168.10.155
340,-1658,1647441066.754584000,54.230.129.136
341,66,1647441066.754602000,192.168.10.155
342,583,1647441066.754656000,192.168.10.155
343,583,1647441066.757573000,192.168.10.155
344,-66,1647441066.758605000,54.230.129.136
345,-4350,1647441066.759298000,54.230.129.136
346,66,1647441066.759311000,192.168.10.155
347,-997,1647441066.760870000,54.230.129.136
348,-66,1647441066.760871000,54.230.129.136
349,66,1647441066.760897000,192.168.10.155
350,-4350,1647441066.762077000,54.230.129.136
351,66,1647441066.762094000,192.168.10.155
352,583,1647441066.763131000,192.168.10.155
353,-997,1647441066.764027000,54.230.129.136
354,66,1647441066.764079000,192.168.10.155
355,-66,1647441066.767057000,54.230.129.136
356,-4350,1647441066.767117000,54.230.129.136
357,66,1647441066.767130000,192.168.10.155
358,583,1647441066.767194000,192.168.10.155
359,74,1647441066.767423000,192.168.10.155
360,-997,1647441066.769376000,54.230.129.136
361,66,1647441066.769402000,192.168.10.155
362,-66,1647441066.770811000,54.230.129.136
363,-1494,1647441066.770813000,54.230.129.136
364,66,1647441066.770840000,192.168.10.155
365,-2922,1647441066.772061000,54.230.129.136
366,66,1647441066.772079000,192.168.10.155
367,-997,1647441066.774895000,54.230.129.136
368,66,1647441066.774927000,192.168.10.155
369,583,1647441066.778441000,192.168.10.155
370,-66,1647441066.782198000,54.230.129.136
371,-4350,1647441066.782498000,54.230.129.136
372,66,1647441066.782512000,192.168.10.155
373,-997,1647441066.784841000,54.230.129.136
374,66,1647441066.784872000,192.168.10.155
375,130,1647441066.791616000,192.168.10.155
376,-66,1647441066.794829000,54.230.129.136
377,-128,1647441066.794830000,54.230.129.136
378,66,1647441066.794863000,192.168.10.155
379,130,1647441066.797710000,192.168.10.155
380,236,1647441066.799502000,192.168.10.155
381,-66,1647441066.800881000,54.230.129.136
382,-128,1647441066.800882000,54.230.129.136
383,66,1647441066.800907000,192.168.10.155
384,211,1647441066.802354000,192.168.10.155
385,97,1647441066.802435000,192.168.10.155
386,-66,1647441066.803294000,54.230.129.136
387,-97,1647441066.803295000,54.230.129.136
388,66,1647441066.803319000,192.168.10.155
389,198,1647441066.804193000,192.168.10.155
390,253,1647441066.804289000,192.168.10.155
391,130,1647441066.804572000,192.168.10.155
392,130,1647441066.804784000,192.168.10.155
393,90,1647441066.805403000,192.168.10.155
394,66,1647441066.805422000,192.168.10.155
395,130,1647441066.805648000,192.168.10.155
396,-66,1647441066.806132000,54.230.129.136
397,-11318,1647441066.806134000,54.230.129.136
398,66,1647441066.806152000,192.168.10.155
399,253,1647441066.806999000,192.168.10.155
400,253,1647441066.807032000,192.168.10.155
401,379,1647441066.807464000,192.168.10.155
402,253,1647441066.808725000,192.168.10.155
403,-66,1647441066.808785000,54.230.129.136
404,-97,1647441066.809098000,54.230.129.136
405,-4948,1647441066.809103000,54.230.129.136
406,-66,1647441066.809107000,54.230.129.136
407,-66,1647441066.809108000,54.230.129.136
408,-128,1647441066.809108000,54.230.129.136
409,54,1647441066.809197000,192.168.10.155
410,66,1647441066.809302000,192.168.10.155
411,66,1647441066.809333000,192.168.10.155
412,-66,1647441066.809390000,54.230.129.136
413,-128,1647441066.809390000,54.230.129.136
414,-66,1647441066.809391000,54.230.129.136
415,-66,1647441066.809391000,54.230.129.136
416,-128,1647441066.809391000,54.230.129.136
417,54,1647441066.809433000,192.168.10.155
418,66,1647441066.809459000,192.168.10.155
419,54,1647441066.809471000,192.168.10.155
420,66,1647441066.809490000,192.168.10.155
421,162,1647441066.810048000,192.168.10.155
422,130,1647441066.810566000,192.168.10.155
423,130,1647441066.811145000,192.168.10.155
424,253,1647441066.811540000,192.168.10.155
425,90,1647441066.811605000,192.168.10.155
426,66,1647441066.811620000,192.168.10.155
427,90,1647441066.811703000,192.168.10.155
428,66,1647441066.811714000,192.168.10.155
429,90,1647441066.811873000,192.168.10.155
430,66,1647441066.811886000,192.168.10.155
431,253,1647441066.812510000,192.168.10.155
432,-66,1647441066.812980000,54.230.129.136
433,-66,1647441066.812981000,54.230.129.136
434,-66,1647441066.812982000,54.230.129.136
435,-97,1647441066.812982000,54.230.129.136
436,-66,1647441066.812984000,54.230.129.136
437,-97,1647441066.812984000,54.230.129.136
438,-97,1647441066.812985000,54.230.129.136
439,54,1647441066.813079000,192.168.10.155
440,54,1647441066.813131000,192.168.10.155
441,54,1647441066.813163000,192.168.10.155
442,-16472,1647441066.814386000,54.230.129.136
443,66,1647441066.814443000,192.168.10.155
444,-21486,1647441066.814499000,54.230.129.136
445,66,1647441066.814510000,192.168.10.155
446,-5778,1647441066.814564000,54.230.129.136
447,-66,1647441066.814564000,54.230.129.136
448,-66,1647441066.814564000,54.230.129.136
449,-128,1647441066.814565000,54.230.129.136
450,-66,1647441066.814565000,54.230.129.136
451,66,1647441066.814572000,192.168.10.155
452,66,1647441066.814584000,192.168.10.155
453,-128,1647441066.814595000,54.230.129.136
454,66,1647441066.814601000,192.168.10.155
455,90,1647441066.815700000,192.168.10.155
456,-66,1647441066.815918000,54.230.129.136
457,-97,1647441066.815919000,54.230.129.136
458,-66,1647441066.815919000,54.230.129.136
459,-66,1647441066.815920000,54.230.129.136
460,-12239,1647441066.815923000,54.230.130.235
461,66,1647441066.815947000,192.168.10.155
462,66,1647441066.815963000,192.168.10.155
463,54,1647441066.815967000,192.168.10.155
464,54,1647441066.815974000,192.168.10.155
465,66,1647441066.815980000,192.168.10.155
466,-66,1647441066.816019000,54.230.129.136
467,-66,1647441066.816019000,54.230.129.136
468,-16040,1647441066.816026000,54.230.130.235
469,54,1647441066.816032000,192.168.10.155
470,54,1647441066.816037000,192.168.10.155
471,66,1647441066.816042000,192.168.10.155
472,90,1647441066.816059000,192.168.10.155
473,-3915,1647441066.816059000,54.230.130.235
474,-5778,1647441066.816061000,54.230.130.235
475,66,1647441066.816071000,192.168.10.155
476,66,1647441066.816295000,192.168.10.155
477,-5010,1647441066.816847000,54.230.130.235
478,-66,1647441066.816847000,54.230.129.136
479,-66,1647441066.816847000,54.230.129.136
480,-66,1647441066.816847000,54.230.129.136
481,-97,1647441066.816848000,54.230.129.136
482,66,1647441066.816857000,192.168.10.155
483,54,1647441066.816876000,192.168.10.155
484,54,1647441066.816890000,192.168.10.155
485,54,1647441066.816900000,192.168.10.155
486,-27206,1647441066.818963000,54.230.129.136
487,66,1647441066.818975000,192.168.10.155
488,-4342,1647441066.819013000,54.230.129.136
489,-3338,1647441066.819014000,54.230.129.136
490,66,1647441066.819021000,192.168.10.155
491,66,1647441066.819035000,192.168.10.155
492,-66,1647441066.819049000,54.230.129.136
493,-66,1647441066.819050000,54.230.129.136
494,54,1647441066.819063000,192.168.10.155
495,54,1647441066.819074000,192.168.10.155
496,-66,1647441066.819842000,54.230.129.136
497,54,1647441066.819856000,192.168.10.155
498,-5778,1647441066.822674000,54.230.129.136
499,66,1647441066.822699000,192.168.10.155
500,-22498,1647441066.822920000,54.230.129.136
501,66,1647441066.822927000,192.168.10.155
502,-8006,1647441066.822958000,54.230.129.136
503,66,1647441066.822961000,192.168.10.155
504,227,1647441066.851265000,192.168.10.155
505,74,1647441066.851335000,192.168.10.155
506,74,1647441066.851410000,192.168.10.155
507,74,1647441066.851557000,192.168.10.155
508,204,1647441066.851673000,192.168.10.155
509,-74,1647441066.854693000,54.230.129.136
510,-74,1647441066.854694000,54.230.129.136
511,-66,1647441066.854695000,54.230.129.136
512,-74,1647441066.854695000,54.230.1.71
513,-1500,1647441066.854696000,54.230.129.136
514,66,1647441066.854734000,192.168.10.155
515,66,1647441066.854761000,192.168.10.155
516,66,1647441066.854778000,192.168.10.155
517,66,1647441066.854785000,192.168.10.155
518,-97,1647441066.855638000,54.230.129.136
519,-1494,1647441066.855640000,54.230.129.136
520,66,1647441066.855654000,192.168.10.155
521,-2098,1647441066.857424000,54.230.129.136
522,-11690,1647441066.857426000,54.230.129.136
523,66,1647441066.857445000,192.168.10.155
524,66,1647441066.857462000,192.168.10.155
525,-16472,1647441066.857492000,54.230.129.136
526,66,1647441066.857497000,192.168.10.155
527,-8295,1647441066.857519000,54.230.129.136
528,-97,1647441066.857519000,54.230.129.136
529,66,1647441066.857523000,192.168.10.155
530,583,1647441066.864472000,192.168.10.155
531,-66,1647441066.868243000,54.230.1.71
532,-4350,1647441066.868244000,54.230.1.71
533,66,1647441066.868273000,192.168.10.155
534,-849,1647441066.870784000,54.230.1.71
535,66,1647441066.870806000,192.168.10.155
536,583,1647441066.871961000,192.168.10.155
537,-74,1647441066.873275000,54.184.29.64
538,66,1647441066.873305000,192.168.10.155
539,583,1647441066.874791000,192.168.10.155
540,-66,1647441066.875660000,54.230.129.136
541,-4350,1647441066.876941000,54.230.129.136
542,66,1647441066.876974000,192.168.10.155
543,-997,1647441066.878460000,54.230.129.136
544,-66,1647441066.878461000,54.230.129.136
545,66,1647441066.878489000,192.168.10.155
546,-4350,1647441066.880920000,54.230.129.136
547,66,1647441066.880969000,192.168.10.155
548,-997,1647441066.882897000,54.230.129.136
549,66,1647441066.882972000,192.168.10.155
550,583,1647441066.884495000,192.168.10.155
551,-2922,1647441066.891114000,54.230.130.235
552,66,1647441066.891147000,192.168.10.155
553,-6236,1647441066.891208000,54.230.130.235
554,66,1647441066.893100000,192.168.10.155
555,66,1647441066.899487000,192.168.10.155
556,130,1647441066.902712000,192.168.10.155
557,236,1647441066.904298000,192.168.10.155
558,373,1647441066.904355000,192.168.10.155
559,130,1647441066.904639000,192.168.10.155
560,253,1647441066.905780000,192.168.10.155
561,-66,1647441066.906018000,54.230.1.71
562,-128,1647441066.906022000,54.230.1.71
563,66,1647441066.906053000,192.168.10.155
564,130,1647441066.906204000,192.168.10.155
565,97,1647441066.906521000,192.168.10.155
566,253,1647441066.906636000,192.168.10.155
567,-66,1647441066.907788000,54.230.1.71
568,-97,1647441066.907789000,54.230.1.71
569,-66,1647441066.907789000,54.230.129.136
570,-128,1647441066.907789000,54.230.129.136
571,-66,1647441066.907790000,54.230.1.71
572,66,1647441066.907810000,192.168.10.155
573,66,1647441066.907827000,192.168.10.155
574,90,1647441066.908927000,192.168.10.155
575,66,1647441066.908955000,192.168.10.155
576,-66,1647441066.908992000,54.230.129.136
577,-97,1647441066.908996000,54.230.129.136
578,-66,1647441066.908996000,54.230.129.136
579,-66,1647441066.908996000,54.230.129.136
580,-97,1647441066.908997000,54.230.129.136
581,-66,1647441066.908997000,54.230.1.71
582,54,1647441066.909027000,192.168.10.155
583,78,1647441066.909048000,192.168.10.155
584,-7131,1647441066.912050000,54.230.1.71
585,-97,1647441066.912051000,54.230.1.71
586,66,1647441066.912076000,192.168.10.155
587,66,1647441066.912099000,192.168.10.155
588,-66,1647441066.912451000,54.230.129.136
589,-66,1647441066.912452000,54.230.129.136
590,54,1647441066.912472000,192.168.10.155
591,54,1647441066.912487000,192.168.10.155
592,-9098,1647441066.913516000,54.230.130.235
593,-16472,1647441066.913529000,54.230.130.235
594,66,1647441066.913582000,192.168.10.155
595,66,1647441066.913650000,192.168.10.155
596,-1715,1647441066.913727000,54.230.130.235
597,-12761,1647441066.913733000,54.230.130.235
598,66,1647441066.913743000,192.168.10.155
599,66,1647441066.913758000,192.168.10.155
600,-97,1647441066.913770000,54.230.130.235
601,66,1647441066.918594000,192.168.10.155
602,74,1647441066.931677000,192.168.10.155
603,-128,1647441066.957556000,54.230.129.136
604,66,1647441066.957590000,192.168.10.155
605,90,1647441066.959164000,192.168.10.155
606,66,1647441066.959280000,192.168.10.155
607,-66,1647441066.962711000,54.230.129.136
608,-66,1647441066.962712000,54.230.129.136
609,-66,1647441066.990667000,54.184.29.64
610,-5511,1647441066.993138000,54.184.29.64
611,66,1647441066.993225000,192.168.10.155
612,192,1647441066.999752000,192.168.10.155
613,171,1647441067.005309000,192.168.10.155
614,-66,1647441067.009181000,54.230.129.136
615,-675,1647441067.009182000,54.230.129.136
616,66,1647441067.009208000,192.168.10.155
617,-66,1647441067.043834000,52.119.174.17
618,54,1647441067.043863000,192.168.10.155
619,571,1647441067.046375000,192.168.10.155
620,185,1647441067.050065000,192.168.10.155
621,233,1647441067.052470000,192.168.10.155
622,-2922,1647441067.054617000,54.230.129.136
623,66,1647441067.054648000,192.168.10.155
624,-13616,1647441067.054979000,54.230.129.136
625,66,1647441067.054986000,192.168.10.155
626,-16472,1647441067.055018000,54.230.129.136
627,66,1647441067.055021000,192.168.10.155
628,-18813,1647441067.055063000,54.230.129.136
629,66,1647441067.055069000,192.168.10.155
630,-15229,1647441067.056413000,54.230.129.136
631,66,1647441067.056438000,192.168.10.155
632,248,1647441067.066315000,192.168.10.155
633,-2819,1647441067.070965000,54.230.129.136
634,66,1647441067.070994000,192.168.10.155
635,-16472,1647441067.072885000,54.230.129.136
636,66,1647441067.072904000,192.168.10.155
637,-31482,1647441067.073008000,54.230.129.136
638,66,1647441067.073015000,192.168.10.155
639,-6304,1647441067.073769000,54.230.129.136
640,66,1647441067.073779000,192.168.10.155
641,162,1647441067.077173000,192.168.10.155
642,-2821,1647441067.081514000,54.230.129.136
643,66,1647441067.081532000,192.168.10.155
644,-2922,1647441067.083757000,54.230.129.136
645,66,1647441067.083770000,192.168.10.155
646,-13616,1647441067.084128000,54.230.129.136
647,66,1647441067.084135000,192.168.10.155
648,-16472,1647441067.084177000,54.230.129.136
649,66,1647441067.084180000,192.168.10.155
650,-19246,1647441067.084216000,54.230.129.136
651,66,1647441067.084220000,192.168.10.155
652,-324,1647441067.105858000,54.184.29.64
653,-135,1647441067.105858000,54.184.29.64
654,66,1647441067.105876000,192.168.10.155
655,66,1647441067.105898000,192.168.10.155
656,-60,1647441067.156115000,52.119.174.17
657,-60,1647441067.158985000,52.119.174.17
658,-2974,1647441067.161106000,52.119.174.17
659,54,1647441067.161131000,192.168.10.155
660,-3047,1647441067.161589000,52.119.174.17
661,54,1647441067.161604000,192.168.10.155
662,243,1647441067.165839000,192.168.10.155
663,507,1647441067.165876000,192.168.10.155
664,180,1647441067.173021000,192.168.10.155
665,104,1647441067.173695000,192.168.10.155
666,-66,1647441067.187798000,54.230.129.136
667,66,1647441067.187831000,192.168.10.155
668,-66,1647441067.271694000,54.184.29.64
669,-104,1647441067.271695000,54.184.29.64
670,66,1647441067.271725000,192.168.10.155
671,-236,1647441067.273872000,54.184.29.64
672,-104,1647441067.273873000,54.184.29.64
673,66,1647441067.273891000,192.168.10.155
674,66,1647441067.273913000,192.168.10.155
675,-105,1647441067.285474000,52.119.174.17
676,54,1647441067.285496000,192.168.10.155
677,524,1647441067.285795000,192.168.10.155
678,-66,1647441067.321960000,54.184.29.64
679,564,1647441067.399457000,192.168.10.155
680,97,1647441067.399926000,192.168.10.155
681,-66,1647441067.402678000,54.230.130.235
682,168,1647441067.404864000,192.168.10.155
683,-2922,1647441067.408620000,54.230.129.136
684,66,1647441067.408655000,192.168.10.155
685,-8427,1647441067.408717000,54.230.129.136
686,66,1647441067.408724000,192.168.10.155
687,188,1647441067.421045000,192.168.10.155
688,-503,1647441067.423550000,52.119.174.17
689,54,1647441067.423577000,192.168.10.155
690,-2816,1647441067.425611000,54.230.129.136
691,-15439,1647441067.425614000,54.230.129.136
692,66,1647441067.425634000,192.168.10.155
693,66,1647441067.425656000,192.168.10.155
694,178,1647441067.453900000,192.168.10.155
695,-66,1647441067.457265000,54.230.1.71
696,-16472,1647441067.461883000,54.230.1.71
697,66,1647441067.461980000,192.168.10.155
698,-25770,1647441067.462236000,54.230.1.71
699,66,1647441067.462264000,192.168.10.155
700,-10062,1647441067.462333000,54.230.1.71
701,66,1647441067.463404000,192.168.10.155
702,66,1647441067.463745000,192.168.10.155
703,-18638,1647441067.465781000,54.230.1.71
704,66,1647441067.465859000,192.168.10.155
705,-10294,1647441067.467254000,54.230.1.71
706,66,1647441067.467264000,192.168.10.155
707,-2682,1647441067.467329000,54.230.1.71
708,-26250,1647441067.467339000,54.230.1.71
709,66,1647441067.467349000,192.168.10.155
710,66,1647441067.467355000,192.168.10.155
711,-4230,1647441067.468974000,54.230.1.71
712,66,1647441067.468981000,192.168.10.155
713,-857,1647441067.558824000,54.230.130.235
714,-97,1647441067.558824000,54.230.130.235
715,66,1647441067.558851000,192.168.10.155
716,66,1647441067.558872000,192.168.10.155
717,157,1647441067.573328000,192.168.10.155
718,158,1647441067.573689000,192.168.10.155
719,-16472,1647441067.578275000,54.230.129.136
720,66,1647441067.578368000,192.168.10.155
721,-950,1647441067.578597000,54.230.129.136
722,-16472,1647441067.578625000,54.230.129.136
723,66,1647441067.578676000,192.168.10.155
724,66,1647441067.578721000,192.168.10.155
725,-771,1647441067.578757000,54.230.129.136
726,66,1647441067.578765000,192.168.10.155
727,214,1647441067.591395000,192.168.10.155
728,-66,1647441067.594572000,54.230.130.235
729,-2922,1647441067.596180000,54.230.130.235
730,66,1647441067.596213000,192.168.10.155
731,-212,1647441067.596927000,54.230.130.235
732,66,1647441067.596958000,192.168.10.155
733,183,1647441067.655690000,192.168.10.155
734,296,1647441067.691803000,192.168.10.155
735,74,1647441067.691862000,192.168.10.155
736,-66,1647441067.703505000,54.230.130.235
737,207,1647441067.705368000,192.168.10.155
738,-66,1647441067.709164000,54.230.1.71
739,-4888,1647441067.709170000,54.230.1.71
740,66,1647441067.709285000,192.168.10.155
741,275,1647441067.717047000,192.168.10.155
742,-74,1647441067.796935000,54.184.29.64
743,-66,1647441067.796938000,54.184.29.64
744,66,1647441067.797029000,192.168.10.155
745,-235,1647441067.800380000,54.184.29.64
746,-104,1647441067.800382000,54.184.29.64
747,66,1647441067.800457000,192.168.10.155
748,66,1647441067.800519000,192.168.10.155
749,583,1647441067.803420000,192.168.10.155
750,351,1647441067.808686000,192.168.10.155
751,-5778,1647441067.815148000,54.230.129.136
752,66,1647441067.815231000,192.168.10.155
753,-10760,1647441067.816010000,54.230.129.136
754,169,1647441067.816026000,192.168.10.155
755,66,1647441067.816072000,192.168.10.155
756,-32878,1647441067.816129000,54.230.129.136
757,66,1647441067.816143000,192.168.10.155
758,-47190,1647441067.816293000,54.230.129.136
759,66,1647441067.816299000,192.168.10.155
760,-2160,1647441067.817173000,54.230.129.136
761,-14034,1647441067.817175000,54.230.129.136
762,66,1647441067.817196000,192.168.10.155
763,66,1647441067.817225000,192.168.10.155
764,-16472,1647441067.820898000,54.230.129.136
765,66,1647441067.820934000,192.168.10.155
766,-17192,1647441067.820968000,54.230.129.136
767,66,1647441067.820972000,192.168.10.155
768,445,1647441067.821698000,192.168.10.155
769,-16472,1647441067.827233000,54.230.129.136
770,66,1647441067.827294000,192.168.10.155
771,-32878,1647441067.827363000,54.230.129.136
772,66,1647441067.827370000,192.168.10.155
773,-21747,1647441067.827387000,54.230.129.136
774,66,1647441067.827391000,192.168.10.155
775,-235,1647441067.827424000,54.184.29.64
776,-104,1647441067.827424000,54.184.29.64
777,66,1647441067.827438000,192.168.10.155
778,66,1647441067.827443000,192.168.10.155
779,178,1647441067.838097000,192.168.10.155
780,-2922,1647441067.842389000,54.230.129.136
781,66,1647441067.842414000,192.168.10.155
782,-12725,1647441067.842484000,54.230.129.136
783,66,1647441067.842489000,192.168.10.155
784,-1460,1647441067.843748000,54.230.130.235
785,-97,1647441067.843750000,54.230.130.235
786,66,1647441067.843780000,192.168.10.155
787,66,1647441067.843811000,192.168.10.155
788,-66,1647441067.908727000,54.184.29.64
789,-2962,1647441067.910812000,54.184.29.64
790,66,1647441067.910827000,192.168.10.155
791,-2615,1647441067.910987000,54.184.29.64
792,66,1647441067.911005000,192.168.10.155
793,192,1647441067.916183000,192.168.10.155
794,149,1647441067.934617000,192.168.10.155
795,149,1647441067.934967000,192.168.10.155
796,165,1647441067.936114000,192.168.10.155
797,-2922,1647441067.938853000,54.230.129.136
798,66,1647441067.938878000,192.168.10.155
799,-3943,1647441067.938916000,54.230.129.136
800,-3620,1647441067.938917000,54.230.129.136
801,66,1647441067.938924000,192.168.10.155
802,66,1647441067.938933000,192.168.10.155
803,-12098,1647441067.940392000,54.230.129.136
804,66,1647441067.940414000,192.168.10.155
805,-324,1647441068.021327000,54.184.29.64
806,-135,1647441068.021328000,54.184.29.64
807,66,1647441068.021352000,192.168.10.155
808,66,1647441068.021371000,192.168.10.155
809,260,1647441068.021949000,192.168.10.155
810,97,1647441068.022372000,192.168.10.155
811,66,1647441068.022391000,192.168.10.155
812,214,1647441068.040165000,192.168.10.155
813,101,1647441068.042308000,192.168.10.155
814,-3524,1647441068.045732000,54.230.129.136
815,-4350,1647441068.045735000,54.230.129.136
816,66,1647441068.045825000,192.168.10.155
817,66,1647441068.045878000,192.168.10.155
818,-6714,1647441068.045942000,54.230.129.136
819,-97,1647441068.045943000,54.230.129.136
820,66,1647441068.045954000,192.168.10.155
821,214,1647441068.046562000,192.168.10.155
822,-66,1647441068.049916000,54.230.129.136
823,215,1647441068.050274000,192.168.10.155
824,101,1647441068.051070000,192.168.10.155
825,-14426,1647441068.051969000,54.230.129.136
826,66,1647441068.051987000,192.168.10.155
827,-97,1647441068.052016000,54.230.129.136
828,-66,1647441068.054200000,54.230.129.136
829,215,1647441068.055925000,192.168.10.155
830,214,1647441068.062272000,192.168.10.155
831,-16202,1647441068.063218000,54.230.129.136
832,66,1647441068.063247000,192.168.10.155
833,-97,1647441068.063265000,54.230.129.136
834,214,1647441068.063798000,192.168.10.155
835,-10773,1647441068.067404000,54.230.129.136
836,66,1647441068.067432000,192.168.10.155
837,-2197,1647441068.067450000,54.230.129.136
838,66,1647441068.067454000,192.168.10.155
839,-2922,1647441068.069522000,54.230.129.136
840,66,1647441068.069547000,192.168.10.155
841,-11830,1647441068.069617000,54.230.129.136
842,66,1647441068.069624000,192.168.10.155
843,-97,1647441068.069635000,54.230.129.136
844,185,1647441068.096041000,192.168.10.155
845,-2972,1647441068.100388000,54.230.1.71
846,-2358,1647441068.100390000,54.230.1.71
847,66,1647441068.100418000,192.168.10.155
848,66,1647441068.100436000,192.168.10.155
849,66,1647441068.111526000,192.168.10.155
850,-104,1647441068.126777000,54.184.29.64
851,-66,1647441068.126778000,54.184.29.64
852,54,1647441068.126813000,192.168.10.155
853,54,1647441068.126834000,192.168.10.155
854,632,1647441068.229678000,192.168.10.155
855,785,1647441068.230134000,192.168.10.155
856,606,1647441068.231046000,192.168.10.155
857,-66,1647441068.232865000,54.230.130.235
858,613,1647441068.237871000,192.168.10.155
859,841,1647441068.238708000,192.168.10.155
860,-66,1647441068.242971000,54.230.130.235
861,74,1647441068.246671000,192.168.10.155
862,149,1647441068.254054000,192.168.10.155
863,74,1647441068.256205000,192.168.10.155
864,-2922,1647441068.259555000,54.230.129.136
865,66,1647441068.259587000,192.168.10.155
866,-2128,1647441068.259621000,54.230.129.136
867,-74,1647441068.259622000,54.239.163.138
868,66,1647441068.259641000,192.168.10.155
869,66,1647441068.259653000,192.168.10.155
870,583,1647441068.263193000,192.168.10.155
871,-66,1647441068.267115000,54.239.163.138
872,-4350,1647441068.269299000,54.239.163.138
873,66,1647441068.269322000,192.168.10.155
874,-1756,1647441068.269850000,54.239.163.138
875,66,1647441068.269855000,192.168.10.155
876,130,1647441068.273566000,192.168.10.155
877,236,1647441068.274073000,192.168.10.155
878,385,1647441068.274092000,192.168.10.155
879,-66,1647441068.276743000,54.239.163.138
880,-66,1647441068.276745000,54.239.163.138
881,-97,1647441068.276745000,54.239.163.138
882,78,1647441068.276781000,192.168.10.155
883,-9753,1647441068.277984000,54.239.163.138
884,78,1647441068.278014000,192.168.10.155
885,-128,1647441068.281150000,54.239.163.138
886,66,1647441068.281185000,192.168.10.155
887,97,1647441068.281268000,192.168.10.155
888,-66,1647441068.284392000,54.239.163.138
889,105,1647441068.299313000,192.168.10.155
890,105,1647441068.299538000,192.168.10.155
891,105,1647441068.299733000,192.168.10.155
892,105,1647441068.299911000,192.168.10.155
893,112,1647441068.300008000,192.168.10.155
894,85,1647441068.300286000,192.168.10.155
895,54,1647441068.300302000,192.168.10.155
896,97,1647441068.300490000,192.168.10.155
897,66,1647441068.300501000,192.168.10.155
898,90,1647441068.300904000,192.168.10.155
899,66,1647441068.300916000,192.168.10.155
900,90,1647441068.301066000,192.168.10.155
901,66,1647441068.301077000,192.168.10.155
902,90,1647441068.301261000,192.168.10.155
903,66,1647441068.301272000,192.168.10.155
904,97,1647441068.301420000,192.168.10.155
905,66,1647441068.301430000,192.168.10.155
906,90,1647441068.301751000,192.168.10.155
907,66,1647441068.301762000,192.168.10.155
908,-66,1647441068.303091000,54.230.130.7
909,-66,1647441068.303092000,54.239.163.138
910,-66,1647441068.303092000,54.230.130.93
911,-66,1647441068.303092000,54.230.1.71
912,-66,1647441068.304151000,54.230.1.71
913,-66,1647441068.304151000,54.230.130.93
914,-66,1647441068.304152000,54.230.129.136
915,-66,1647441068.304152000,54.230.130.7
916,-66,1647441068.304152000,54.230.129.136
917,-66,1647441068.304152000,54.230.129.136
918,-66,1647441068.304152000,54.230.129.136
919,66,1647441068.304172000,192.168.10.155
920,66,1647441068.304193000,192.168.10.155
921,66,1647441068.304218000,192.168.10.155
922,66,1647441068.304229000,192.168.10.155
923,-66,1647441068.304236000,54.230.130.7
924,-66,1647441068.304236000,54.239.163.138
925,66,1647441068.304239000,192.168.10.155
926,66,1647441068.304244000,192.168.10.155
927,74,1647441068.306954000,192.168.10.155
928,74,1647441068.309796000,192.168.10.155
929,-74,1647441068.310308000,54.230.130.235
930,66,1647441068.310339000,192.168.10.155
931,583,1647441068.313410000,192.168.10.155
932,74,1647441068.316752000,192.168.10.155
933,-66,1647441068.317117000,54.230.130.235
934,-1494,1647441068.319679000,54.230.130.235
935,66,1647441068.319712000,192.168.10.155
936,-2922,1647441068.319745000,54.230.130.235
937,66,1647441068.319752000,192.168.10.155
938,-1037,1647441068.321797000,54.230.130.235
939,66,1647441068.321810000,192.168.10.155
940,130,1647441068.325598000,192.168.10.155
941,236,1647441068.325971000,192.168.10.155
942,1452,1647441068.326223000,192.168.10.155
943,-66,1647441068.329153000,54.230.130.235
944,-137,1647441068.329155000,54.230.130.235
945,66,1647441068.329268000,192.168.10.155
946,97,1647441068.329627000,192.168.10.155
947,-66,1647441068.333472000,54.230.130.235
948,-66,1647441068.336705000,54.184.29.64
949,-235,1647441068.338300000,54.184.29.64
950,-104,1647441068.338300000,54.184.29.64
951,66,1647441068.338316000,192.168.10.155
952,66,1647441068.338340000,192.168.10.155
953,-671,1647441068.339166000,54.230.130.235
954,-97,1647441068.339166000,54.230.130.235
955,-235,1647441068.339167000,54.184.29.64
956,-104,1647441068.339167000,54.184.29.64
957,66,1647441068.339194000,192.168.10.155
958,66,1647441068.339219000,192.168.10.155
959,66,1647441068.339225000,192.168.10.155
960,66,1647441068.339230000,192.168.10.155
961,-671,1647441068.346518000,54.230.130.235
962,-97,1647441068.346519000,54.230.130.235
963,66,1647441068.346539000,192.168.10.155
964,66,1647441068.346572000,192.168.10.155
965,105,1647441068.347561000,192.168.10.155
966,-235,1647441068.347762000,54.184.29.64
967,-104,1647441068.347764000,54.184.29.64
968,66,1647441068.347814000,192.168.10.155
969,66,1647441068.347836000,192.168.10.155
970,90,1647441068.348058000,192.168.10.155
971,112,1647441068.349089000,192.168.10.155
972,97,1647441068.349281000,192.168.10.155
973,-66,1647441068.350849000,54.230.130.235
974,66,1647441068.350875000,192.168.10.155
975,-66,1647441068.352967000,52.94.215.173
976,54,1647441068.353005000,192.168.10.155
977,571,1647441068.356867000,192.168.10.155
978,74,1647441068.357653000,192.168.10.155
979,-74,1647441068.361007000,54.230.129.136
980,66,1647441068.361064000,192.168.10.155
981,583,1647441068.364737000,192.168.10.155
982,-66,1647441068.368408000,54.230.129.136
983,-2922,1647441068.368408000,54.230.129.136
984,66,1647441068.368431000,192.168.10.155
985,-1494,1647441068.369623000,54.230.129.136
986,66,1647441068.369651000,192.168.10.155
987,-997,1647441068.371668000,54.230.129.136
988,66,1647441068.371680000,192.168.10.155
989,130,1647441068.374324000,192.168.10.155
990,236,1647441068.374678000,192.168.10.155
991,421,1647441068.374714000,192.168.10.155
992,249,1647441068.374994000,192.168.10.155
993,157,1647441068.375262000,192.168.10.155
994,157,1647441068.375543000,192.168.10.155
995,-66,1647441068.377540000,54.230.129.136
996,-66,1647441068.377541000,54.230.129.136
997,-66,1647441068.377541000,54.230.129.136
998,-5778,1647441068.377564000,54.230.129.136
999,78,1647441068.377614000,192.168.10.155
1000,-10760,1647441068.378863000,54.230.129.136
1001,78,1647441068.378932000,192.168.10.155
1002,-5820,1647441068.379020000,54.230.129.136
1003,-66,1647441068.379020000,54.230.129.136
1004,78,1647441068.379030000,192.168.10.155
1005,-159,1647441068.380561000,54.230.129.136
1006,66,1647441068.380621000,192.168.10.155
1007,97,1647441068.380845000,192.168.10.155
1008,-2801,1647441068.383385000,54.230.129.136
1009,-2800,1647441068.383386000,54.230.129.136
1010,-3140,1647441068.383387000,54.230.129.136
1011,-5778,1647441068.383388000,54.230.129.136
1012,66,1647441068.383407000,192.168.10.155
1013,66,1647441068.383432000,192.168.10.155
1014,-7206,1647441068.383452000,54.230.129.136
1015,66,1647441068.383509000,192.168.10.155
1016,-2922,1647441068.388130000,54.230.129.136
1017,66,1647441068.388147000,192.168.10.155
1018,-17202,1647441068.388570000,54.230.129.136
1019,66,1647441068.388576000,192.168.10.155
1020,-11490,1647441068.388604000,54.230.129.136
1021,66,1647441068.388610000,192.168.10.155
1022,-30054,1647441068.388652000,54.230.129.136
1023,66,1647441068.388658000,192.168.10.155
1024,-1494,1647441068.389447000,54.230.129.136
1025,66,1647441068.389465000,192.168.10.155
1026,-2922,1647441068.391862000,54.230.129.136
1027,66,1647441068.391887000,192.168.10.155
1028,-5778,1647441068.391950000,54.230.129.136
1029,-7663,1647441068.391951000,54.230.129.136
1030,66,1647441068.391959000,192.168.10.155
1031,66,1647441068.391967000,192.168.10.155
1032,-60,1647441068.413567000,52.119.174.17
1033,54,1647441068.413615000,192.168.10.155
1034,74,1647441068.421375000,192.168.10.155
1035,74,1647441068.425244000,192.168.10.155
1036,-74,1647441068.426883000,35.155.188.133
1037,66,1647441068.426915000,192.168.10.155
1038,583,1647441068.429708000,192.168.10.155
1039,-74,1647441068.431763000,35.155.188.133
1040,66,1647441068.431870000,192.168.10.155
1041,583,1647441068.434817000,192.168.10.155
1042,-66,1647441068.455975000,54.184.29.64
1043,-66,1647441068.455975000,54.184.29.64
1044,66,1647441068.456021000,192.168.10.155
1045,-60,1647441068.458111000,52.94.215.173
1046,-60,1647441068.462255000,52.94.215.173
1047,-6090,1647441068.467157000,52.94.215.173
1048,54,1647441068.467182000,192.168.10.155
1049,-843,1647441068.498861000,54.230.130.235
1050,-97,1647441068.498862000,54.230.130.235
1051,66,1647441068.498892000,192.168.10.155
1052,66,1647441068.498919000,192.168.10.155
1053,180,1647441068.502151000,192.168.10.155
1054,-66,1647441068.530854000,52.94.215.173
1055,54,1647441068.530886000,192.168.10.155
1056,571,1647441068.533925000,192.168.10.155
1057,-66,1647441068.540034000,52.94.215.173
1058,-66,1647441068.540035000,35.155.188.133
1059,54,1647441068.540068000,192.168.10.155
1060,-4752,1647441068.546041000,35.155.188.133
1061,66,1647441068.546084000,192.168.10.155
1062,-66,1647441068.556784000,35.155.188.133
1063,192,1647441068.560756000,192.168.10.155
1064,-4752,1647441068.562853000,35.155.188.133
1065,66,1647441068.562901000,192.168.10.155
1066,571,1647441068.564527000,192.168.10.155
1067,192,1647441068.588118000,192.168.10.155
1068,-105,1647441068.607292000,52.94.215.173
1069,54,1647441068.607314000,192.168.10.155
1070,1514,1647441068.607683000,192.168.10.155
1071,1514,1647441068.607695000,192.168.10.155
1072,1514,1647441068.607705000,192.168.10.155
1073,1514,1647441068.607708000,192.168.10.155
1074,1514,1647441068.608193000,192.168.10.155
1075,1514,1647441068.608200000,192.168.10.155
1076,1514,1647441068.608208000,192.168.10.155
1077,1514,1647441068.608210000,192.168.10.155
1078,1514,1647441068.608550000,192.168.10.155
1079,1514,1647441068.608557000,192.168.10.155
1080,74,1647441068.625510000,192.168.10.155
1081,-60,1647441068.636080000,52.94.215.173
1082,-60,1647441068.638306000,52.94.215.173
1083,-6090,1647441068.641325000,52.94.215.173
1084,54,1647441068.641405000,192.168.10.155
1085,180,1647441068.649359000,192.168.10.155
1086,-60,1647441068.658818000,52.94.215.173
1087,74,1647441068.664866000,192.168.10.155
1088,-117,1647441068.673325000,35.155.188.133
1089,66,1647441068.673350000,192.168.10.155
1090,760,1647441068.673675000,192.168.10.155
1091,439,1647441068.676157000,192.168.10.155
1092,-66,1647441068.679385000,54.230.130.235
1093,-60,1647441068.683632000,52.94.215.173
1094,-6090,1647441068.685944000,52.94.215.173
1095,54,1647441068.685965000,192.168.10.155
1096,180,1647441068.693741000,192.168.10.155
1097,-117,1647441068.711008000,35.155.188.133
1098,66,1647441068.711033000,192.168.10.155
1099,-60,1647441068.713133000,52.94.215.173
1100,-60,1647441068.713137000,52.94.215.173
1101,1514,1647441068.713243000,192.168.10.155
1102,1133,1647441068.713281000,192.168.10.155
1103,-74,1647441068.746416000,54.184.29.64
1104,66,1647441068.746450000,192.168.10.155
1105,583,1647441068.752140000,192.168.10.155
1106,-105,1647441068.754659000,52.94.215.173
1107,54,1647441068.754679000,192.168.10.155
1108,1061,1647441068.754963000,192.168.10.155
1109,105,1647441068.763039000,192.168.10.155
1110,97,1647441068.763215000,192.168.10.155
1111,66,1647441068.763226000,192.168.10.155
1112,90,1647441068.763478000,192.168.10.155
1113,-66,1647441068.765989000,54.230.129.136
1114,-66,1647441068.767306000,54.230.129.136
1115,66,1647441068.767321000,192.168.10.155
1116,-66,1647441068.783259000,52.94.215.173
1117,54,1647441068.783292000,192.168.10.155
1118,-436,1647441068.784433000,35.155.188.133
1119,66,1647441068.784456000,192.168.10.155
1120,571,1647441068.786790000,192.168.10.155
1121,-669,1647441068.788979000,54.230.130.235
1122,-97,1647441068.788980000,54.230.130.235
1123,66,1647441068.789002000,192.168.10.155
1124,97,1647441068.789017000,192.168.10.155
1125,66,1647441068.789023000,192.168.10.155
1126,66,1647441068.789039000,192.168.10.155
1127,105,1647441068.789409000,192.168.10.155
1128,90,1647441068.789872000,192.168.10.155
1129,66,1647441068.789897000,192.168.10.155
1130,-66,1647441068.792583000,54.230.130.235
1131,66,1647441068.792605000,192.168.10.155
1132,-105,1647441068.813177000,52.94.215.173
1133,54,1647441068.813204000,192.168.10.155
1134,1514,1647441068.814058000,192.168.10.155
1135,1514,1647441068.814076000,192.168.10.155
1136,1040,1647441068.814426000,192.168.10.155
1137,-60,1647441068.818667000,52.94.215.173
1138,74,1647441068.835842000,192.168.10.155
1139,-659,1647441068.842256000,52.94.215.173
1140,-105,1647441068.842257000,52.94.215.173
1141,54,1647441068.842280000,192.168.10.155
1142,54,1647441068.845956000,192.168.10.155
1143,85,1647441068.846402000,192.168.10.155
1144,54,1647441068.846425000,192.168.10.155
1145,74,1647441068.850958000,192.168.10.155
1146,-74,1647441068.854839000,54.230.130.235
1147,66,1647441068.854867000,192.168.10.155
1148,583,1647441068.866465000,192.168.10.155
1149,66,1647441068.869823000,192.168.10.155
1150,66,1647441068.869933000,192.168.10.155
1151,85,1647441068.870024000,192.168.10.155
1152,54,1647441068.870037000,192.168.10.155
1153,-66,1647441068.870092000,54.230.130.235
1154,-659,1647441068.870093000,52.94.215.173
1155,-105,1647441068.870093000,52.94.215.173
1156,54,1647441068.870117000,192.168.10.155
1157,54,1647441068.870123000,192.168.10.155
1158,-2922,1647441068.870141000,54.230.130.235
1159,54,1647441068.870153000,192.168.10.155
1160,85,1647441068.870268000,192.168.10.155
1161,54,1647441068.870280000,192.168.10.155
1162,-1494,1647441068.870313000,54.230.130.235
1163,54,1647441068.870321000,192.168.10.155
1164,54,1647441068.870445000,192.168.10.155
1165,-1037,1647441068.872550000,54.230.130.235
1166,-66,1647441068.872551000,54.184.29.64
1167,-66,1647441068.872551000,54.230.130.235
1168,54,1647441068.872572000,192.168.10.155
1169,54,1647441068.872598000,192.168.10.155
1170,-2962,1647441068.875967000,54.184.29.64
1171,54,1647441068.875997000,192.168.10.155
1172,-2615,1647441068.876037000,54.184.29.64
1173,54,1647441068.876044000,192.168.10.155
1174,-66,1647441068.884871000,35.155.188.133
1175,66,1647441068.884895000,192.168.10.155
1176,-60,1647441068.901840000,52.94.215.173
1177,-60,1647441068.905542000,52.94.215.173
1178,-66,1647441068.907511000,35.155.188.133
1179,-2974,1647441068.907512000,52.94.215.173
1180,66,1647441068.907528000,192.168.10.155
1181,54,1647441068.907553000,192.168.10.155
1182,-3170,1647441068.907568000,52.94.215.173
1183,54,1647441068.907572000,192.168.10.155
1184,-60,1647441068.932796000,52.94.215.173
1185,-659,1647441068.944879000,52.94.215.173
1186,-105,1647441068.944880000,52.94.215.173
1187,54,1647441068.944914000,192.168.10.155
1188,54,1647441068.944942000,192.168.10.155
1189,-60,1647441068.951243000,52.94.215.173
1190,-60,1647441068.951244000,52.94.215.173
1191,54,1647441068.951280000,192.168.10.155
1192,-74,1647441068.960667000,35.155.188.133
1193,54,1647441068.960682000,192.168.10.155
1194,-60,1647441068.989026000,52.94.215.173
1195,-60,1647441068.989027000,52.94.215.173
1196,54,1647441068.989042000,192.168.10.155
1197,54,1647441068.989056000,192.168.10.155
1198,-66,1647441068.990958000,54.184.29.64
1199,54,1647441068.990963000,192.168.10.155
