index,size,time,ip
0,236,1649326931.508009000,10.11.219.6
1,660,1649326931.508032000,10.11.219.6
2,74,1649326931.508357000,10.11.219.6
3,74,1649326931.508430000,10.11.219.6
4,97,1649326931.508465000,10.11.219.6
5,-66,1649326931.511349000,18.65.110.227
6,-66,1649326931.511368000,18.65.110.227
7,-97,1649326931.511370000,18.65.110.227
8,66,1649326931.511379000,10.11.219.6
9,-66,1649326931.511404000,18.65.110.227
10,-74,1649326931.511409000,13.224.141.10
11,66,1649326931.511444000,10.11.219.6
12,-74,1649326931.511453000,18.65.116.118
13,66,1649326931.511471000,10.11.219.6
14,284,1649326931.511751000,10.11.219.6
15,-66,1649326931.514485000,18.65.116.118
16,583,1649326931.515406000,10.11.219.6
17,-2802,1649326931.517146000,18.65.116.118
18,66,1649326931.517163000,10.11.219.6
19,-1242,1649326931.517847000,18.65.116.118
20,66,1649326931.517864000,10.11.219.6
21,-66,1649326931.518975000,13.224.141.10
22,-2802,1649326931.518988000,13.224.141.10
23,66,1649326931.518996000,10.11.219.6
24,159,1649326931.519863000,10.11.219.6
25,-1328,1649326931.521006000,13.224.141.10
26,66,1649326931.521021000,10.11.219.6
27,130,1649326931.524168000,10.11.219.6
28,499,1649326931.524296000,10.11.219.6
29,-66,1649326931.527436000,18.65.116.118
30,-237,1649326931.527445000,18.65.116.118
31,66,1649326931.527450000,10.11.219.6
32,-66,1649326931.527457000,13.224.141.10
33,-66,1649326931.527461000,13.224.141.10
34,-610,1649326931.527464000,13.224.141.10
35,66,1649326931.527467000,10.11.219.6
36,90,1649326931.527608000,10.11.219.6
37,66,1649326931.527623000,10.11.219.6
38,526,1649326931.527941000,10.11.219.6
39,-90,1649326931.528648000,13.224.141.10
40,54,1649326931.528662000,10.11.219.6
41,74,1649326931.529477000,10.11.219.6
42,-66,1649326931.530532000,18.65.116.118
43,-74,1649326931.532682000,13.224.141.10
44,66,1649326931.532715000,10.11.219.6
45,583,1649326931.534920000,10.11.219.6
46,-66,1649326931.538046000,13.224.141.10
47,-2802,1649326931.539342000,13.224.141.10
48,66,1649326931.539348000,10.11.219.6
49,-1328,1649326931.540319000,13.224.141.10
50,66,1649326931.540330000,10.11.219.6
51,130,1649326931.544340000,10.11.219.6
52,500,1649326931.544547000,10.11.219.6
53,-66,1649326931.546675000,13.224.141.10
54,-66,1649326931.547822000,13.224.141.10
55,-610,1649326931.547836000,13.224.141.10
56,66,1649326931.547847000,10.11.219.6
57,-90,1649326931.547887000,13.224.141.10
58,90,1649326931.548265000,10.11.219.6
59,66,1649326931.548300000,10.11.219.6
60,74,1649326931.550910000,10.11.219.6
61,-54,1649326931.550949000,13.224.141.10
62,-74,1649326931.554179000,13.224.141.10
63,66,1649326931.554196000,10.11.219.6
64,583,1649326931.556754000,10.11.219.6
65,-66,1649326931.559543000,13.224.141.10
66,-2802,1649326931.560801000,13.224.141.10
67,66,1649326931.560812000,10.11.219.6
68,-1328,1649326931.562817000,13.224.141.10
69,66,1649326931.562846000,10.11.219.6
70,130,1649326931.567049000,10.11.219.6
71,494,1649326931.567274000,10.11.219.6
72,-66,1649326931.570211000,13.224.141.10
73,-66,1649326931.570222000,13.224.141.10
74,-5538,1649326931.571958000,13.224.141.10
75,66,1649326931.571975000,10.11.219.6
76,-366,1649326931.572002000,13.224.141.10
77,78,1649326931.572013000,10.11.219.6
78,-1434,1649326931.572017000,13.224.141.10
79,66,1649326931.572022000,10.11.219.6
80,-90,1649326931.572025000,13.224.141.10
81,90,1649326931.572399000,10.11.219.6
82,66,1649326931.572431000,10.11.219.6
83,-54,1649326931.574630000,13.224.141.10
84,74,1649326931.574700000,10.11.219.6
85,-74,1649326931.577860000,13.224.141.10
86,66,1649326931.577905000,10.11.219.6
87,583,1649326931.582916000,10.11.219.6
88,-66,1649326931.586538000,13.224.141.10
89,-2802,1649326931.586547000,13.224.141.10
90,66,1649326931.586553000,10.11.219.6
91,-1328,1649326931.588555000,13.224.141.10
92,66,1649326931.588580000,10.11.219.6
93,130,1649326931.591175000,10.11.219.6
94,495,1649326931.591315000,10.11.219.6
95,-66,1649326931.593815000,13.224.141.10
96,-66,1649326931.593824000,13.224.141.10
97,-642,1649326931.594952000,13.224.141.10
98,66,1649326931.594958000,10.11.219.6
99,-90,1649326931.594971000,13.224.141.10
100,90,1649326931.595123000,10.11.219.6
101,66,1649326931.595138000,10.11.219.6
102,-54,1649326931.598121000,13.224.141.10
103,74,1649326931.598592000,10.11.219.6
104,-74,1649326931.601328000,13.224.141.10
105,66,1649326931.601364000,10.11.219.6
106,583,1649326931.605374000,10.11.219.6
107,-66,1649326931.609113000,13.224.141.10
108,-2802,1649326931.609125000,13.224.141.10
109,66,1649326931.609134000,10.11.219.6
110,-1328,1649326931.611125000,13.224.141.10
111,66,1649326931.611148000,10.11.219.6
112,130,1649326931.615244000,10.11.219.6
113,500,1649326931.615459000,10.11.219.6
114,-66,1649326931.618499000,13.224.141.10
115,-66,1649326931.618511000,13.224.141.10
116,-11010,1649326931.621361000,13.224.141.10
117,66,1649326931.621386000,10.11.219.6
118,-5528,1649326931.623667000,13.224.141.10
119,66,1649326931.623684000,10.11.219.6
120,-11010,1649326931.623711000,13.224.141.10
121,66,1649326931.623715000,10.11.219.6
122,-8274,1649326931.623777000,13.224.141.10
123,66,1649326931.623802000,10.11.219.6
124,-2802,1649326931.624173000,13.224.141.10
125,66,1649326931.624186000,10.11.219.6
126,-12378,1649326931.628612000,13.224.141.10
127,66,1649326931.628636000,10.11.219.6
128,-9642,1649326931.630726000,13.224.141.10
129,66,1649326931.630747000,10.11.219.6
130,-9642,1649326931.630780000,13.224.141.10
131,66,1649326931.630788000,10.11.219.6
132,-2802,1649326931.630832000,13.224.141.10
133,66,1649326931.630845000,10.11.219.6
134,-210,1649326931.630859000,13.224.141.10
135,-1434,1649326931.630863000,13.224.141.10
136,78,1649326931.630888000,10.11.219.6
137,66,1649326931.630929000,10.11.219.6
138,90,1649326931.631329000,10.11.219.6
139,66,1649326931.631372000,10.11.219.6
140,-54,1649326931.633789000,13.224.141.10
141,74,1649326931.634666000,10.11.219.6
142,-74,1649326931.638071000,13.224.141.10
143,66,1649326931.638090000,10.11.219.6
144,583,1649326931.640900000,10.11.219.6
145,-66,1649326931.644755000,13.224.141.10
146,-2802,1649326931.644767000,13.224.141.10
147,66,1649326931.644775000,10.11.219.6
148,-1328,1649326931.646761000,13.224.141.10
149,66,1649326931.646786000,10.11.219.6
150,130,1649326931.650382000,10.11.219.6
151,501,1649326931.650617000,10.11.219.6
152,-66,1649326931.653357000,13.224.141.10
153,-66,1649326931.653372000,13.224.141.10
154,-675,1649326931.654278000,13.224.141.10
155,66,1649326931.654292000,10.11.219.6
156,-90,1649326931.654315000,13.224.141.10
157,90,1649326931.654669000,10.11.219.6
158,66,1649326931.654700000,10.11.219.6
159,74,1649326931.656772000,10.11.219.6
160,-54,1649326931.657428000,13.224.141.10
161,-74,1649326931.659572000,13.224.141.10
162,66,1649326931.659599000,10.11.219.6
163,583,1649326931.663146000,10.11.219.6
164,-66,1649326931.665969000,13.224.141.10
165,-2802,1649326931.667319000,13.224.141.10
166,66,1649326931.667334000,10.11.219.6
167,-1328,1649326931.669285000,13.224.141.10
168,66,1649326931.669299000,10.11.219.6
169,130,1649326931.672882000,10.11.219.6
170,508,1649326931.673056000,10.11.219.6
171,-1037,1649326931.675700000,18.65.116.118
172,66,1649326931.675715000,10.11.219.6
173,-66,1649326931.675739000,13.224.141.10
174,-66,1649326931.675745000,13.224.141.10
175,-4102,1649326931.677033000,13.224.141.10
176,66,1649326931.677048000,10.11.219.6
177,-90,1649326931.677070000,13.224.141.10
178,90,1649326931.677312000,10.11.219.6
179,66,1649326931.677339000,10.11.219.6
180,-54,1649326931.679920000,13.224.141.10
181,74,1649326931.681298000,10.11.219.6
182,-74,1649326931.684230000,13.224.141.10
183,66,1649326931.684278000,10.11.219.6
184,549,1649326931.684422000,10.11.219.6
185,583,1649326931.686356000,10.11.219.6
186,-1204,1649326931.687514000,18.65.110.227
187,66,1649326931.687521000,10.11.219.6
188,-66,1649326931.687531000,18.65.116.118
189,-3794,1649326931.688806000,18.65.116.118
190,66,1649326931.688854000,10.11.219.6
191,-66,1649326931.689549000,13.224.141.10
192,-2802,1649326931.690849000,13.224.141.10
193,66,1649326931.690860000,10.11.219.6
194,-1328,1649326931.691789000,13.224.141.10
195,66,1649326931.691800000,10.11.219.6
196,130,1649326931.694488000,10.11.219.6
197,506,1649326931.694715000,10.11.219.6
198,-5538,1649326931.695770000,18.65.110.227
199,66,1649326931.695785000,10.11.219.6
200,-2802,1649326931.696583000,18.65.110.227
201,66,1649326931.696604000,10.11.219.6
202,-1434,1649326931.696634000,18.65.110.227
203,66,1649326931.696641000,10.11.219.6
204,-643,1649326931.696652000,18.65.110.227
205,78,1649326931.696658000,10.11.219.6
206,-1434,1649326931.696664000,18.65.110.227
207,66,1649326931.696670000,10.11.219.6
208,-66,1649326931.697092000,13.224.141.10
209,-66,1649326931.697102000,13.224.141.10
210,-1434,1649326931.697938000,13.224.141.10
211,66,1649326931.697957000,10.11.219.6
212,-86,1649326931.697982000,13.224.141.10
213,78,1649326931.697989000,10.11.219.6
214,-1434,1649326931.697994000,13.224.141.10
215,66,1649326931.698002000,10.11.219.6
216,-90,1649326931.698005000,13.224.141.10
217,90,1649326931.698342000,10.11.219.6
218,66,1649326931.698363000,10.11.219.6
219,-54,1649326931.701896000,13.224.141.10
220,74,1649326931.712027000,10.11.219.6
221,-74,1649326931.715037000,13.224.141.10
222,66,1649326931.715072000,10.11.219.6
223,583,1649326931.721323000,10.11.219.6
224,-66,1649326931.724667000,13.224.141.10
225,-2802,1649326931.725968000,13.224.141.10
226,66,1649326931.725983000,10.11.219.6
227,-1328,1649326931.727947000,13.224.141.10
228,66,1649326931.727964000,10.11.219.6
229,130,1649326931.732272000,10.11.219.6
230,518,1649326931.732468000,10.11.219.6
231,-66,1649326931.736575000,13.224.141.10
232,-66,1649326931.736589000,13.224.141.10
233,-996,1649326931.736593000,13.224.141.10
234,66,1649326931.736602000,10.11.219.6
235,-90,1649326931.736623000,13.224.141.10
236,90,1649326931.736829000,10.11.219.6
237,66,1649326931.736843000,10.11.219.6
238,-54,1649326931.740769000,13.224.141.10
239,74,1649326931.760749000,10.11.219.6
240,74,1649326931.761508000,10.11.219.6
241,74,1649326931.762643000,10.11.219.6
242,74,1649326931.762760000,10.11.219.6
243,-74,1649326931.764418000,18.65.116.40
244,66,1649326931.764515000,10.11.219.6
245,-74,1649326931.764561000,18.65.156.210
246,66,1649326931.764580000,10.11.219.6
247,583,1649326931.765252000,10.11.219.6
248,-74,1649326931.766444000,13.224.141.10
249,66,1649326931.766479000,10.11.219.6
250,-74,1649326931.766496000,18.65.156.210
251,66,1649326931.766504000,10.11.219.6
252,583,1649326931.767611000,10.11.219.6
253,-66,1649326931.768590000,18.65.116.40
254,-222,1649326931.768600000,18.65.116.40
255,66,1649326931.768606000,10.11.219.6
256,583,1649326931.769703000,10.11.219.6
257,-66,1649326931.770688000,18.65.156.210
258,583,1649326931.771599000,10.11.219.6
259,547,1649326931.771767000,10.11.219.6
260,117,1649326931.772013000,10.11.219.6
261,243,1649326931.772172000,10.11.219.6
262,-4170,1649326931.773344000,18.65.156.210
263,66,1649326931.773364000,10.11.219.6
264,-1177,1649326931.773376000,18.65.156.210
265,66,1649326931.773380000,10.11.219.6
266,-66,1649326931.773383000,13.224.141.10
267,130,1649326931.776651000,10.11.219.6
268,236,1649326931.776842000,10.11.219.6
269,547,1649326931.776966000,10.11.219.6
270,684,1649326931.777336000,10.11.219.6
271,-2802,1649326931.779774000,13.224.141.10
272,66,1649326931.779790000,10.11.219.6
273,-66,1649326931.779812000,18.65.116.118
274,-66,1649326931.779822000,18.65.116.40
275,-135,1649326931.779826000,18.65.116.40
276,66,1649326931.779829000,10.11.219.6
277,-66,1649326931.779835000,18.65.156.210
278,-66,1649326931.779839000,18.65.116.40
279,-1069,1649326931.779841000,18.65.116.118
280,-104,1649326931.779876000,18.65.116.40
281,66,1649326931.779880000,10.11.219.6
282,-1328,1649326931.779885000,13.224.141.10
283,66,1649326931.779889000,10.11.219.6
284,-4170,1649326931.779893000,18.65.156.210
285,66,1649326931.779897000,10.11.219.6
286,-1177,1649326931.779901000,18.65.156.210
287,66,1649326931.779904000,10.11.219.6
288,-66,1649326931.779907000,18.65.156.210
289,-128,1649326931.779910000,18.65.156.210
290,66,1649326931.779913000,10.11.219.6
291,-66,1649326931.779925000,18.65.156.210
292,-66,1649326931.779928000,18.65.156.210
293,-97,1649326931.779930000,18.65.156.210
294,66,1649326931.779933000,10.11.219.6
295,-5538,1649326931.781958000,18.65.156.210
296,66,1649326931.781983000,10.11.219.6
297,-11000,1649326931.782121000,18.65.156.210
298,66,1649326931.782162000,10.11.219.6
299,-8274,1649326931.782286000,18.65.156.210
300,66,1649326931.782312000,10.11.219.6
301,-8264,1649326931.783545000,18.65.156.210
302,66,1649326931.783597000,10.11.219.6
303,-4170,1649326931.783641000,18.65.156.210
304,66,1649326931.783649000,10.11.219.6
305,-66,1649326931.783666000,18.65.156.210
306,104,1649326931.784236000,10.11.219.6
307,97,1649326931.784400000,10.11.219.6
308,-2802,1649326931.785260000,18.65.156.210
309,66,1649326931.785276000,10.11.219.6
310,-2802,1649326931.788469000,18.65.156.210
311,66,1649326931.788485000,10.11.219.6
312,-11010,1649326931.788623000,18.65.156.210
313,66,1649326931.788627000,10.11.219.6
314,-11010,1649326931.788659000,18.65.156.210
315,66,1649326931.788661000,10.11.219.6
316,-4170,1649326931.789928000,18.65.156.210
317,66,1649326931.789946000,10.11.219.6
318,-66,1649326931.789964000,18.65.116.40
319,-6508,1649326931.789971000,18.65.156.210
320,66,1649326931.789974000,10.11.219.6
321,-66,1649326931.789984000,18.65.156.210
322,130,1649326931.790427000,10.11.219.6
323,518,1649326931.791046000,10.11.219.6
324,130,1649326931.792200000,10.11.219.6
325,253,1649326931.792536000,10.11.219.6
326,-66,1649326931.794325000,13.224.141.10
327,-2802,1649326931.794338000,18.65.110.227
328,66,1649326931.794353000,10.11.219.6
329,-369,1649326931.794370000,18.65.110.227
330,78,1649326931.794374000,10.11.219.6
331,-1434,1649326931.794377000,18.65.110.227
332,66,1649326931.794380000,10.11.219.6
333,-8274,1649326931.794384000,18.65.110.227
334,66,1649326931.794431000,10.11.219.6
335,-66,1649326931.796194000,13.224.141.10
336,-675,1649326931.796210000,13.224.141.10
337,66,1649326931.796220000,10.11.219.6
338,-8264,1649326931.796241000,18.65.110.227
339,66,1649326931.796246000,10.11.219.6
340,-90,1649326931.796262000,13.224.141.10
341,-66,1649326931.796267000,18.65.156.210
342,-128,1649326931.796275000,18.65.156.210
343,66,1649326931.796278000,10.11.219.6
344,-66,1649326931.796281000,18.65.156.210
345,-97,1649326931.796284000,18.65.156.210
346,66,1649326931.796287000,10.11.219.6
347,-92,1649326931.796290000,18.65.110.227
348,66,1649326931.796415000,10.11.219.6
349,90,1649326931.796649000,10.11.219.6
350,66,1649326931.796669000,10.11.219.6
351,90,1649326931.796890000,10.11.219.6
352,66,1649326931.796903000,10.11.219.6
353,570,1649326931.798033000,10.11.219.6
354,-66,1649326931.799848000,18.65.156.210
355,-66,1649326931.799924000,18.65.156.210
356,66,1649326931.799949000,10.11.219.6
357,-54,1649326931.799983000,13.224.141.10
358,-468,1649326931.800939000,18.65.116.118
359,78,1649326931.800958000,10.11.219.6
360,-1434,1649326931.800975000,18.65.116.118
361,66,1649326931.800984000,10.11.219.6
362,538,1649326931.805468000,10.11.219.6
363,74,1649326931.805889000,10.11.219.6
364,74,1649326931.806146000,10.11.219.6
365,74,1649326931.809304000,10.11.219.6
366,-74,1649326931.809377000,13.224.141.10
367,66,1649326931.809406000,10.11.219.6
368,-1060,1649326931.809416000,18.65.116.118
369,74,1649326931.809418000,10.11.219.6
370,-74,1649326931.809422000,18.65.116.118
371,66,1649326931.809429000,10.11.219.6
372,583,1649326931.809813000,10.11.219.6
373,-74,1649326931.812604000,18.65.156.210
374,66,1649326931.812631000,10.11.219.6
375,-74,1649326931.812647000,18.65.156.210
376,66,1649326931.812654000,10.11.219.6
377,-66,1649326931.812657000,18.65.116.118
378,-213,1649326931.813659000,18.65.116.118
379,66,1649326931.813671000,10.11.219.6
380,583,1649326931.815107000,10.11.219.6
381,117,1649326931.815728000,10.11.219.6
382,-66,1649326931.819218000,13.224.141.10
383,-66,1649326931.819230000,18.65.116.118
384,-2802,1649326931.819233000,13.224.141.10
385,66,1649326931.819241000,10.11.219.6
386,583,1649326931.819503000,10.11.219.6
387,-1328,1649326931.820384000,13.224.141.10
388,66,1649326931.820396000,10.11.219.6
389,-66,1649326931.822481000,18.65.156.210
390,583,1649326931.823644000,10.11.219.6
391,74,1649326931.824008000,10.11.219.6
392,176,1649326931.824189000,10.11.219.6
393,210,1649326931.824745000,10.11.219.6
394,168,1649326931.825059000,10.11.219.6
395,164,1649326931.825337000,10.11.219.6
396,259,1649326931.825507000,10.11.219.6
397,262,1649326931.825735000,10.11.219.6
398,-4170,1649326931.827026000,18.65.156.210
399,66,1649326931.827047000,10.11.219.6
400,-1177,1649326931.827064000,18.65.156.210
401,66,1649326931.827068000,10.11.219.6
402,-6902,1649326931.827073000,18.65.110.227
403,74,1649326931.827461000,10.11.219.6
404,74,1649326931.827552000,10.11.219.6
405,74,1649326931.827635000,10.11.219.6
406,-66,1649326931.827776000,18.65.156.210
407,-66,1649326931.827788000,18.65.156.210
408,-4170,1649326931.827796000,18.65.156.210
409,66,1649326931.827802000,10.11.219.6
410,-74,1649326931.827809000,18.65.156.210
411,66,1649326931.827820000,10.11.219.6
412,66,1649326931.827942000,10.11.219.6
413,166,1649326931.828084000,10.11.219.6
414,-8274,1649326931.832675000,18.65.156.210
415,66,1649326931.832698000,10.11.219.6
416,-8264,1649326931.832825000,18.65.156.210
417,66,1649326931.832831000,10.11.219.6
418,-11010,1649326931.832838000,18.65.156.210
419,66,1649326931.832842000,10.11.219.6
420,-2802,1649326931.834906000,18.65.156.210
421,66,1649326931.834920000,10.11.219.6
422,-2792,1649326931.835065000,18.65.156.210
423,66,1649326931.835070000,10.11.219.6
424,-1434,1649326931.835078000,18.65.156.210
425,-66,1649326931.835085000,18.65.156.210
426,-1434,1649326931.835087000,18.65.156.210
427,66,1649326931.835091000,10.11.219.6
428,-143,1649326931.835094000,18.65.156.210
429,78,1649326931.835098000,10.11.219.6
430,-1434,1649326931.835101000,18.65.156.210
431,66,1649326931.835104000,10.11.219.6
432,-880,1649326931.835106000,18.65.156.210
433,78,1649326931.835108000,10.11.219.6
434,-1177,1649326931.835143000,18.65.156.210
435,66,1649326931.835146000,10.11.219.6
436,-1434,1649326931.835150000,18.65.156.210
437,66,1649326931.835154000,10.11.219.6
438,-1655,1649326931.835157000,18.65.156.210
439,66,1649326931.835160000,10.11.219.6
440,-8923,1649326931.835164000,18.65.156.210
441,66,1649326931.835169000,10.11.219.6
442,-1434,1649326931.835176000,18.65.156.210
443,-2802,1649326931.837284000,18.65.156.210
444,66,1649326931.837297000,10.11.219.6
445,-8274,1649326931.837437000,18.65.156.210
446,66,1649326931.837448000,10.11.219.6
447,-348,1649326931.837455000,18.65.156.210
448,78,1649326931.837471000,10.11.219.6
449,-1434,1649326931.837475000,18.65.156.210
450,66,1649326931.837479000,10.11.219.6
451,-66,1649326931.837508000,18.65.156.210
452,-11010,1649326931.837518000,18.65.156.210
453,66,1649326931.837522000,10.11.219.6
454,211,1649326931.838234000,10.11.219.6
455,-2802,1649326931.839223000,18.65.156.210
456,66,1649326931.839241000,10.11.219.6
457,-1424,1649326931.839257000,18.65.156.210
458,78,1649326931.839264000,10.11.219.6
459,-1434,1649326931.839267000,18.65.156.210
460,66,1649326931.839271000,10.11.219.6
461,-16472,1649326931.839691000,18.65.156.210
462,66,1649326931.839702000,10.11.219.6
463,-2802,1649326931.839723000,18.65.156.210
464,66,1649326931.839727000,10.11.219.6
465,-13746,1649326931.841664000,18.65.156.210
466,66,1649326931.841682000,10.11.219.6
467,-74,1649326931.841710000,18.65.156.210
468,66,1649326931.841730000,10.11.219.6
469,-74,1649326931.841737000,18.65.156.210
470,66,1649326931.841744000,10.11.219.6
471,-74,1649326931.841747000,18.65.156.210
472,66,1649326931.841752000,10.11.219.6
473,-66,1649326931.841755000,18.65.156.210
474,583,1649326931.841774000,10.11.219.6
475,74,1649326931.841935000,10.11.219.6
476,561,1649326931.842343000,10.11.219.6
477,-5538,1649326931.844358000,18.65.156.210
478,66,1649326931.844373000,10.11.219.6
479,-11010,1649326931.844459000,18.65.156.210
480,66,1649326931.844464000,10.11.219.6
481,-2802,1649326931.844483000,18.65.156.210
482,66,1649326931.844487000,10.11.219.6
483,583,1649326931.845011000,10.11.219.6
484,-2802,1649326931.846342000,18.65.156.210
485,66,1649326931.846362000,10.11.219.6
486,-21954,1649326931.846782000,18.65.156.210
487,66,1649326931.846793000,10.11.219.6
488,583,1649326931.847623000,10.11.219.6
489,-4170,1649326931.849707000,18.65.156.210
490,66,1649326931.849727000,10.11.219.6
491,-16482,1649326931.849745000,18.65.156.210
492,66,1649326931.849749000,10.11.219.6
493,-4170,1649326931.849767000,18.65.156.210
494,66,1649326931.849770000,10.11.219.6
495,583,1649326931.850036000,10.11.219.6
496,-11010,1649326931.850744000,18.65.156.210
497,66,1649326931.850785000,10.11.219.6
498,130,1649326931.854877000,10.11.219.6
499,-16482,1649326931.855126000,18.65.156.210
500,66,1649326931.855141000,10.11.219.6
501,-2802,1649326931.855165000,18.65.156.210
502,66,1649326931.855169000,10.11.219.6
503,-130,1649326931.855173000,18.65.156.210
504,78,1649326931.855180000,10.11.219.6
505,-1434,1649326931.855591000,18.65.156.210
506,66,1649326931.855603000,10.11.219.6
507,-66,1649326931.855616000,18.65.156.210
508,-6906,1649326931.855622000,18.65.156.210
509,66,1649326931.855625000,10.11.219.6
510,130,1649326931.855997000,10.11.219.6
511,517,1649326931.856503000,10.11.219.6
512,236,1649326931.857841000,10.11.219.6
513,378,1649326931.857876000,10.11.219.6
514,-2802,1649326931.858034000,18.65.156.210
515,66,1649326931.858049000,10.11.219.6
516,-373,1649326931.858064000,18.65.156.210
517,78,1649326931.858073000,10.11.219.6
518,-66,1649326931.858077000,18.65.156.210
519,-83,1649326931.858085000,18.65.116.118
520,78,1649326931.858091000,10.11.219.6
521,-4170,1649326931.858096000,18.65.156.210
522,66,1649326931.858101000,10.11.219.6
523,-1177,1649326931.858130000,18.65.156.210
524,66,1649326931.858139000,10.11.219.6
525,-66,1649326931.858143000,18.65.156.210
526,-4170,1649326931.858148000,18.65.156.210
527,66,1649326931.858151000,10.11.219.6
528,-1177,1649326931.858154000,18.65.156.210
529,66,1649326931.858157000,10.11.219.6
530,-66,1649326931.858160000,18.65.156.210
531,-66,1649326931.858163000,18.65.156.210
532,-1434,1649326931.858171000,18.65.156.210
533,66,1649326931.858175000,10.11.219.6
534,-1434,1649326931.858179000,18.65.116.118
535,66,1649326931.858183000,10.11.219.6
536,-4170,1649326931.859672000,18.65.156.210
537,66,1649326931.859698000,10.11.219.6
538,-4170,1649326931.859725000,18.65.156.210
539,66,1649326931.859732000,10.11.219.6
540,-1177,1649326931.859737000,18.65.156.210
541,66,1649326931.859741000,10.11.219.6
542,-1177,1649326931.859745000,18.65.156.210
543,66,1649326931.859750000,10.11.219.6
544,-66,1649326931.859762000,13.224.141.10
545,-66,1649326931.859769000,18.65.156.210
546,-128,1649326931.859772000,18.65.156.210
547,66,1649326931.859775000,10.11.219.6
548,-66,1649326931.860545000,18.65.156.210
549,-66,1649326931.860562000,18.65.156.210
550,-97,1649326931.860565000,18.65.156.210
551,66,1649326931.860574000,10.11.219.6
552,-66,1649326931.860595000,13.224.141.10
553,97,1649326931.861270000,10.11.219.6
554,-11010,1649326931.864079000,18.65.156.210
555,66,1649326931.864157000,10.11.219.6
556,-5528,1649326931.864343000,18.65.156.210
557,66,1649326931.864368000,10.11.219.6
558,-5538,1649326931.864393000,18.65.156.210
559,66,1649326931.864407000,10.11.219.6
560,-11000,1649326931.865983000,18.65.156.210
561,66,1649326931.866009000,10.11.219.6
562,-772,1649326931.866061000,13.224.141.10
563,66,1649326931.866067000,10.11.219.6
564,-90,1649326931.866073000,13.224.141.10
565,-4170,1649326931.866079000,18.65.156.210
566,66,1649326931.866083000,10.11.219.6
567,-2802,1649326931.866088000,18.65.156.210
568,66,1649326931.866092000,10.11.219.6
569,-66,1649326931.866095000,18.65.156.210
570,-2802,1649326931.869722000,18.65.156.210
571,66,1649326931.869739000,10.11.219.6
572,-19218,1649326931.869876000,18.65.156.210
573,-2802,1649326931.871541000,18.65.156.210
574,-532,1649326931.871548000,18.65.156.210
575,78,1649326931.871558000,10.11.219.6
576,-1434,1649326931.871569000,18.65.156.210
577,66,1649326931.871574000,10.11.219.6
578,130,1649326931.875238000,10.11.219.6
579,198,1649326931.876089000,10.11.219.6
580,66,1649326931.876429000,10.11.219.6
581,90,1649326931.877046000,10.11.219.6
582,66,1649326931.877071000,10.11.219.6
583,253,1649326931.877198000,10.11.219.6
584,162,1649326931.877638000,10.11.219.6
585,-66,1649326931.878199000,18.65.156.210
586,-128,1649326931.878219000,18.65.156.210
587,66,1649326931.878232000,10.11.219.6
588,-66,1649326931.878249000,18.65.156.210
589,-2802,1649326931.879500000,18.65.156.210
590,66,1649326931.879521000,10.11.219.6
591,-845,1649326931.879544000,18.65.156.210
592,78,1649326931.879555000,10.11.219.6
593,-1434,1649326931.879562000,18.65.156.210
594,66,1649326931.879568000,10.11.219.6
595,90,1649326931.881474000,10.11.219.6
596,66,1649326931.881508000,10.11.219.6
597,-54,1649326931.881538000,13.224.141.10
598,-66,1649326931.881559000,18.65.156.210
599,-97,1649326931.881566000,18.65.156.210
600,54,1649326931.881578000,10.11.219.6
601,-66,1649326931.881587000,18.65.156.210
602,-16472,1649326931.881594000,18.65.156.210
603,66,1649326931.881608000,10.11.219.6
604,-11010,1649326931.884123000,18.65.156.210
605,66,1649326931.884177000,10.11.219.6
606,-9642,1649326931.884283000,18.65.156.210
607,66,1649326931.885259000,10.11.219.6
608,-11010,1649326931.885360000,18.65.156.210
609,66,1649326931.885374000,10.11.219.6
610,-249,1649326931.885385000,18.65.156.210
611,66,1649326931.885388000,10.11.219.6
612,130,1649326931.888865000,10.11.219.6
613,130,1649326931.889175000,10.11.219.6
614,130,1649326931.890089000,10.11.219.6
615,-9642,1649326931.891614000,18.65.110.227
616,66,1649326931.891637000,10.11.219.6
617,-66,1649326931.891652000,18.65.156.210
618,253,1649326931.891884000,10.11.219.6
619,-128,1649326931.892742000,18.65.156.210
620,66,1649326931.892757000,10.11.219.6
621,-6896,1649326931.892772000,18.65.110.227
622,66,1649326931.892777000,10.11.219.6
623,-66,1649326931.892780000,18.65.156.210
624,-128,1649326931.892787000,18.65.156.210
625,66,1649326931.892789000,10.11.219.6
626,-4170,1649326931.892810000,18.65.110.227
627,66,1649326931.892813000,10.11.219.6
628,-2802,1649326931.894470000,18.65.110.227
629,66,1649326931.894487000,10.11.219.6
630,-451,1649326931.894501000,18.65.110.227
631,78,1649326931.894506000,10.11.219.6
632,-66,1649326931.894508000,18.65.156.210
633,-1434,1649326931.894514000,18.65.110.227
634,66,1649326931.894517000,10.11.219.6
635,-9642,1649326931.894520000,18.65.110.227
636,-128,1649326931.894528000,18.65.156.210
637,66,1649326931.894530000,10.11.219.6
638,-9642,1649326931.896456000,18.65.110.227
639,-1434,1649326931.896471000,18.65.110.227
640,-280,1649326931.896480000,18.65.110.227
641,78,1649326931.896514000,10.11.219.6
642,-66,1649326931.896572000,18.65.156.210
643,-97,1649326931.896598000,18.65.156.210
644,66,1649326931.896618000,10.11.219.6
645,-1434,1649326931.896631000,18.65.110.227
646,66,1649326931.896640000,10.11.219.6
647,253,1649326931.900735000,10.11.219.6
648,253,1649326931.900826000,10.11.219.6
649,90,1649326931.901521000,10.11.219.6
650,66,1649326931.901542000,10.11.219.6
651,130,1649326931.901902000,10.11.219.6
652,90,1649326931.902128000,10.11.219.6
653,66,1649326931.902143000,10.11.219.6
654,90,1649326931.902206000,10.11.219.6
655,66,1649326931.902218000,10.11.219.6
656,253,1649326931.902438000,10.11.219.6
657,-66,1649326931.903911000,18.65.156.210
658,-97,1649326931.903922000,18.65.156.210
659,54,1649326931.903938000,10.11.219.6
660,-66,1649326931.903953000,18.65.156.210
661,-97,1649326931.903956000,18.65.156.210
662,54,1649326931.903963000,10.11.219.6
663,-66,1649326931.903966000,18.65.156.210
664,-66,1649326931.903969000,18.65.156.210
665,66,1649326931.903975000,10.11.219.6
666,-66,1649326931.903980000,18.65.156.210
667,-128,1649326931.905191000,18.65.156.210
668,66,1649326931.905196000,10.11.219.6
669,-66,1649326931.905206000,18.65.156.210
670,54,1649326931.905213000,10.11.219.6
671,-66,1649326931.905217000,18.65.156.210
672,54,1649326931.905219000,10.11.219.6
673,-66,1649326931.905221000,18.65.156.210
674,54,1649326931.905223000,10.11.219.6
675,-66,1649326931.905226000,18.65.156.210
676,-97,1649326931.905229000,18.65.156.210
677,66,1649326931.905232000,10.11.219.6
678,-66,1649326931.905234000,18.65.156.210
679,54,1649326931.905237000,10.11.219.6
680,90,1649326931.905305000,10.11.219.6
681,66,1649326931.905321000,10.11.219.6
682,-66,1649326931.910568000,18.65.156.210
683,-66,1649326931.910581000,18.65.156.210
684,66,1649326931.910594000,10.11.219.6
685,-2802,1649326931.923758000,18.65.110.227
686,66,1649326931.923775000,10.11.219.6
687,-4170,1649326931.923827000,18.65.110.227
688,-884,1649326931.923833000,18.65.110.227
689,78,1649326931.923839000,10.11.219.6
690,-1434,1649326931.923846000,18.65.110.227
691,66,1649326931.923854000,10.11.219.6
692,74,1649326931.972161000,10.11.219.6
693,225,1649326931.975211000,10.11.219.6
694,-74,1649326931.975404000,18.65.156.210
695,66,1649326931.975434000,10.11.219.6
696,-74,1649326931.975442000,52.32.181.16
697,66,1649326931.975461000,10.11.219.6
698,583,1649326931.979042000,10.11.219.6
699,-73,1649326931.979828000,18.65.156.210
700,78,1649326931.979856000,10.11.219.6
701,-1434,1649326931.979876000,18.65.156.210
702,66,1649326931.979882000,10.11.219.6
703,-97,1649326931.979885000,18.65.156.210
704,-6906,1649326931.982503000,18.65.110.227
705,66,1649326931.982522000,10.11.219.6
706,-890,1649326931.982537000,18.65.110.227
707,78,1649326931.982541000,10.11.219.6
708,-1434,1649326931.982544000,18.65.110.227
709,66,1649326931.982547000,10.11.219.6
710,583,1649326931.990741000,10.11.219.6
711,-2802,1649326931.990957000,18.65.110.227
712,66,1649326931.990972000,10.11.219.6
713,-12378,1649326931.991082000,18.65.110.227
714,66,1649326931.991087000,10.11.219.6
715,-1424,1649326931.991105000,18.65.110.227
716,66,1649326931.991110000,10.11.219.6
717,-1434,1649326931.991114000,18.65.110.227
718,66,1649326931.991118000,10.11.219.6
719,-467,1649326931.991120000,18.65.110.227
720,78,1649326931.991123000,10.11.219.6
721,-1434,1649326931.991126000,18.65.110.227
722,66,1649326931.991129000,10.11.219.6
723,-97,1649326931.991131000,18.65.110.227
724,202,1649326931.991237000,10.11.219.6
725,66,1649326931.992000000,10.11.219.6
726,177,1649326931.992148000,10.11.219.6
727,74,1649326931.992409000,10.11.219.6
728,-66,1649326931.993628000,18.65.156.210
729,-4170,1649326931.995296000,18.65.156.210
730,66,1649326931.995324000,10.11.219.6
731,-66,1649326931.995349000,18.65.156.210
732,-2652,1649326931.995360000,18.65.156.210
733,66,1649326931.995363000,10.11.219.6
734,-2802,1649326931.997377000,18.65.156.210
735,66,1649326931.997395000,10.11.219.6
736,-13736,1649326931.997522000,18.65.156.210
737,66,1649326931.997530000,10.11.219.6
738,-74,1649326931.997560000,18.65.114.62
739,66,1649326931.997578000,10.11.219.6
740,-1177,1649326931.997583000,18.65.156.210
741,66,1649326931.997587000,10.11.219.6
742,-6906,1649326931.997591000,18.65.156.210
743,66,1649326931.997595000,10.11.219.6
744,-5538,1649326931.998577000,18.65.156.210
745,66,1649326931.998591000,10.11.219.6
746,-638,1649326931.998602000,18.65.156.210
747,78,1649326931.998607000,10.11.219.6
748,-1434,1649326931.998609000,18.65.156.210
749,66,1649326931.998611000,10.11.219.6
750,-97,1649326931.998613000,18.65.156.210
751,583,1649326932.008127000,10.11.219.6
752,74,1649326932.009433000,10.11.219.6
753,130,1649326932.011625000,10.11.219.6
754,253,1649326932.011888000,10.11.219.6
755,-66,1649326932.013306000,18.65.114.62
756,-2802,1649326932.013322000,18.65.114.62
757,66,1649326932.013332000,10.11.219.6
758,-1434,1649326932.013363000,18.65.114.62
759,66,1649326932.013371000,10.11.219.6
760,-1029,1649326932.013375000,18.65.114.62
761,66,1649326932.013379000,10.11.219.6
762,-66,1649326932.016138000,18.65.156.210
763,-66,1649326932.016155000,18.65.156.210
764,-137,1649326932.016158000,18.65.156.210
765,66,1649326932.016171000,10.11.219.6
766,90,1649326932.018851000,10.11.219.6
767,66,1649326932.018886000,10.11.219.6
768,-66,1649326932.021486000,18.65.156.210
769,-66,1649326932.021500000,18.65.156.210
770,66,1649326932.021512000,10.11.219.6
771,130,1649326932.024273000,10.11.219.6
772,236,1649326932.024658000,10.11.219.6
773,373,1649326932.024678000,10.11.219.6
774,-66,1649326932.026823000,18.65.114.62
775,-128,1649326932.026834000,18.65.114.62
776,66,1649326932.026841000,10.11.219.6
777,97,1649326932.026904000,10.11.219.6
778,-66,1649326932.027920000,18.65.114.62
779,-97,1649326932.027929000,18.65.114.62
780,66,1649326932.027934000,10.11.219.6
781,-66,1649326932.027946000,18.65.114.62
782,-7088,1649326932.030746000,18.65.114.62
783,66,1649326932.030813000,10.11.219.6
784,-97,1649326932.030904000,18.65.114.62
785,66,1649326932.030920000,10.11.219.6
786,-66,1649326932.030939000,18.65.114.62
787,66,1649326932.041422000,10.11.219.6
788,171,1649326932.042222000,10.11.219.6
789,-66,1649326932.045042000,18.65.156.210
790,-678,1649326932.045054000,18.65.156.210
791,66,1649326932.045062000,10.11.219.6
792,185,1649326932.064685000,10.11.219.6
793,-2802,1649326932.068671000,18.65.156.210
794,66,1649326932.068692000,10.11.219.6
795,-13736,1649326932.068780000,18.65.156.210
796,66,1649326932.068786000,10.11.219.6
797,233,1649326932.068923000,10.11.219.6
798,-11010,1649326932.070446000,18.65.156.210
799,66,1649326932.070460000,10.11.219.6
800,-5528,1649326932.072484000,18.65.156.210
801,66,1649326932.072492000,10.11.219.6
802,-2802,1649326932.072589000,18.65.156.210
803,66,1649326932.072594000,10.11.219.6
804,-8274,1649326932.080901000,18.65.156.210
805,66,1649326932.080913000,10.11.219.6
806,-5538,1649326932.080989000,18.65.156.210
807,66,1649326932.080993000,10.11.219.6
808,-1032,1649326932.080999000,18.65.156.210
809,78,1649326932.081004000,10.11.219.6
810,-1434,1649326932.081007000,18.65.156.210
811,66,1649326932.081011000,10.11.219.6
812,-13746,1649326932.081016000,18.65.156.210
813,66,1649326932.081022000,10.11.219.6
814,-178,1649326932.081030000,18.65.156.210
815,78,1649326932.081033000,10.11.219.6
816,-1434,1649326932.081036000,18.65.156.210
817,66,1649326932.081039000,10.11.219.6
818,247,1649326932.084921000,10.11.219.6
819,-5538,1649326932.089860000,18.65.156.210
820,66,1649326932.089884000,10.11.219.6
821,-8274,1649326932.090002000,18.65.156.210
822,66,1649326932.090006000,10.11.219.6
823,-67,1649326932.090014000,18.65.156.210
824,78,1649326932.090017000,10.11.219.6
825,-1434,1649326932.090020000,18.65.156.210
826,66,1649326932.090024000,10.11.219.6
827,-9642,1649326932.090052000,18.65.156.210
828,66,1649326932.090055000,10.11.219.6
829,-2802,1649326932.092509000,18.65.156.210
830,66,1649326932.092519000,10.11.219.6
831,-4160,1649326932.092681000,18.65.156.210
832,66,1649326932.092685000,10.11.219.6
833,-16472,1649326932.092693000,18.65.156.210
834,66,1649326932.092698000,10.11.219.6
835,-1434,1649326932.092706000,18.65.156.210
836,66,1649326932.092709000,10.11.219.6
837,161,1649326932.093250000,10.11.219.6
838,-5538,1649326932.094386000,18.65.156.210
839,66,1649326932.094395000,10.11.219.6
840,-788,1649326932.094409000,18.65.156.210
841,78,1649326932.094414000,10.11.219.6
842,-1434,1649326932.094417000,18.65.156.210
843,66,1649326932.094421000,10.11.219.6
844,-2802,1649326932.098129000,18.65.156.210
845,66,1649326932.098150000,10.11.219.6
846,-12307,1649326932.098278000,18.65.156.210
847,66,1649326932.098283000,10.11.219.6
848,-9642,1649326932.098314000,18.65.156.210
849,66,1649326932.098317000,10.11.219.6
850,-2802,1649326932.101045000,18.65.156.210
851,66,1649326932.101058000,10.11.219.6
852,-4160,1649326932.101208000,18.65.156.210
853,66,1649326932.101213000,10.11.219.6
854,-16472,1649326932.101222000,18.65.156.210
855,66,1649326932.101224000,10.11.219.6
856,-1434,1649326932.101229000,18.65.156.210
857,-4170,1649326932.102765000,18.65.156.210
858,66,1649326932.102776000,10.11.219.6
859,-153,1649326932.102789000,18.65.156.210
860,78,1649326932.102793000,10.11.219.6
861,-1434,1649326932.102795000,18.65.156.210
862,66,1649326932.102798000,10.11.219.6
863,-66,1649326932.113008000,52.32.181.16
864,-2802,1649326932.116054000,52.32.181.16
865,66,1649326932.116068000,10.11.219.6
866,-2775,1649326932.116431000,52.32.181.16
867,66,1649326932.116439000,10.11.219.6
868,192,1649326932.122848000,10.11.219.6
869,-66,1649326932.137031000,52.119.174.17
870,54,1649326932.137059000,10.11.219.6
871,571,1649326932.140303000,10.11.219.6
872,-324,1649326932.255949000,52.32.181.16
873,66,1649326932.255969000,10.11.219.6
874,-135,1649326932.255985000,52.32.181.16
875,66,1649326932.255987000,10.11.219.6
876,-54,1649326932.264415000,52.119.174.17
877,-54,1649326932.267716000,52.119.174.17
878,-5956,1649326932.270322000,52.119.174.17
879,54,1649326932.270336000,10.11.219.6
880,180,1649326932.318472000,10.11.219.6
881,243,1649326932.319862000,10.11.219.6
882,505,1649326932.319900000,10.11.219.6
883,104,1649326932.321027000,10.11.219.6
884,663,1649326932.342717000,10.11.219.6
885,97,1649326932.343214000,10.11.219.6
886,-66,1649326932.345859000,18.65.110.227
887,-66,1649326932.345871000,18.65.110.227
888,168,1649326932.348274000,10.11.219.6
889,-5538,1649326932.351559000,18.65.156.210
890,66,1649326932.351576000,10.11.219.6
891,-4170,1649326932.351612000,18.65.156.210
892,66,1649326932.351618000,10.11.219.6
893,-340,1649326932.351634000,18.65.156.210
894,78,1649326932.351638000,10.11.219.6
895,-1434,1649326932.355722000,18.65.156.210
896,66,1649326932.355739000,10.11.219.6
897,188,1649326932.400584000,10.11.219.6
898,-13746,1649326932.408836000,18.65.156.210
899,66,1649326932.408862000,10.11.219.6
900,-2792,1649326932.408905000,18.65.156.210
901,66,1649326932.408909000,10.11.219.6
902,-418,1649326932.408914000,18.65.156.210
903,78,1649326932.408920000,10.11.219.6
904,-1434,1649326932.408922000,18.65.156.210
905,66,1649326932.408932000,10.11.219.6
906,178,1649326932.441231000,10.11.219.6
907,-66,1649326932.444509000,18.65.114.62
908,-105,1649326932.445557000,52.119.174.17
909,54,1649326932.445582000,10.11.219.6
910,524,1649326932.445884000,10.11.219.6
911,-2802,1649326932.448169000,18.65.114.62
912,66,1649326932.448188000,10.11.219.6
913,-13736,1649326932.448658000,18.65.114.62
914,66,1649326932.448674000,10.11.219.6
915,-16472,1649326932.448721000,18.65.114.62
916,66,1649326932.448727000,10.11.219.6
917,-16482,1649326932.450405000,18.65.114.62
918,66,1649326932.450423000,10.11.219.6
919,-2802,1649326932.450452000,18.65.114.62
920,66,1649326932.450461000,10.11.219.6
921,-2802,1649326932.463033000,18.65.114.62
922,66,1649326932.463050000,10.11.219.6
923,-2802,1649326932.463205000,18.65.114.62
924,66,1649326932.463212000,10.11.219.6
925,-13180,1649326932.463226000,18.65.114.62
926,66,1649326932.463232000,10.11.219.6
927,-66,1649326932.463264000,52.32.181.16
928,-104,1649326932.463272000,52.32.181.16
929,66,1649326932.463276000,10.11.219.6
930,-11010,1649326932.463284000,18.65.114.62
931,66,1649326932.463289000,10.11.219.6
932,-632,1649326932.463297000,18.65.114.62
933,78,1649326932.463301000,10.11.219.6
934,-1434,1649326932.465395000,18.65.114.62
935,66,1649326932.465429000,10.11.219.6
936,-6906,1649326932.465448000,18.65.114.62
937,66,1649326932.465458000,10.11.219.6
938,-9642,1649326932.465501000,18.65.114.62
939,66,1649326932.465506000,10.11.219.6
940,-236,1649326932.465512000,52.32.181.16
941,66,1649326932.465522000,10.11.219.6
942,-104,1649326932.465534000,52.32.181.16
943,66,1649326932.465538000,10.11.219.6
944,-15114,1649326932.467255000,18.65.114.62
945,66,1649326932.467277000,10.11.219.6
946,-5538,1649326932.469757000,18.65.114.62
947,66,1649326932.469773000,10.11.219.6
948,-11010,1649326932.469909000,18.65.114.62
949,66,1649326932.469918000,10.11.219.6
950,-8274,1649326932.469945000,18.65.114.62
951,66,1649326932.469949000,10.11.219.6
952,-2802,1649326932.472369000,18.65.114.62
953,66,1649326932.472390000,10.11.219.6
954,-4170,1649326932.472573000,18.65.114.62
955,66,1649326932.472583000,10.11.219.6
956,-16482,1649326932.472603000,18.65.114.62
957,66,1649326932.472607000,10.11.219.6
958,-1434,1649326932.472615000,18.65.114.62
959,66,1649326932.472618000,10.11.219.6
960,182,1649326932.472713000,10.11.219.6
961,-2802,1649326932.475290000,18.65.114.62
962,66,1649326932.475311000,10.11.219.6
963,-11010,1649326932.475443000,18.65.114.62
964,66,1649326932.475451000,10.11.219.6
965,-11010,1649326932.475493000,18.65.114.62
966,66,1649326932.475498000,10.11.219.6
967,-5538,1649326932.477721000,18.65.114.62
968,66,1649326932.477749000,10.11.219.6
969,-6906,1649326932.477861000,18.65.114.62
970,66,1649326932.477870000,10.11.219.6
971,-8274,1649326932.477877000,18.65.114.62
972,66,1649326932.477880000,10.11.219.6
973,-4170,1649326932.477893000,18.65.114.62
974,66,1649326932.477896000,10.11.219.6
975,-2802,1649326932.480118000,18.65.114.62
976,66,1649326932.480146000,10.11.219.6
977,-2802,1649326932.480176000,18.65.114.62
978,66,1649326932.480181000,10.11.219.6
979,-13746,1649326932.480238000,18.65.114.62
980,66,1649326932.480246000,10.11.219.6
981,-5538,1649326932.480284000,18.65.114.62
982,66,1649326932.480290000,10.11.219.6
983,157,1649326932.481325000,10.11.219.6
984,-2802,1649326932.481529000,18.65.114.62
985,66,1649326932.481540000,10.11.219.6
986,-2802,1649326932.481553000,18.65.114.62
987,66,1649326932.481558000,10.11.219.6
988,-5538,1649326932.481564000,18.65.114.62
989,66,1649326932.481567000,10.11.219.6
990,-66,1649326932.484204000,18.65.110.227
991,-2802,1649326932.484216000,18.65.114.62
992,66,1649326932.484227000,10.11.219.6
993,-8274,1649326932.484369000,18.65.114.62
994,66,1649326932.484376000,10.11.219.6
995,-8274,1649326932.484388000,18.65.114.62
996,66,1649326932.484391000,10.11.219.6
997,-4170,1649326932.484409000,18.65.114.62
998,66,1649326932.484413000,10.11.219.6
999,-1434,1649326932.484416000,18.65.114.62
1000,66,1649326932.484419000,10.11.219.6
1001,-2802,1649326932.486623000,18.65.114.62
1002,66,1649326932.486638000,10.11.219.6
1003,158,1649326932.486677000,10.11.219.6
1004,-13746,1649326932.486777000,18.65.114.62
1005,66,1649326932.486785000,10.11.219.6
1006,-8274,1649326932.486820000,18.65.114.62
1007,66,1649326932.486826000,10.11.219.6
1008,-5538,1649326932.489440000,18.65.114.62
1009,66,1649326932.489474000,10.11.219.6
1010,-19218,1649326932.489556000,18.65.114.62
1011,66,1649326932.489562000,10.11.219.6
1012,-5538,1649326932.491595000,18.65.114.62
1013,66,1649326932.491620000,10.11.219.6
1014,-6906,1649326932.491712000,18.65.114.62
1015,66,1649326932.491719000,10.11.219.6
1016,-8274,1649326932.491729000,18.65.114.62
1017,66,1649326932.491732000,10.11.219.6
1018,-4170,1649326932.491737000,18.65.156.210
1019,66,1649326932.491746000,10.11.219.6
1020,-4170,1649326932.493983000,18.65.114.62
1021,66,1649326932.494013000,10.11.219.6
1022,-1434,1649326932.494057000,18.65.156.210
1023,-11000,1649326932.494161000,18.65.156.210
1024,66,1649326932.494171000,10.11.219.6
1025,-8274,1649326932.494194000,18.65.114.62
1026,66,1649326932.494200000,10.11.219.6
1027,-2802,1649326932.496503000,18.65.114.62
1028,66,1649326932.496516000,10.11.219.6
1029,-951,1649326932.496530000,18.65.156.210
1030,-8274,1649326932.496537000,18.65.114.62
1031,66,1649326932.496542000,10.11.219.6
1032,-12378,1649326932.496588000,18.65.114.62
1033,66,1649326932.496593000,10.11.219.6
1034,-16482,1649326932.499308000,18.65.114.62
1035,66,1649326932.499359000,10.11.219.6
1036,-2802,1649326932.499474000,18.65.114.62
1037,66,1649326932.499488000,10.11.219.6
1038,-5538,1649326932.499501000,18.65.114.62
1039,66,1649326932.499507000,10.11.219.6
1040,-19218,1649326932.501409000,18.65.114.62
1041,66,1649326932.501464000,10.11.219.6
1042,-5538,1649326932.501518000,18.65.156.210
1043,66,1649326932.501529000,10.11.219.6
1044,-11000,1649326932.503748000,18.65.156.210
1045,66,1649326932.503760000,10.11.219.6
1046,-772,1649326932.503809000,18.65.156.210
1047,-6906,1649326932.503814000,18.65.114.62
1048,66,1649326932.503818000,10.11.219.6
1049,-5538,1649326932.503823000,18.65.114.62
1050,66,1649326932.503825000,10.11.219.6
1051,-4039,1649326932.505024000,18.65.114.62
1052,66,1649326932.505037000,10.11.219.6
1053,-854,1649326932.505055000,18.65.110.227
1054,66,1649326932.505059000,10.11.219.6
1055,-97,1649326932.505064000,18.65.110.227
1056,66,1649326932.505066000,10.11.219.6
1057,66,1649326932.545424000,10.11.219.6
1058,-503,1649326932.594515000,52.119.174.17
1059,54,1649326932.594544000,10.11.219.6
1060,352,1649326932.630092000,10.11.219.6
1061,169,1649326932.633963000,10.11.219.6
1062,-2802,1649326932.634089000,18.65.156.210
1063,66,1649326932.634113000,10.11.219.6
1064,-8274,1649326932.634393000,18.65.156.210
1065,66,1649326932.634439000,10.11.219.6
1066,443,1649326932.634867000,10.11.219.6
1067,178,1649326932.637552000,10.11.219.6
1068,-5528,1649326932.647622000,18.65.156.210
1069,66,1649326932.647646000,10.11.219.6
1070,-16472,1649326932.647724000,18.65.156.210
1071,66,1649326932.647735000,10.11.219.6
1072,-2802,1649326932.647750000,18.65.156.210
1073,66,1649326932.647755000,10.11.219.6
1074,-2802,1649326932.649405000,18.65.156.210
1075,66,1649326932.649418000,10.11.219.6
1076,-23322,1649326932.649944000,18.65.156.210
1077,66,1649326932.649978000,10.11.219.6
1078,-2802,1649326932.652439000,18.65.156.210
1079,66,1649326932.652500000,10.11.219.6
1080,-2802,1649326932.652570000,18.65.156.210
1081,66,1649326932.652577000,10.11.219.6
1082,-19218,1649326932.652695000,18.65.156.210
1083,66,1649326932.652708000,10.11.219.6
1084,-9642,1649326932.654640000,18.65.156.210
1085,66,1649326932.654693000,10.11.219.6
1086,-1180,1649326932.654753000,18.65.110.227
1087,66,1649326932.654763000,10.11.219.6
1088,-97,1649326932.654857000,18.65.110.227
1089,66,1649326932.654863000,10.11.219.6
1090,-13746,1649326932.654892000,18.65.156.210
1091,66,1649326932.654899000,10.11.219.6
1092,-1434,1649326932.657071000,18.65.156.210
1093,66,1649326932.657128000,10.11.219.6
1094,-878,1649326932.657205000,18.65.156.210
1095,78,1649326932.657235000,10.11.219.6
1096,-1434,1649326932.657248000,18.65.156.210
1097,66,1649326932.657252000,10.11.219.6
1098,-4170,1649326932.657256000,18.65.156.210
1099,66,1649326932.657264000,10.11.219.6
1100,-12368,1649326932.657321000,18.65.156.210
1101,66,1649326932.657337000,10.11.219.6
1102,-4170,1649326932.657368000,18.65.156.210
1103,66,1649326932.657371000,10.11.219.6
1104,-2802,1649326932.659324000,18.65.156.210
1105,66,1649326932.659341000,10.11.219.6
1106,-9632,1649326932.659463000,18.65.156.210
1107,66,1649326932.659466000,10.11.219.6
1108,-785,1649326932.659471000,18.65.156.210
1109,66,1649326932.659473000,10.11.219.6
1110,-11010,1649326932.659494000,18.65.156.210
1111,66,1649326932.659503000,10.11.219.6
1112,-2802,1649326932.661750000,18.65.156.210
1113,66,1649326932.661768000,10.11.219.6
1114,-2792,1649326932.661921000,18.65.156.210
1115,66,1649326932.661927000,10.11.219.6
1116,-16472,1649326932.661938000,18.65.156.210
1117,66,1649326932.661942000,10.11.219.6
1118,-2802,1649326932.661956000,18.65.156.210
1119,66,1649326932.661959000,10.11.219.6
1120,-2802,1649326932.664194000,18.65.156.210
1121,66,1649326932.664208000,10.11.219.6
1122,-21954,1649326932.664387000,18.65.156.210
1123,66,1649326932.664392000,10.11.219.6
1124,-4170,1649326932.667601000,18.65.156.210
1125,66,1649326932.667632000,10.11.219.6
1126,-13746,1649326932.667883000,18.65.156.210
1127,66,1649326932.667893000,10.11.219.6
1128,-6906,1649326932.667936000,18.65.156.210
1129,66,1649326932.667943000,10.11.219.6
1130,-314,1649326932.667952000,18.65.156.210
1131,78,1649326932.667986000,10.11.219.6
1132,-1434,1649326932.669148000,18.65.156.210
1133,66,1649326932.669160000,10.11.219.6
1134,296,1649326932.669658000,10.11.219.6
1135,74,1649326932.669795000,10.11.219.6
1136,207,1649326932.674668000,10.11.219.6
1137,274,1649326932.674857000,10.11.219.6
1138,-66,1649326932.677957000,18.65.114.62
1139,-2802,1649326932.677970000,18.65.114.62
1140,66,1649326932.677980000,10.11.219.6
1141,-775,1649326932.678012000,18.65.114.62
1142,78,1649326932.678018000,10.11.219.6
1143,-1434,1649326932.678023000,18.65.114.62
1144,66,1649326932.678027000,10.11.219.6
1145,-74,1649326932.796790000,34.208.213.189
1146,66,1649326932.796832000,10.11.219.6
1147,583,1649326932.801425000,10.11.219.6
1148,-235,1649326932.804309000,52.32.181.16
1149,66,1649326932.804341000,10.11.219.6
1150,-104,1649326932.804357000,52.32.181.16
1151,66,1649326932.804361000,10.11.219.6
1152,-235,1649326932.810786000,52.32.181.16
1153,66,1649326932.810812000,10.11.219.6
1154,-104,1649326932.810832000,52.32.181.16
1155,66,1649326932.811058000,10.11.219.6
1156,235,1649326932.827896000,10.11.219.6
1157,-66,1649326932.831143000,18.65.110.227
1158,-1434,1649326932.832634000,18.65.110.227
1159,66,1649326932.832654000,10.11.219.6
1160,-330,1649326932.832677000,18.65.110.227
1161,78,1649326932.832684000,10.11.219.6
1162,-1434,1649326932.832689000,18.65.110.227
1163,66,1649326932.832694000,10.11.219.6
1164,149,1649326932.923499000,10.11.219.6
1165,148,1649326932.925105000,10.11.219.6
1166,166,1649326932.925268000,10.11.219.6
1167,-6811,1649326932.927369000,18.65.156.210
1168,66,1649326932.927388000,10.11.219.6
1169,-1434,1649326932.928727000,18.65.156.210
1170,66,1649326932.928754000,10.11.219.6
1171,-837,1649326932.928781000,18.65.156.210
1172,78,1649326932.928789000,10.11.219.6
1173,-66,1649326932.928794000,34.208.213.189
1174,-1434,1649326932.928800000,18.65.156.210
1175,66,1649326932.928805000,10.11.219.6
1176,-6906,1649326932.928810000,18.65.156.210
1177,66,1649326932.928815000,10.11.219.6
1178,-5270,1649326932.929485000,18.65.156.210
1179,66,1649326932.929502000,10.11.219.6
1180,-1407,1649326932.930671000,34.208.213.189
1181,78,1649326932.930690000,10.11.219.6
1182,-4170,1649326932.930711000,34.208.213.189
1183,66,1649326932.930720000,10.11.219.6
1184,192,1649326932.937321000,10.11.219.6
1185,185,1649326933.035499000,10.11.219.6
1186,-2802,1649326933.039673000,18.65.114.62
1187,66,1649326933.039699000,10.11.219.6
1188,-1118,1649326933.039726000,18.65.114.62
1189,78,1649326933.039732000,10.11.219.6
1190,-1434,1649326933.039737000,18.65.114.62
1191,66,1649326933.039741000,10.11.219.6
1192,-324,1649326933.063897000,34.208.213.189
1193,66,1649326933.063914000,10.11.219.6
1194,-135,1649326933.063929000,34.208.213.189
1195,66,1649326933.063931000,10.11.219.6
1196,260,1649326933.064475000,10.11.219.6
1197,97,1649326933.064948000,10.11.219.6
1198,66,1649326933.064969000,10.11.219.6
1199,398,1649326933.125530000,10.11.219.6
1200,571,1649326933.126731000,10.11.219.6
1201,606,1649326933.127539000,10.11.219.6
1202,610,1649326933.134460000,10.11.219.6
1203,837,1649326933.135491000,10.11.219.6
1204,-66,1649326933.137050000,18.65.110.227
1205,149,1649326933.140681000,10.11.219.6
1206,74,1649326933.141992000,10.11.219.6
1207,-2802,1649326933.143970000,18.65.156.210
1208,66,1649326933.143991000,10.11.219.6
1209,-879,1649326933.144021000,18.65.156.210
1210,78,1649326933.144029000,10.11.219.6
1211,-1434,1649326933.144036000,18.65.156.210
1212,66,1649326933.144041000,10.11.219.6
1213,74,1649326933.145070000,10.11.219.6
1214,-74,1649326933.147931000,18.65.156.177
1215,66,1649326933.148066000,10.11.219.6
1216,583,1649326933.151832000,10.11.219.6
1217,-66,1649326933.155751000,18.65.156.177
1218,-2802,1649326933.155770000,18.65.156.177
1219,66,1649326933.155784000,10.11.219.6
1220,-2802,1649326933.155833000,18.65.156.177
1221,66,1649326933.155845000,10.11.219.6
1222,-568,1649326933.156619000,18.65.156.177
1223,66,1649326933.156637000,10.11.219.6
1224,130,1649326933.164097000,10.11.219.6
1225,236,1649326933.164828000,10.11.219.6
1226,385,1649326933.164878000,10.11.219.6
1227,-66,1649326933.167178000,18.65.156.177
1228,-128,1649326933.167215000,18.65.156.177
1229,66,1649326933.167262000,10.11.219.6
1230,-66,1649326933.167353000,18.65.156.177
1231,-66,1649326933.167377000,18.65.156.177
1232,-97,1649326933.167385000,18.65.156.177
1233,66,1649326933.167398000,10.11.219.6
1234,-8274,1649326933.169063000,18.65.156.177
1235,66,1649326933.169102000,10.11.219.6
1236,-145,1649326933.169168000,18.65.156.177
1237,78,1649326933.169181000,10.11.219.6
1238,-1434,1649326933.169186000,18.65.156.177
1239,66,1649326933.169189000,10.11.219.6
1240,97,1649326933.169287000,10.11.219.6
1241,-66,1649326933.171425000,18.65.156.177
1242,74,1649326933.178564000,10.11.219.6
1243,74,1649326933.186759000,10.11.219.6
1244,-74,1649326933.189938000,35.74.160.45
1245,66,1649326933.189969000,10.11.219.6
1246,-104,1649326933.190708000,34.208.213.189
1247,54,1649326933.190731000,10.11.219.6
1248,-66,1649326933.190752000,34.208.213.189
1249,54,1649326933.190759000,10.11.219.6
1250,583,1649326933.193314000,10.11.219.6
1251,-74,1649326933.201421000,35.74.160.45
1252,66,1649326933.201472000,10.11.219.6
1253,583,1649326933.203589000,10.11.219.6
1254,-66,1649326933.206958000,35.74.160.45
1255,-4162,1649326933.208460000,35.74.160.45
1256,66,1649326933.208479000,10.11.219.6
1257,-670,1649326933.208497000,35.74.160.45
1258,66,1649326933.208501000,10.11.219.6
1259,159,1649326933.210421000,10.11.219.6
1260,157,1649326933.210981000,10.11.219.6
1261,158,1649326933.217999000,10.11.219.6
1262,-5538,1649326933.218122000,18.65.156.210
1263,66,1649326933.218139000,10.11.219.6
1264,-11000,1649326933.218327000,18.65.156.210
1265,66,1649326933.218337000,10.11.219.6
1266,-8274,1649326933.218373000,18.65.156.210
1267,161,1649326933.218380000,10.11.219.6
1268,-4046,1649326933.220355000,18.65.156.210
1269,66,1649326933.220375000,10.11.219.6
1270,-66,1649326933.220400000,35.74.160.45
1271,-4162,1649326933.220410000,35.74.160.45
1272,66,1649326933.220416000,10.11.219.6
1273,161,1649326933.220976000,10.11.219.6
1274,256,1649326933.221506000,10.11.219.6
1275,-8274,1649326933.222366000,18.65.156.210
1276,161,1649326933.222388000,10.11.219.6
1277,-8264,1649326933.222751000,18.65.156.210
1278,66,1649326933.222766000,10.11.219.6
1279,-670,1649326933.222780000,35.74.160.45
1280,66,1649326933.222784000,10.11.219.6
1281,-4170,1649326933.222788000,18.65.156.210
1282,66,1649326933.222791000,10.11.219.6
1283,-347,1649326933.222799000,18.65.156.210
1284,169,1649326933.222808000,10.11.219.6
1285,-1434,1649326933.222813000,18.65.156.210
1286,66,1649326933.222818000,10.11.219.6
1287,-12378,1649326933.224711000,18.65.156.210
1288,66,1649326933.224722000,10.11.219.6
1289,-1391,1649326933.224742000,18.65.156.210
1290,78,1649326933.224748000,10.11.219.6
1291,-1434,1649326933.224776000,18.65.156.210
1292,66,1649326933.224781000,10.11.219.6
1293,-2802,1649326933.224785000,18.65.156.210
1294,66,1649326933.224788000,10.11.219.6
1295,159,1649326933.225083000,10.11.219.6
1296,157,1649326933.225345000,10.11.219.6
1297,-9642,1649326933.226420000,18.65.156.210
1298,66,1649326933.226440000,10.11.219.6
1299,-359,1649326933.226460000,18.65.156.210
1300,170,1649326933.226476000,10.11.219.6
1301,-117,1649326933.226478000,35.74.160.45
1302,66,1649326933.226486000,10.11.219.6
1303,-1434,1649326933.226492000,18.65.156.210
1304,66,1649326933.226497000,10.11.219.6
1305,-66,1649326933.226500000,18.65.156.210
1306,-16472,1649326933.229144000,18.65.156.210
1307,66,1649326933.229174000,10.11.219.6
1308,-8274,1649326933.229215000,18.65.156.210
1309,66,1649326933.229220000,10.11.219.6
1310,-2802,1649326933.230382000,18.65.156.210
1311,-327,1649326933.230391000,18.65.156.210
1312,-1434,1649326933.230395000,18.65.156.210
1313,-5538,1649326933.230399000,18.65.156.210
1314,101,1649326933.230399000,10.11.219.6
1315,66,1649326933.230423000,10.11.219.6
1316,78,1649326933.233385000,10.11.219.6
1317,66,1649326933.233551000,10.11.219.6
1318,66,1649326933.233614000,10.11.219.6
1319,101,1649326933.233922000,10.11.219.6
1320,-11000,1649326933.234818000,18.65.156.210
1321,101,1649326933.234842000,10.11.219.6
1322,-5538,1649326933.234873000,18.65.156.210
1323,66,1649326933.234877000,10.11.219.6
1324,-5538,1649326933.235220000,18.65.156.210
1325,66,1649326933.235249000,10.11.219.6
1326,-326,1649326933.235273000,18.65.156.210
1327,78,1649326933.235288000,10.11.219.6
1328,-1434,1649326933.235345000,18.65.156.210
1329,66,1649326933.235354000,10.11.219.6
1330,-8274,1649326933.235364000,18.65.156.210
1331,66,1649326933.235369000,10.11.219.6
1332,-8264,1649326933.237730000,18.65.156.210
1333,101,1649326933.237752000,10.11.219.6
1334,-16482,1649326933.237772000,18.65.156.210
1335,66,1649326933.237777000,10.11.219.6
1336,378,1649326933.238708000,10.11.219.6
1337,436,1649326933.238904000,10.11.219.6
1338,1434,1649326933.239457000,10.11.219.6
1339,381,1649326933.239469000,10.11.219.6
1340,-11010,1649326933.239537000,18.65.156.210
1341,66,1649326933.239550000,10.11.219.6
1342,-5538,1649326933.239990000,18.65.156.210
1343,66,1649326933.240000000,10.11.219.6
1344,-8274,1649326933.240012000,18.65.156.210
1345,66,1649326933.240020000,10.11.219.6
1346,-5538,1649326933.242095000,18.65.156.210
1347,66,1649326933.242108000,10.11.219.6
1348,-11010,1649326933.242537000,18.65.156.210
1349,66,1649326933.242546000,10.11.219.6
1350,-782,1649326933.242591000,18.65.156.210
1351,-1434,1649326933.242593000,18.65.156.210
1352,-5538,1649326933.242595000,18.65.156.210
1353,78,1649326933.242604000,10.11.219.6
1354,66,1649326933.242614000,10.11.219.6
1355,66,1649326933.242620000,10.11.219.6
1356,-2802,1649326933.244882000,18.65.156.210
1357,66,1649326933.244899000,10.11.219.6
1358,-21954,1649326933.245070000,18.65.156.210
1359,66,1649326933.245085000,10.11.219.6
1360,-8274,1649326933.247376000,18.65.156.210
1361,66,1649326933.247449000,10.11.219.6
1362,-2802,1649326933.247903000,18.65.156.210
1363,66,1649326933.247966000,10.11.219.6
1364,-669,1649326933.248158000,18.65.110.227
1365,66,1649326933.248186000,10.11.219.6
1366,-97,1649326933.248215000,18.65.110.227
1367,66,1649326933.248233000,10.11.219.6
1368,-11010,1649326933.248270000,18.65.156.210
1369,66,1649326933.248322000,10.11.219.6
1370,-434,1649326933.248429000,18.65.156.210
1371,78,1649326933.248471000,10.11.219.6
1372,-1434,1649326933.248495000,18.65.156.210
1373,66,1649326933.248522000,10.11.219.6
1374,-66,1649326933.248730000,18.65.156.210
1375,-66,1649326933.248755000,18.65.110.227
1376,-670,1649326933.248779000,18.65.110.227
1377,66,1649326933.248796000,10.11.219.6
1378,-97,1649326933.248820000,18.65.110.227
1379,66,1649326933.248834000,10.11.219.6
1380,-117,1649326933.248845000,35.74.160.45
1381,66,1649326933.248868000,10.11.219.6
1382,760,1649326933.257503000,10.11.219.6
1383,-66,1649326933.260738000,52.32.181.16
1384,-236,1649326933.261896000,52.32.181.16
1385,66,1649326933.261912000,10.11.219.6
1386,-104,1649326933.261942000,52.32.181.16
1387,66,1649326933.261957000,10.11.219.6
1388,-235,1649326933.262979000,52.32.181.16
1389,66,1649326933.263000000,10.11.219.6
1390,-104,1649326933.263029000,52.32.181.16
1391,66,1649326933.263039000,10.11.219.6
1392,-235,1649326933.271532000,52.32.181.16
1393,66,1649326933.271569000,10.11.219.6
1394,-104,1649326933.271587000,52.32.181.16
1395,66,1649326933.271593000,10.11.219.6
1396,-66,1649326933.280059000,52.94.176.11
1397,54,1649326933.280097000,10.11.219.6
1398,-66,1649326933.286531000,18.65.156.210
1399,571,1649326933.287498000,10.11.219.6
1400,292,1649326933.293359000,10.11.219.6
1401,403,1649326933.296746000,10.11.219.6
1402,285,1649326933.305381000,10.11.219.6
1403,397,1649326933.307498000,10.11.219.6
1404,-66,1649326933.308048000,18.65.110.227
1405,285,1649326933.309888000,10.11.219.6
1406,397,1649326933.311411000,10.11.219.6
1407,-66,1649326933.312191000,35.74.160.45
1408,286,1649326933.314114000,10.11.219.6
1409,-66,1649326933.316470000,18.65.110.227
1410,398,1649326933.318253000,10.11.219.6
1411,289,1649326933.320241000,10.11.219.6
1412,401,1649326933.321585000,10.11.219.6
1413,282,1649326933.322213000,10.11.219.6
1414,394,1649326933.322403000,10.11.219.6
1415,286,1649326933.322549000,10.11.219.6
1416,397,1649326933.322710000,10.11.219.6
1417,-66,1649326933.325026000,18.65.110.227
1418,-668,1649326933.350323000,18.65.110.227
1419,66,1649326933.350388000,10.11.219.6
1420,-97,1649326933.350420000,18.65.110.227
1421,66,1649326933.350426000,10.11.219.6
1422,-436,1649326933.370419000,35.74.160.45
1423,66,1649326933.370434000,10.11.219.6
1424,1434,1649326933.371500000,10.11.219.6
1425,931,1649326933.371515000,10.11.219.6
1426,-235,1649326933.375734000,52.32.181.16
1427,66,1649326933.375755000,10.11.219.6
1428,-104,1649326933.375771000,52.32.181.16
1429,66,1649326933.375775000,10.11.219.6
1430,-66,1649326933.382747000,35.74.160.45
1431,-1210,1649326933.397429000,18.65.110.227
1432,66,1649326933.397510000,10.11.219.6
1433,-97,1649326933.397573000,18.65.110.227
1434,66,1649326933.397580000,10.11.219.6
1435,-670,1649326933.401544000,18.65.110.227
1436,66,1649326933.401585000,10.11.219.6
1437,-97,1649326933.401612000,18.65.110.227
1438,66,1649326933.401621000,10.11.219.6
1439,-669,1649326933.412308000,18.65.110.227
1440,66,1649326933.412321000,10.11.219.6
1441,-97,1649326933.412340000,18.65.110.227
1442,66,1649326933.412660000,10.11.219.6
1443,-54,1649326933.421894000,52.94.176.11
1444,-669,1649326933.421906000,18.65.110.227
1445,66,1649326933.421920000,10.11.219.6
1446,-97,1649326933.421943000,18.65.110.227
1447,66,1649326933.422238000,10.11.219.6
1448,-669,1649326933.427265000,18.65.110.227
1449,66,1649326933.427283000,10.11.219.6
1450,-97,1649326933.427311000,18.65.110.227
1451,-669,1649326933.427316000,18.65.110.227
1452,66,1649326933.427321000,10.11.219.6
1453,-97,1649326933.427329000,18.65.110.227
1454,66,1649326933.427944000,10.11.219.6
1455,-54,1649326933.428194000,52.94.176.11
1456,-670,1649326933.431044000,18.65.110.227
1457,66,1649326933.431088000,10.11.219.6
1458,-97,1649326933.431145000,18.65.110.227
1459,-6079,1649326933.431155000,52.94.176.11
1460,54,1649326933.431165000,10.11.219.6
1461,-669,1649326933.431802000,18.65.110.227
1462,66,1649326933.431831000,10.11.219.6
1463,-97,1649326933.431874000,18.65.110.227
1464,-235,1649326933.432668000,52.32.181.16
1465,66,1649326933.432720000,10.11.219.6
1466,-104,1649326933.432760000,52.32.181.16
1467,-235,1649326933.443687000,52.32.181.16
1468,-104,1649326933.443702000,52.32.181.16
1469,180,1649326933.445139000,10.11.219.6
1470,66,1649326933.445898000,10.11.219.6
1471,66,1649326933.446358000,10.11.219.6
1472,-235,1649326933.446465000,52.32.181.16
1473,-104,1649326933.446482000,52.32.181.16
1474,66,1649326933.447374000,10.11.219.6
1475,-235,1649326933.454037000,52.32.181.16
1476,-104,1649326933.454093000,52.32.181.16
1477,66,1649326933.454804000,10.11.219.6
1478,74,1649326933.455711000,10.11.219.6
1479,-66,1649326933.456048000,52.32.181.16
1480,-235,1649326933.457348000,52.32.181.16
1481,-104,1649326933.457363000,52.32.181.16
1482,66,1649326933.457534000,10.11.219.6
1483,-234,1649326933.458446000,52.32.181.16
1484,-104,1649326933.458456000,52.32.181.16
1485,-235,1649326933.458458000,52.32.181.16
1486,-104,1649326933.458459000,52.32.181.16
1487,66,1649326933.458692000,10.11.219.6
1488,-971,1649326933.489624000,35.74.160.45
1489,66,1649326933.489642000,10.11.219.6
1490,74,1649326933.572306000,10.11.219.6
1491,-66,1649326933.584685000,52.94.176.11
1492,54,1649326933.584710000,10.11.219.6
1493,-105,1649326933.585727000,52.94.176.11
1494,54,1649326933.585739000,10.11.219.6
1495,571,1649326933.586609000,10.11.219.6
1496,1414,1649326933.587134000,10.11.219.6
1497,1414,1649326933.587148000,10.11.219.6
1498,1414,1649326933.587160000,10.11.219.6
1499,1414,1649326933.587164000,10.11.219.6
1500,1414,1649326933.587720000,10.11.219.6
1501,1414,1649326933.587729000,10.11.219.6
1502,1414,1649326933.587736000,10.11.219.6
1503,1414,1649326933.587737000,10.11.219.6
1504,1414,1649326933.588252000,10.11.219.6
1505,1414,1649326933.588256000,10.11.219.6
1506,387,1649326933.657324000,10.11.219.6
1507,313,1649326933.658303000,10.11.219.6
1508,335,1649326933.659148000,10.11.219.6
1509,302,1649326933.659461000,10.11.219.6
1510,339,1649326933.660053000,10.11.219.6
1511,306,1649326933.660353000,10.11.219.6
1512,328,1649326933.660816000,10.11.219.6
1513,295,1649326933.675733000,10.11.219.6
1514,342,1649326933.677044000,10.11.219.6
1515,1434,1649326933.689206000,10.11.219.6
1516,1434,1649326933.689225000,10.11.219.6
1517,1186,1649326933.689228000,10.11.219.6
1518,309,1649326933.690089000,10.11.219.6
1519,331,1649326933.690523000,10.11.219.6
1520,298,1649326933.690842000,10.11.219.6
1521,338,1649326933.691380000,10.11.219.6
1522,567,1649326933.691728000,10.11.219.6
1523,295,1649326933.692839000,10.11.219.6
1524,401,1649326933.693088000,10.11.219.6
1525,392,1649326933.693466000,10.11.219.6
1526,-66,1649326933.695926000,18.65.110.227
1527,-66,1649326933.700294000,35.74.160.45
1528,-66,1649326933.706739000,52.119.169.237
1529,54,1649326933.706810000,10.11.219.6
1530,571,1649326933.710237000,10.11.219.6
1531,-54,1649326933.713077000,52.94.176.11
1532,-54,1649326933.715236000,52.94.176.11
1533,-6079,1649326933.717996000,52.94.176.11
1534,54,1649326933.718045000,10.11.219.6
1535,180,1649326933.725612000,10.11.219.6
1536,-54,1649326933.727508000,52.94.176.11
1537,1414,1649326933.727541000,10.11.219.6
1538,1414,1649326933.727560000,10.11.219.6
1539,1414,1649326933.727571000,10.11.219.6
1540,574,1649326933.727575000,10.11.219.6
1541,-54,1649326933.727579000,52.94.176.11
1542,-54,1649326933.728586000,52.94.176.11
1543,-54,1649326933.728603000,52.94.176.11
1544,-54,1649326933.728607000,52.94.176.11
1545,168,1649326933.741906000,10.11.219.6
1546,164,1649326933.743153000,10.11.219.6
1547,173,1649326933.743254000,10.11.219.6
1548,171,1649326933.743447000,10.11.219.6
1549,-2802,1649326933.745888000,18.65.156.210
1550,66,1649326933.745915000,10.11.219.6
1551,-13736,1649326933.745978000,18.65.156.210
1552,66,1649326933.745985000,10.11.219.6
1553,-11010,1649326933.747557000,18.65.156.210
1554,66,1649326933.747575000,10.11.219.6
1555,-2802,1649326933.749602000,18.65.156.210
1556,66,1649326933.749617000,10.11.219.6
1557,-2792,1649326933.749790000,18.65.156.210
1558,66,1649326933.749796000,10.11.219.6
1559,-19218,1649326933.749807000,18.65.156.210
1560,66,1649326933.749814000,10.11.219.6
1561,-8274,1649326933.752020000,18.65.156.210
1562,66,1649326933.752096000,10.11.219.6
1563,-1249,1649326933.752265000,18.65.156.210
1564,66,1649326933.752277000,10.11.219.6
1565,-5538,1649326933.752296000,18.65.156.210
1566,66,1649326933.752327000,10.11.219.6
1567,-431,1649326933.752341000,18.65.156.210
1568,78,1649326933.752353000,10.11.219.6
1569,-1434,1649326933.752364000,18.65.156.210
1570,66,1649326933.752376000,10.11.219.6
1571,-2802,1649326933.752386000,18.65.156.210
1572,66,1649326933.752396000,10.11.219.6
1573,-66,1649326933.752442000,18.65.156.210
1574,66,1649326933.752447000,10.11.219.6
1575,-4057,1649326933.752454000,18.65.156.210
1576,66,1649326933.752458000,10.11.219.6
1577,-8274,1649326933.754770000,18.65.156.210
1578,66,1649326933.754840000,10.11.219.6
1579,-8264,1649326933.755083000,18.65.156.210
1580,66,1649326933.755114000,10.11.219.6
1581,-9311,1649326933.755145000,18.65.156.210
1582,66,1649326933.755492000,10.11.219.6
1583,-66,1649326933.791679000,52.32.181.16
1584,-66,1649326933.792696000,52.32.181.16
1585,-260,1649326933.793808000,52.32.181.16
1586,-260,1649326933.793817000,52.32.181.16
1587,66,1649326933.793974000,10.11.219.6
1588,-259,1649326933.797109000,52.32.181.16
1589,-260,1649326933.797124000,52.32.181.16
1590,-260,1649326933.797129000,52.32.181.16
1591,-259,1649326933.797131000,52.32.181.16
1592,-259,1649326933.797132000,52.32.181.16
1593,66,1649326933.797639000,10.11.219.6
1594,-830,1649326933.808969000,35.74.160.45
1595,66,1649326933.808990000,10.11.219.6
1596,-66,1649326933.809832000,52.32.181.16
1597,-260,1649326933.810927000,52.32.181.16
1598,66,1649326933.810965000,10.11.219.6
1599,-260,1649326933.814147000,52.32.181.16
1600,66,1649326933.815302000,10.11.219.6
1601,-66,1649326933.823761000,52.32.181.16
1602,-66,1649326933.824876000,52.32.181.16
1603,-259,1649326933.826113000,52.32.181.16
1604,-260,1649326933.826121000,52.32.181.16
1605,66,1649326933.826267000,10.11.219.6
1606,-260,1649326933.827088000,52.32.181.16
1607,-261,1649326933.827095000,52.32.181.16
1608,-259,1649326933.827097000,52.32.181.16
1609,-260,1649326933.827098000,52.32.181.16
1610,66,1649326933.827452000,10.11.219.6
1611,-260,1649326933.828111000,52.32.181.16
1612,66,1649326933.828166000,10.11.219.6
1613,-54,1649326933.841506000,52.119.169.237
1614,-932,1649326933.842715000,18.65.110.227
1615,66,1649326933.842733000,10.11.219.6
1616,-97,1649326933.842760000,18.65.110.227
1617,66,1649326933.842764000,10.11.219.6
1618,-54,1649326933.844738000,52.119.169.237
1619,-6014,1649326933.849426000,52.119.169.237
1620,54,1649326933.849447000,10.11.219.6
1621,-105,1649326933.854385000,52.94.176.11
1622,54,1649326933.854417000,10.11.219.6
1623,180,1649326933.855420000,10.11.219.6
1624,1414,1649326933.856031000,10.11.219.6
1625,446,1649326933.856050000,10.11.219.6
1626,-54,1649326933.868357000,52.94.176.11
1627,-54,1649326933.868394000,52.94.176.11
1628,-659,1649326933.887962000,52.94.176.11
1629,-105,1649326933.888010000,52.94.176.11
1630,54,1649326933.888584000,10.11.219.6
1631,183,1649326933.942731000,10.11.219.6
1632,189,1649326933.953083000,10.11.219.6
1633,853,1649326933.953165000,10.11.219.6
1634,-66,1649326933.956462000,18.65.110.227
1635,-54,1649326933.984453000,52.94.176.11
1636,-105,1649326933.989723000,52.119.169.237
1637,54,1649326933.989735000,10.11.219.6
1638,881,1649326933.989954000,10.11.219.6
1639,-681,1649326933.997336000,52.94.176.11
1640,54,1649326933.997371000,10.11.219.6
1641,-66,1649326934.000499000,18.65.110.227
1642,-1289,1649326934.098383000,18.65.110.227
1643,66,1649326934.098408000,10.11.219.6
1644,-107,1649326934.098448000,18.65.110.227
1645,66,1649326934.098454000,10.11.219.6
1646,-97,1649326934.098461000,18.65.110.227
1647,66,1649326934.098466000,10.11.219.6
1648,-933,1649326934.111145000,18.65.110.227
1649,66,1649326934.111159000,10.11.219.6
1650,-97,1649326934.111179000,18.65.110.227
1651,66,1649326934.111182000,10.11.219.6
1652,-439,1649326934.130234000,52.119.169.237
1653,54,1649326934.130268000,10.11.219.6
1654,189,1649326934.249335000,10.11.219.6
1655,854,1649326934.249447000,10.11.219.6
1656,770,1649326934.249914000,10.11.219.6
1657,-66,1649326934.252261000,18.65.110.227
1658,-66,1649326934.252277000,18.65.110.227
1659,-66,1649326934.252282000,18.65.110.227
1660,404,1649326934.282576000,10.11.219.6
1661,1299,1649326934.282639000,10.11.219.6
1662,1434,1649326934.282776000,10.11.219.6
1663,1434,1649326934.282784000,10.11.219.6
1664,1434,1649326934.282787000,10.11.219.6
1665,1434,1649326934.283479000,10.11.219.6
1666,1434,1649326934.283490000,10.11.219.6
1667,1434,1649326934.283494000,10.11.219.6
1668,1434,1649326934.283505000,10.11.219.6
1669,1434,1649326934.283509000,10.11.219.6
1670,1434,1649326934.283511000,10.11.219.6
1671,1434,1649326934.284314000,10.11.219.6
1672,1434,1649326934.284330000,10.11.219.6
1673,1434,1649326934.284333000,10.11.219.6
1674,1434,1649326934.284943000,10.11.219.6
1675,-932,1649326934.395148000,18.65.110.227
1676,66,1649326934.395171000,10.11.219.6
1677,-97,1649326934.395207000,18.65.110.227
1678,66,1649326934.395213000,10.11.219.6
1679,-66,1649326934.419743000,52.32.181.16
1680,1434,1649326934.419773000,10.11.219.6
1681,1434,1649326934.419791000,10.11.219.6
1682,1434,1649326934.419800000,10.11.219.6
1683,1434,1649326934.419804000,10.11.219.6
1684,-66,1649326934.419810000,52.32.181.16
1685,-108,1649326934.419826000,52.32.181.16
1686,66,1649326934.419832000,10.11.219.6
1687,-66,1649326934.419838000,52.32.181.16
1688,-66,1649326934.419841000,52.32.181.16
1689,-66,1649326934.419847000,52.32.181.16
1690,-108,1649326934.419850000,52.32.181.16
1691,66,1649326934.419853000,10.11.219.6
1692,1434,1649326934.420515000,10.11.219.6
1693,1434,1649326934.420529000,10.11.219.6
1694,440,1649326934.421132000,10.11.219.6
1695,-66,1649326934.463495000,52.32.181.16
1696,-66,1649326934.553869000,52.32.181.16
1697,-66,1649326934.553891000,52.32.181.16
1698,-66,1649326934.553895000,52.32.181.16
1699,-66,1649326934.553899000,52.32.181.16
1700,-66,1649326934.553903000,52.32.181.16
1701,-66,1649326934.555983000,52.32.181.16
1702,-260,1649326934.559183000,52.32.181.16
1703,66,1649326934.559210000,10.11.219.6
1704,163,1649326934.618885000,10.11.219.6
1705,171,1649326934.620951000,10.11.219.6
1706,168,1649326934.621862000,10.11.219.6
1707,170,1649326934.622318000,10.11.219.6
1708,268,1649326934.622677000,10.11.219.6
1709,273,1649326934.624543000,10.11.219.6
1710,-8274,1649326934.626650000,18.65.156.210
1711,66,1649326934.626665000,10.11.219.6
1712,-8264,1649326934.626826000,18.65.156.210
1713,66,1649326934.626831000,10.11.219.6
1714,-11010,1649326934.626841000,18.65.156.210
1715,66,1649326934.626844000,10.11.219.6
1716,-2802,1649326934.629187000,18.65.156.210
1717,66,1649326934.629200000,10.11.219.6
1718,-2792,1649326934.629425000,18.65.156.210
1719,66,1649326934.629429000,10.11.219.6
1720,-20586,1649326934.629437000,18.65.156.210
1721,66,1649326934.629442000,10.11.219.6
1722,-5538,1649326934.631811000,18.65.156.210
1723,66,1649326934.631817000,10.11.219.6
1724,-5538,1649326934.631985000,18.65.156.210
1725,66,1649326934.631990000,10.11.219.6
1726,-13746,1649326934.631999000,18.65.156.210
1727,66,1649326934.632001000,10.11.219.6
1728,-5538,1649326934.634001000,18.65.156.210
1729,66,1649326934.634013000,10.11.219.6
1730,-12378,1649326934.634152000,18.65.156.210
1731,66,1649326934.634158000,10.11.219.6
1732,-6906,1649326934.634178000,18.65.156.210
1733,66,1649326934.634182000,10.11.219.6
1734,-2802,1649326934.636330000,18.65.156.210
1735,66,1649326934.636337000,10.11.219.6
1736,-5538,1649326934.636518000,18.65.156.210
1737,66,1649326934.636522000,10.11.219.6
1738,-791,1649326934.636528000,18.65.156.210
1739,78,1649326934.636535000,10.11.219.6
1740,-1434,1649326934.636538000,18.65.156.210
1741,66,1649326934.636542000,10.11.219.6
1742,-66,1649326934.636544000,18.65.156.210
1743,-13746,1649326934.636548000,18.65.156.210
1744,66,1649326934.636631000,10.11.219.6
1745,-2802,1649326934.638934000,18.65.156.210
1746,66,1649326934.638945000,10.11.219.6
1747,-1334,1649326934.639074000,18.65.156.210
1748,-6906,1649326934.639079000,18.65.156.210
1749,-792,1649326934.639086000,18.65.156.210
1750,78,1649326934.639091000,10.11.219.6
1751,-1434,1649326934.639096000,18.65.156.210
1752,66,1649326934.639100000,10.11.219.6
1753,-5584,1649326934.639120000,18.65.156.210
1754,-1351,1649326934.639122000,18.65.156.210
1755,-196,1649326934.639124000,18.65.156.210
1756,78,1649326934.639128000,10.11.219.6
1757,-1434,1649326934.639132000,18.65.156.210
1758,66,1649326934.639135000,10.11.219.6
1759,-1299,1649326934.639140000,18.65.156.210
1760,66,1649326934.639610000,10.11.219.6
1761,166,1649326934.725051000,10.11.219.6
1762,-5538,1649326934.729540000,18.65.156.210
1763,66,1649326934.729607000,10.11.219.6
1764,-11000,1649326934.729647000,18.65.156.210
1765,66,1649326934.729672000,10.11.219.6
1766,-4170,1649326934.729674000,18.65.156.210
1767,66,1649326934.729869000,10.11.219.6
1768,-2802,1649326934.732043000,18.65.156.210
1769,66,1649326934.732057000,10.11.219.6
1770,-9632,1649326934.732204000,18.65.156.210
1771,-9642,1649326934.732210000,18.65.156.210
1772,66,1649326934.732245000,10.11.219.6
1773,-11010,1649326934.733681000,18.65.156.210
1774,66,1649326934.733741000,10.11.219.6
1775,-2802,1649326934.744933000,18.65.156.210
1776,66,1649326934.744947000,10.11.219.6
1777,-8274,1649326934.745034000,18.65.156.210
1778,-5422,1649326934.745039000,18.65.156.210
1779,66,1649326934.745087000,10.11.219.6
1780,189,1649326934.846281000,10.11.219.6
1781,457,1649326934.846316000,10.11.219.6
1782,-66,1649326934.850678000,18.65.110.227
1783,-66,1649326934.850689000,18.65.110.227
1784,-932,1649326934.990989000,18.65.110.227
1785,66,1649326934.991014000,10.11.219.6
1786,-97,1649326934.991058000,18.65.110.227
1787,66,1649326934.991064000,10.11.219.6
1788,105,1649326936.311836000,10.11.219.6
1789,105,1649326936.311871000,10.11.219.6
1790,105,1649326936.311926000,10.11.219.6
1791,105,1649326936.311986000,10.11.219.6
1792,105,1649326936.312000000,10.11.219.6
1793,112,1649326936.312018000,10.11.219.6
1794,112,1649326936.312076000,10.11.219.6
1795,85,1649326936.312106000,10.11.219.6
1796,54,1649326936.312114000,10.11.219.6
1797,97,1649326936.312209000,10.11.219.6
1798,66,1649326936.312215000,10.11.219.6
1799,97,1649326936.312254000,10.11.219.6
1800,66,1649326936.312262000,10.11.219.6
1801,85,1649326936.312317000,10.11.219.6
1802,54,1649326936.312323000,10.11.219.6
1803,85,1649326936.312379000,10.11.219.6
1804,54,1649326936.312385000,10.11.219.6
1805,97,1649326936.312474000,10.11.219.6
1806,66,1649326936.312481000,10.11.219.6
1807,97,1649326936.312563000,10.11.219.6
1808,66,1649326936.312572000,10.11.219.6
1809,85,1649326936.312677000,10.11.219.6
1810,54,1649326936.312684000,10.11.219.6
1811,97,1649326936.312870000,10.11.219.6
1812,66,1649326936.312879000,10.11.219.6
1813,90,1649326936.313000000,10.11.219.6
1814,66,1649326936.313007000,10.11.219.6
1815,90,1649326936.313266000,10.11.219.6
1816,66,1649326936.313278000,10.11.219.6
1817,97,1649326936.313414000,10.11.219.6
1818,66,1649326936.313427000,10.11.219.6
1819,90,1649326936.313570000,10.11.219.6
1820,66,1649326936.313584000,10.11.219.6
1821,90,1649326936.313721000,10.11.219.6
1822,66,1649326936.313733000,10.11.219.6
1823,90,1649326936.313979000,10.11.219.6
1824,66,1649326936.313991000,10.11.219.6
1825,-66,1649326936.315428000,18.65.156.210
1826,-66,1649326936.315442000,18.65.156.177
1827,-66,1649326936.315446000,18.65.110.227
1828,-66,1649326936.315449000,18.65.116.40
1829,-66,1649326936.315510000,18.65.116.118
1830,-66,1649326936.315522000,18.65.116.118
1831,66,1649326936.315528000,10.11.219.6
1832,-66,1649326936.315535000,18.65.116.118
1833,66,1649326936.315539000,10.11.219.6
1834,-66,1649326936.315547000,18.65.156.210
1835,-66,1649326936.316494000,18.65.156.210
1836,66,1649326936.316512000,10.11.219.6
1837,-66,1649326936.316533000,18.65.114.62
1838,-66,1649326936.316540000,18.65.114.62
1839,66,1649326936.316546000,10.11.219.6
1840,-66,1649326936.316553000,18.65.156.177
1841,-66,1649326936.316557000,18.65.156.177
1842,66,1649326936.316560000,10.11.219.6
1843,-66,1649326936.316565000,18.65.116.40
1844,-66,1649326936.316569000,18.65.116.40
1845,66,1649326936.316571000,10.11.219.6
1846,-66,1649326936.316574000,18.65.116.40
1847,-66,1649326936.316593000,18.65.156.210
1848,-66,1649326936.316597000,18.65.110.227
1849,-66,1649326936.316600000,18.65.110.227
1850,66,1649326936.316604000,10.11.219.6
1851,-66,1649326936.316611000,18.65.156.210
1852,66,1649326936.316619000,10.11.219.6
1853,74,1649326936.316849000,10.11.219.6
1854,-66,1649326936.322853000,35.74.160.45
1855,-66,1649326936.323987000,35.74.160.45
1856,66,1649326936.324011000,10.11.219.6
1857,-66,1649326936.326072000,35.74.160.45
1858,-66,1649326936.327144000,35.74.160.45
1859,66,1649326936.327168000,10.11.219.6
