0.1891429542744385
