index,size,time,ip
0,78,1649198500.27207,192.168.1.3
1,78,1649198500.272943,192.168.1.3
2,-74,1649198500.283632,18.65.110.227
3,-74,1649198500.283641,18.65.110.227
4,66,1649198500.283702,192.168.1.3
5,66,1649198500.283723,192.168.1.3
6,583,1649198500.284559,192.168.1.3
7,583,1649198500.28499,192.168.1.3
8,-66,1649198500.29268,18.65.110.227
9,-1468,1649198500.292681,18.65.110.227
10,-1468,1649198500.292681,18.65.110.227
11,-1468,1649198500.292683,18.65.110.227
12,-66,1649198500.292692,18.65.110.227
13,66,1649198500.292748,192.168.1.3
14,66,1649198500.292856,192.168.1.3
15,-1115,1649198500.294292,18.65.110.227
16,-1468,1649198500.2943,18.65.110.227
17,-1468,1649198500.294301,18.65.110.227
18,-1468,1649198500.294302,18.65.110.227
19,66,1649198500.294346,192.168.1.3
20,66,1649198500.294369,192.168.1.3
21,66,1649198500.295495,192.168.1.3
22,-1115,1649198500.296006,18.65.110.227
23,66,1649198500.296052,192.168.1.3
24,130,1649198500.312992,192.168.1.3
25,130,1649198500.313163,192.168.1.3
26,66,1649198500.313245,192.168.1.3
27,158,1649198500.31335,192.168.1.3
28,719,1649198500.313676,192.168.1.3
29,-66,1649198500.323913,18.65.110.227
30,-66,1649198500.323914,18.65.110.227
31,-137,1649198500.323914,18.65.110.227
32,-66,1649198500.323924,18.65.110.227
33,-128,1649198500.323924,18.65.110.227
34,66,1649198500.323993,192.168.1.3
35,-66,1649198500.324356,18.65.110.227
36,-66,1649198500.324377,18.65.110.227
37,54,1649198500.324437,192.168.1.3
38,97,1649198500.324438,192.168.1.3
39,-66,1649198500.331774,18.65.110.227
40,-1173,1649198500.546633,18.65.110.227
41,66,1649198500.546702,192.168.1.3
42,-1468,1649198500.552226,18.65.110.227
43,-1468,1649198500.552228,18.65.110.227
44,-1468,1649198500.552228,18.65.110.227
45,-1468,1649198500.552229,18.65.110.227
46,-1468,1649198500.55223,18.65.110.227
47,-1468,1649198500.552242,18.65.110.227
48,66,1649198500.552268,192.168.1.3
49,66,1649198500.552282,192.168.1.3
50,66,1649198500.552307,192.168.1.3
51,-1468,1649198500.55301,18.65.110.227
52,-1468,1649198500.553011,18.65.110.227
53,-526,1649198500.553012,18.65.110.227
54,66,1649198500.553041,192.168.1.3
55,66,1649198500.553135,192.168.1.3
56,-1468,1649198500.643341,18.65.110.227
57,-1468,1649198500.643341,18.65.110.227
58,-1468,1649198500.643342,18.65.110.227
59,-1468,1649198500.643343,18.65.110.227
60,-1468,1649198500.643344,18.65.110.227
61,-1468,1649198500.643344,18.65.110.227
62,-1468,1649198500.643345,18.65.110.227
63,-1468,1649198500.643346,18.65.110.227
64,-1468,1649198500.643346,18.65.110.227
65,-1468,1649198500.643347,18.65.110.227
66,-1468,1649198500.643347,18.65.110.227
67,-1050,1649198500.643348,18.65.110.227
68,66,1649198500.643409,192.168.1.3
69,66,1649198500.643424,192.168.1.3
70,66,1649198500.643462,192.168.1.3
71,-1468,1649198500.646099,18.65.110.227
72,-1468,1649198500.6461,18.65.110.227
73,-1468,1649198500.646101,18.65.110.227
74,-1468,1649198500.646101,18.65.110.227
75,-1468,1649198500.646102,18.65.110.227
76,-1468,1649198500.646103,18.65.110.227
77,66,1649198500.646138,192.168.1.3
78,66,1649198500.646497,192.168.1.3
79,-1468,1649198500.647359,18.65.110.227
80,-1468,1649198500.64736,18.65.110.227
81,-1227,1649198500.647361,18.65.110.227
82,66,1649198500.647391,192.168.1.3
83,66,1649198500.647765,192.168.1.3
84,78,1649198500.67372,192.168.1.3
85,-1468,1649198500.737253,18.65.110.227
86,-1468,1649198500.737254,18.65.110.227
87,-1468,1649198500.737255,18.65.110.227
88,-1468,1649198500.737255,18.65.110.227
89,-1468,1649198500.737256,18.65.110.227
90,-260,1649198500.737257,18.65.110.227
91,66,1649198500.737301,192.168.1.3
92,-1468,1649198500.738176,18.65.110.227
93,-1468,1649198500.738179,18.65.110.227
94,-1468,1649198500.73818,18.65.110.227
95,-1468,1649198500.738181,18.65.110.227
96,-1468,1649198500.738182,18.65.110.227
97,-1468,1649198500.738186,18.65.110.227
98,66,1649198500.738216,192.168.1.3
99,-1468,1649198500.738602,18.65.110.227
100,-1468,1649198500.738603,18.65.110.227
101,-1468,1649198500.738603,18.65.110.227
102,-1468,1649198500.738605,18.65.110.227
103,-1468,1649198500.738605,18.65.110.227
104,-1050,1649198500.738606,18.65.110.227
105,66,1649198500.738636,192.168.1.3
106,66,1649198500.738897,192.168.1.3
107,-1468,1649198500.739851,18.65.110.227
108,-1468,1649198500.739852,18.65.110.227
109,-1468,1649198500.739853,18.65.110.227
110,-1468,1649198500.739853,18.65.110.227
111,-1468,1649198500.739854,18.65.110.227
112,-1468,1649198500.739855,18.65.110.227
113,66,1649198500.739887,192.168.1.3
114,66,1649198500.74041,192.168.1.3
115,-1468,1649198500.740836,18.65.110.227
116,-1468,1649198500.740837,18.65.110.227
117,-1468,1649198500.740838,18.65.110.227
118,-1468,1649198500.740839,18.65.110.227
119,-1468,1649198500.74084,18.65.110.227
120,-1468,1649198500.74084,18.65.110.227
121,66,1649198500.740873,192.168.1.3
122,66,1649198500.741181,192.168.1.3
123,-1468,1649198500.741577,18.65.110.227
124,-1468,1649198500.741578,18.65.110.227
125,-1468,1649198500.741579,18.65.110.227
126,-1468,1649198500.741579,18.65.110.227
127,-1468,1649198500.74158,18.65.110.227
128,-1468,1649198500.741581,18.65.110.227
129,66,1649198500.741608,192.168.1.3
130,66,1649198500.741661,192.168.1.3
131,-1468,1649198500.742668,18.65.110.227
132,-1468,1649198500.742669,18.65.110.227
133,-694,1649198500.742669,18.65.110.227
134,66,1649198500.742698,192.168.1.3
135,66,1649198500.742773,192.168.1.3
136,-74,1649198500.805736,54.191.28.19
137,66,1649198500.80578,192.168.1.3
138,583,1649198500.80599,192.168.1.3
139,-1468,1649198500.818869,18.65.110.227
140,-1468,1649198500.81887,18.65.110.227
141,-1468,1649198500.81887,18.65.110.227
142,-1468,1649198500.818871,18.65.110.227
143,-1468,1649198500.818872,18.65.110.227
144,-1468,1649198500.818873,18.65.110.227
145,-1468,1649198500.818873,18.65.110.227
146,-1468,1649198500.818874,18.65.110.227
147,-1468,1649198500.818875,18.65.110.227
148,-1468,1649198500.818876,18.65.110.227
149,-144,1649198500.818877,18.65.110.227
150,66,1649198500.81892,192.168.1.3
151,66,1649198500.819053,192.168.1.3
152,-279,1649198500.847021,18.65.110.227
153,-1468,1649198500.848005,18.65.110.227
154,-1468,1649198500.848006,18.65.110.227
155,-1468,1649198500.848007,18.65.110.227
156,-1334,1649198500.848008,18.65.110.227
157,66,1649198500.851019,192.168.1.3
158,-1468,1649198500.858784,18.65.110.227
159,-1468,1649198500.858785,18.65.110.227
160,-1468,1649198500.858786,18.65.110.227
161,-1468,1649198500.858787,18.65.110.227
162,-1468,1649198500.858788,18.65.110.227
163,-1468,1649198500.858789,18.65.110.227
164,-1468,1649198500.85879,18.65.110.227
165,-503,1649198500.85879,18.65.110.227
166,66,1649198500.858941,192.168.1.3
167,-698,1649198500.861357,18.65.110.227
168,66,1649198500.861579,192.168.1.3
169,-855,1649198500.861843,18.65.110.227
170,66,1649198500.861887,192.168.1.3
171,-942,1649198500.871206,18.65.110.227
172,66,1649198500.872284,192.168.1.3
173,-66,1649198500.939727,54.191.28.19
174,-1468,1649198500.941395,54.191.28.19
175,-1468,1649198500.941395,54.191.28.19
176,-1468,1649198500.941396,54.191.28.19
177,-1305,1649198500.941397,54.191.28.19
178,66,1649198500.941436,192.168.1.3
179,66,1649198500.94151,192.168.1.3
180,192,1649198500.950109,192.168.1.3
181,165,1649198500.950391,192.168.1.3
182,650,1649198500.950629,192.168.1.3
183,-112,1649198500.973372,162.125.35.134
184,66,1649198500.973577,192.168.1.3
185,-324,1649198501.081562,54.191.28.19
186,-135,1649198501.081563,54.191.28.19
187,-66,1649198501.081563,54.191.28.19
188,-104,1649198501.081564,54.191.28.19
189,66,1649198501.081626,192.168.1.3
190,66,1649198501.081649,192.168.1.3
191,104,1649198501.081886,192.168.1.3
192,-236,1649198501.084853,54.191.28.19
193,-104,1649198501.084854,54.191.28.19
194,66,1649198501.08491,192.168.1.3
195,-1468,1649198501.264192,18.65.110.227
196,-1468,1649198501.264194,18.65.110.227
197,-863,1649198501.264195,18.65.110.227
198,-1468,1649198501.264196,18.65.110.227
199,-1468,1649198501.264197,18.65.110.227
200,-1066,1649198501.264198,18.65.110.227
201,66,1649198501.264334,192.168.1.3
202,-1468,1649198501.264389,18.65.110.227
203,-1468,1649198501.264391,18.65.110.227
204,-1468,1649198501.264392,18.65.110.227
205,-1468,1649198501.264395,18.65.110.227
206,-711,1649198501.264396,18.65.110.227
207,-1468,1649198501.264397,18.65.110.227
208,-1468,1649198501.264417,18.65.110.227
209,-1468,1649198501.264419,18.65.110.227
210,-1468,1649198501.264508,18.65.110.227
211,-1468,1649198501.26451,18.65.110.227
212,-1468,1649198501.264511,18.65.110.227
213,-680,1649198501.264512,18.65.110.227
214,-1468,1649198501.264513,18.65.110.227
215,-1468,1649198501.264514,18.65.110.227
216,-1468,1649198501.264515,18.65.110.227
217,-1468,1649198501.264517,18.65.110.227
218,-1468,1649198501.264615,18.65.110.227
219,-1468,1649198501.264617,18.65.110.227
220,-686,1649198501.264619,18.65.110.227
221,-1468,1649198501.26462,18.65.110.227
222,-1468,1649198501.26473,18.65.110.227
223,-1468,1649198501.264731,18.65.110.227
224,-1468,1649198501.264732,18.65.110.227
225,-1468,1649198501.264733,18.65.110.227
226,66,1649198501.264889,192.168.1.3
227,-1468,1649198501.265502,18.65.110.227
228,-1468,1649198501.265503,18.65.110.227
229,-1468,1649198501.265504,18.65.110.227
230,-1468,1649198501.265505,18.65.110.227
231,-1468,1649198501.265506,18.65.110.227
232,-1468,1649198501.265507,18.65.110.227
233,-564,1649198501.265507,18.65.110.227
234,-1111,1649198501.265508,18.65.110.227
235,-66,1649198501.265519,54.191.28.19
236,66,1649198501.265627,192.168.1.3
237,-1468,1649198501.269533,18.65.110.227
238,-1468,1649198501.269534,18.65.110.227
239,-646,1649198501.269535,18.65.110.227
240,66,1649198501.269634,192.168.1.3
241,810,1649198501.60216,192.168.1.3
242,-66,1649198501.609695,18.65.110.227
243,-427,1649198501.790696,18.65.110.227
244,66,1649198501.79074,192.168.1.3
245,-1468,1649198501.808555,18.65.110.227
246,-1468,1649198501.808556,18.65.110.227
247,-1468,1649198501.808557,18.65.110.227
248,-462,1649198501.808557,18.65.110.227
249,-107,1649198501.808558,18.65.110.227
250,-97,1649198501.808558,18.65.110.227
251,66,1649198501.80859,192.168.1.3
252,66,1649198501.808635,192.168.1.3
253,78,1649198501.82719,192.168.1.3
254,-74,1649198501.834863,18.65.121.44
255,66,1649198501.83489,192.168.1.3
256,583,1649198501.835065,192.168.1.3
257,-66,1649198501.844583,18.65.121.44
258,-1468,1649198501.844584,18.65.121.44
259,-1468,1649198501.844585,18.65.121.44
260,-1468,1649198501.844585,18.65.121.44
261,-1468,1649198501.844586,18.65.121.44
262,66,1649198501.844631,192.168.1.3
263,66,1649198501.844735,192.168.1.3
264,-431,1649198501.845402,18.65.121.44
265,66,1649198501.845422,192.168.1.3
266,130,1649198501.852245,192.168.1.3
267,676,1649198501.852493,192.168.1.3
268,-66,1649198501.859441,18.65.121.44
269,-66,1649198501.859441,18.65.121.44
270,-1468,1649198501.859986,18.65.121.44
271,-1468,1649198501.859987,18.65.121.44
272,-1468,1649198501.859987,18.65.121.44
273,-1468,1649198501.859988,18.65.121.44
274,-1468,1649198501.859988,18.65.121.44
275,-1468,1649198501.859989,18.65.121.44
276,-1468,1649198501.859989,18.65.121.44
277,-1468,1649198501.85999,18.65.121.44
278,66,1649198501.860017,192.168.1.3
279,66,1649198501.860065,192.168.1.3
280,-1468,1649198501.860085,18.65.121.44
281,-1468,1649198501.860086,18.65.121.44
282,-1468,1649198501.860086,18.65.121.44
283,-1050,1649198501.860087,18.65.121.44
284,66,1649198501.860109,192.168.1.3
285,66,1649198501.860134,192.168.1.3
286,-1468,1649198501.861078,18.65.121.44
287,-1468,1649198501.861078,18.65.121.44
288,-1468,1649198501.861079,18.65.121.44
289,-1468,1649198501.861079,18.65.121.44
290,-1468,1649198501.86108,18.65.121.44
291,-1468,1649198501.86108,18.65.121.44
292,-1468,1649198501.861081,18.65.121.44
293,-1468,1649198501.861081,18.65.121.44
294,66,1649198501.861112,192.168.1.3
295,-1468,1649198501.861203,18.65.121.44
296,66,1649198501.861216,192.168.1.3
297,66,1649198501.861249,192.168.1.3
298,-1468,1649198501.861827,18.65.121.44
299,-1468,1649198501.861828,18.65.121.44
300,-1468,1649198501.861829,18.65.121.44
301,-1468,1649198501.861829,18.65.121.44
302,-1468,1649198501.86183,18.65.121.44
303,-1468,1649198501.86183,18.65.121.44
304,-1468,1649198501.861831,18.65.121.44
305,-1468,1649198501.861832,18.65.121.44
306,-1468,1649198501.861832,18.65.121.44
307,66,1649198501.86186,192.168.1.3
308,66,1649198501.861966,192.168.1.3
309,-1468,1649198501.867036,18.65.121.44
310,-1468,1649198501.867037,18.65.121.44
311,-1468,1649198501.867038,18.65.121.44
312,-1468,1649198501.867039,18.65.121.44
313,-1468,1649198501.867039,18.65.121.44
314,-1468,1649198501.86704,18.65.121.44
315,-1468,1649198501.867041,18.65.121.44
316,-287,1649198501.867041,18.65.121.44
317,66,1649198501.86709,192.168.1.3
318,66,1649198501.867222,192.168.1.3
319,-249,1649198501.934762,18.65.110.227
320,66,1649198501.934819,192.168.1.3
321,-372,1649198501.955841,18.65.110.227
322,66,1649198501.955905,192.168.1.3
323,-644,1649198501.976444,18.65.110.227
324,66,1649198501.976492,192.168.1.3
325,-1468,1649198501.97688,18.65.110.227
326,-1156,1649198501.976881,18.65.110.227
327,66,1649198501.976932,192.168.1.3
328,-962,1649198501.994633,18.65.110.227
329,66,1649198501.994689,192.168.1.3
330,78,1649198502.012175,192.168.1.3
331,-1468,1649198502.019217,18.65.110.227
332,-1468,1649198502.019218,18.65.110.227
333,-1468,1649198502.019219,18.65.110.227
334,-1468,1649198502.01922,18.65.110.227
335,-402,1649198502.019221,18.65.110.227
336,66,1649198502.019277,192.168.1.3
337,66,1649198502.019391,192.168.1.3
338,-74,1649198502.020419,18.65.106.62
339,66,1649198502.020486,192.168.1.3
340,583,1649198502.021024,192.168.1.3
341,-66,1649198502.031219,18.65.106.62
342,-1468,1649198502.03122,18.65.106.62
343,-1468,1649198502.031221,18.65.106.62
344,-1468,1649198502.031222,18.65.106.62
345,66,1649198502.031277,192.168.1.3
346,66,1649198502.031384,192.168.1.3
347,-1468,1649198502.031767,18.65.106.62
348,-431,1649198502.031769,18.65.106.62
349,66,1649198502.03182,192.168.1.3
350,130,1649198502.042533,192.168.1.3
351,706,1649198502.042661,192.168.1.3
352,-66,1649198502.053707,18.65.106.62
353,-66,1649198502.053708,18.65.106.62
354,-1468,1649198502.055142,18.65.106.62
355,-1468,1649198502.055145,18.65.106.62
356,-1468,1649198502.055146,18.65.106.62
357,-441,1649198502.055148,18.65.106.62
358,66,1649198502.055222,192.168.1.3
359,66,1649198502.055313,192.168.1.3
360,-1032,1649198502.105038,18.65.110.227
361,66,1649198502.105082,192.168.1.3
362,253,1649198502.122962,192.168.1.3
363,1293,1649198502.123008,192.168.1.3
364,-66,1649198502.130081,18.65.110.227
365,-66,1649198502.130688,18.65.110.227
366,-596,1649198502.184027,18.65.110.227
367,66,1649198502.184063,192.168.1.3
368,-237,1649198502.199381,18.65.110.227
369,66,1649198502.199405,192.168.1.3
370,-1468,1649198502.207662,18.65.110.227
371,-493,1649198502.207662,18.65.110.227
372,66,1649198502.20772,192.168.1.3
373,-1468,1649198502.23056,18.65.110.227
374,-1468,1649198502.230561,18.65.110.227
375,-1138,1649198502.230562,18.65.110.227
376,66,1649198502.230593,192.168.1.3
377,66,1649198502.23079,192.168.1.3
378,-1468,1649198502.263494,18.65.110.227
379,-486,1649198502.263494,18.65.110.227
380,-97,1649198502.263495,18.65.110.227
381,66,1649198502.263526,192.168.1.3
382,-1055,1649198502.29136,18.65.110.227
383,66,1649198502.291397,192.168.1.3
384,-209,1649198502.302991,18.65.110.227
385,66,1649198502.30303,192.168.1.3
386,-1468,1649198502.311005,18.65.110.227
387,-1468,1649198502.311007,18.65.110.227
388,-1468,1649198502.311008,18.65.110.227
389,-1468,1649198502.311009,18.65.110.227
390,-1468,1649198502.31101,18.65.110.227
391,-1275,1649198502.31101,18.65.110.227
392,66,1649198502.311151,192.168.1.3
393,-1468,1649198502.330707,18.65.110.227
394,-1468,1649198502.330708,18.65.110.227
395,-1468,1649198502.330708,18.65.110.227
396,-1468,1649198502.330709,18.65.110.227
397,-1468,1649198502.33071,18.65.110.227
398,-1468,1649198502.33071,18.65.110.227
399,-1468,1649198502.330711,18.65.110.227
400,-1468,1649198502.330712,18.65.110.227
401,-1468,1649198502.33075,18.65.110.227
402,-1468,1649198502.33075,18.65.110.227
403,-1468,1649198502.330751,18.65.110.227
404,-1050,1649198502.330751,18.65.110.227
405,66,1649198502.330841,192.168.1.3
406,-1468,1649198502.331584,18.65.110.227
407,-116,1649198502.331585,18.65.110.227
408,66,1649198502.331692,192.168.1.3
409,-461,1649198502.333929,18.65.110.227
410,66,1649198502.335131,192.168.1.3
411,-1468,1649198502.365462,18.65.110.227
412,-1468,1649198502.365463,18.65.110.227
413,-1261,1649198502.365463,18.65.110.227
414,66,1649198502.366383,192.168.1.3
415,-1468,1649198502.632202,18.65.110.227
416,-1468,1649198502.632203,18.65.110.227
417,-669,1649198502.632204,18.65.110.227
418,66,1649198502.632306,192.168.1.3
419,-295,1649198502.655615,18.65.110.227
420,-1468,1649198502.656551,18.65.110.227
421,-1468,1649198502.656552,18.65.110.227
422,-1468,1649198502.656553,18.65.110.227
423,-1249,1649198502.656554,18.65.110.227
424,66,1649198502.657819,192.168.1.3
425,-1468,1649198502.666964,18.65.110.227
426,-1468,1649198502.666965,18.65.110.227
427,-1468,1649198502.666966,18.65.110.227
428,-1468,1649198502.666967,18.65.110.227
429,-1468,1649198502.666967,18.65.110.227
430,-1468,1649198502.666968,18.65.110.227
431,-680,1649198502.666968,18.65.110.227
432,66,1649198502.667168,192.168.1.3
433,-1468,1649198502.66815,18.65.110.227
434,-1468,1649198502.66815,18.65.110.227
435,-1468,1649198502.668151,18.65.110.227
436,-1468,1649198502.668151,18.65.110.227
437,-1468,1649198502.668152,18.65.110.227
438,-1468,1649198502.668153,18.65.110.227
439,-1468,1649198502.668153,18.65.110.227
440,-1468,1649198502.668154,18.65.110.227
441,-1468,1649198502.668154,18.65.110.227
442,-1468,1649198502.668155,18.65.110.227
443,-1468,1649198502.668155,18.65.110.227
444,-1050,1649198502.668156,18.65.110.227
445,66,1649198502.668225,192.168.1.3
446,-1468,1649198502.669154,18.65.110.227
447,-1468,1649198502.669155,18.65.110.227
448,-231,1649198502.669155,18.65.110.227
449,66,1649198502.66922,192.168.1.3
450,78,1649198502.691938,192.168.1.3
451,-66,1649198502.819608,52.119.174.17
452,54,1649198502.819657,192.168.1.3
453,571,1649198502.822108,192.168.1.3
454,78,1649198502.835078,192.168.1.3
455,-60,1649198502.946668,52.119.174.17
456,-60,1649198502.948698,52.119.174.17
457,-1414,1649198502.95048,52.119.174.17
458,-1414,1649198502.950481,52.119.174.17
459,-1414,1649198502.950482,52.119.174.17
460,-1414,1649198502.950482,52.119.174.17
461,-516,1649198502.950483,52.119.174.17
462,54,1649198502.950519,192.168.1.3
463,54,1649198502.950639,192.168.1.3
464,-66,1649198502.952641,52.94.208.231
465,54,1649198502.952694,192.168.1.3
466,571,1649198502.953786,192.168.1.3
467,180,1649198502.964843,192.168.1.3
468,416,1649198503.013686,192.168.1.3
469,201,1649198503.01598,192.168.1.3
470,194,1649198503.016425,192.168.1.3
471,-66,1649198503.020891,18.65.110.227
472,-66,1649198503.023248,18.65.110.227
473,-66,1649198503.023248,18.65.110.227
474,191,1649198503.04258,192.168.1.3
475,191,1649198503.043929,192.168.1.3
476,-66,1649198503.049779,18.65.110.227
477,-66,1649198503.050656,18.65.110.227
478,-60,1649198503.067336,52.94.208.231
479,-60,1649198503.070078,52.94.208.231
480,-1414,1649198503.071895,52.94.208.231
481,-1414,1649198503.071896,52.94.208.231
482,-1414,1649198503.071896,52.94.208.231
483,-1414,1649198503.071897,52.94.208.231
484,-616,1649198503.071898,52.94.208.231
485,54,1649198503.071933,192.168.1.3
486,54,1649198503.072122,192.168.1.3
487,180,1649198503.078736,192.168.1.3
488,-105,1649198503.09149,52.119.174.17
489,54,1649198503.091527,192.168.1.3
490,738,1649198503.091694,192.168.1.3
491,78,1649198503.125922,192.168.1.3
492,-684,1649198503.14056,18.65.110.227
493,-97,1649198503.140561,18.65.110.227
494,66,1649198503.140604,192.168.1.3
495,-686,1649198503.144043,18.65.110.227
496,-97,1649198503.144044,18.65.110.227
497,66,1649198503.144083,192.168.1.3
498,-684,1649198503.145983,18.65.110.227
499,-97,1649198503.145984,18.65.110.227
500,66,1649198503.146014,192.168.1.3
501,-686,1649198503.169721,18.65.110.227
502,-97,1649198503.169722,18.65.110.227
503,66,1649198503.169773,192.168.1.3
504,-684,1649198503.173585,18.65.110.227
505,-97,1649198503.173586,18.65.110.227
506,66,1649198503.173627,192.168.1.3
507,-105,1649198503.19382,52.94.208.231
508,54,1649198503.193882,192.168.1.3
509,763,1649198503.194187,192.168.1.3
510,-503,1649198503.244722,52.119.174.17
511,54,1649198503.244763,192.168.1.3
512,-66,1649198503.247934,52.119.163.144
513,54,1649198503.247972,192.168.1.3
514,571,1649198503.248184,192.168.1.3
515,777,1649198503.272269,192.168.1.3
516,1071,1649198503.272563,192.168.1.3
517,1414,1649198503.272652,192.168.1.3
518,616,1649198503.273544,192.168.1.3
519,840,1649198503.273711,192.168.1.3
520,-66,1649198503.279234,18.65.110.227
521,-66,1649198503.280325,18.65.110.227
522,272,1649198503.288501,192.168.1.3
523,375,1649198503.288705,192.168.1.3
524,78,1649198503.293788,192.168.1.3
525,-66,1649198503.295532,18.65.110.227
526,78,1649198503.297218,192.168.1.3
527,-74,1649198503.304895,18.65.156.177
528,66,1649198503.304933,192.168.1.3
529,583,1649198503.306129,192.168.1.3
530,-66,1649198503.3139,18.65.156.177
531,-1468,1649198503.313901,18.65.156.177
532,-1468,1649198503.313901,18.65.156.177
533,-1468,1649198503.313902,18.65.156.177
534,66,1649198503.313947,192.168.1.3
535,66,1649198503.314067,192.168.1.3
536,-1468,1649198503.314332,18.65.156.177
537,66,1649198503.314358,192.168.1.3
538,-432,1649198503.31558,18.65.156.177
539,66,1649198503.315615,192.168.1.3
540,142,1649198503.331754,192.168.1.3
541,130,1649198503.337823,192.168.1.3
542,-66,1649198503.340498,18.65.110.227
543,158,1649198503.342181,192.168.1.3
544,-1468,1649198503.342349,18.65.110.227
545,-1468,1649198503.34235,18.65.110.227
546,-262,1649198503.34235,18.65.110.227
547,66,1649198503.342511,192.168.1.3
548,66,1649198503.342732,192.168.1.3
549,500,1649198503.34462,192.168.1.3
550,-66,1649198503.34506,18.65.156.177
551,-128,1649198503.345061,18.65.156.177
552,66,1649198503.345098,192.168.1.3
553,97,1649198503.345547,192.168.1.3
554,-66,1649198503.349137,18.65.156.177
555,-97,1649198503.349138,18.65.156.177
556,66,1649198503.34918,192.168.1.3
557,-66,1649198503.352108,18.65.156.177
558,-1468,1649198503.352179,18.65.156.177
559,-1468,1649198503.35218,18.65.156.177
560,-1468,1649198503.352182,18.65.156.177
561,-1468,1649198503.352184,18.65.156.177
562,-1468,1649198503.352184,18.65.156.177
563,-1468,1649198503.352185,18.65.156.177
564,-1315,1649198503.352186,18.65.156.177
565,66,1649198503.352209,192.168.1.3
566,66,1649198503.353022,192.168.1.3
567,-66,1649198503.353172,18.65.156.177
568,-60,1649198503.366148,52.119.163.144
569,-60,1649198503.366751,52.119.163.144
570,-1414,1649198503.367801,52.119.163.144
571,-1414,1649198503.367802,52.119.163.144
572,-1414,1649198503.367803,52.119.163.144
573,-1414,1649198503.367803,52.119.163.144
574,-574,1649198503.367804,52.119.163.144
575,-60,1649198503.367811,52.94.208.231
576,54,1649198503.367841,192.168.1.3
577,54,1649198503.368734,192.168.1.3
578,180,1649198503.379717,192.168.1.3
579,-669,1649198503.385475,18.65.110.227
580,-97,1649198503.385476,18.65.110.227
581,66,1649198503.385511,192.168.1.3
582,-670,1649198503.387381,18.65.110.227
583,-97,1649198503.387382,18.65.110.227
584,66,1649198503.387412,192.168.1.3
585,-669,1649198503.401439,18.65.110.227
586,-97,1649198503.401439,18.65.110.227
587,66,1649198503.40147,192.168.1.3
588,-66,1649198503.403852,54.191.28.19
589,-66,1649198503.403852,54.191.28.19
590,-66,1649198503.404945,54.191.28.19
591,-235,1649198503.406393,54.191.28.19
592,-104,1649198503.406394,54.191.28.19
593,66,1649198503.406418,192.168.1.3
594,-235,1649198503.407924,54.191.28.19
595,-104,1649198503.407924,54.191.28.19
596,66,1649198503.407954,192.168.1.3
597,-235,1649198503.419001,54.191.28.19
598,-104,1649198503.419002,54.191.28.19
599,66,1649198503.419031,192.168.1.3
600,-66,1649198503.420406,52.94.210.112
601,54,1649198503.420448,192.168.1.3
602,571,1649198503.420631,192.168.1.3
603,-235,1649198503.422731,54.191.28.19
604,-104,1649198503.422731,54.191.28.19
605,66,1649198503.422762,192.168.1.3
606,-1414,1649198503.447641,52.94.208.231
607,-1128,1649198503.447642,52.94.208.231
608,-1084,1649198503.447642,52.94.208.231
609,-88,1649198503.447642,52.94.208.231
610,54,1649198503.447678,192.168.1.3
611,54,1649198503.447755,192.168.1.3
612,-105,1649198503.497712,52.119.163.144
613,54,1649198503.497751,192.168.1.3
614,1000,1649198503.497981,192.168.1.3
615,-60,1649198503.547244,52.94.210.112
616,-60,1649198503.550162,52.94.210.112
617,-1414,1649198503.551844,52.94.210.112
618,-1414,1649198503.551845,52.94.210.112
619,-1414,1649198503.551846,52.94.210.112
620,-1414,1649198503.551846,52.94.210.112
621,-639,1649198503.551847,52.94.210.112
622,54,1649198503.551878,192.168.1.3
623,54,1649198503.551918,192.168.1.3
624,180,1649198503.561482,192.168.1.3
625,78,1649198503.615844,192.168.1.3
626,-439,1649198503.623856,52.119.163.144
627,54,1649198503.623902,192.168.1.3
628,-105,1649198503.693874,52.94.210.112
629,54,1649198503.693922,192.168.1.3
630,1070,1649198503.694297,192.168.1.3
631,1414,1649198503.694425,192.168.1.3
632,1414,1649198503.694429,192.168.1.3
633,1414,1649198503.69443,192.168.1.3
634,1414,1649198503.694431,192.168.1.3
635,1414,1649198503.694432,192.168.1.3
636,1414,1649198503.694433,192.168.1.3
637,1414,1649198503.694434,192.168.1.3
638,1414,1649198503.694435,192.168.1.3
639,1414,1649198503.694436,192.168.1.3
640,78,1649198503.716654,192.168.1.3
641,-66,1649198503.743294,52.94.215.121
642,54,1649198503.743358,192.168.1.3
643,571,1649198503.743823,192.168.1.3
644,-60,1649198503.821008,52.94.210.112
645,-60,1649198503.821009,52.94.210.112
646,-60,1649198503.821009,52.94.210.112
647,1414,1649198503.821063,192.168.1.3
648,1414,1649198503.821067,192.168.1.3
649,1414,1649198503.821069,192.168.1.3
650,1414,1649198503.821069,192.168.1.3
651,1414,1649198503.82107,192.168.1.3
652,1414,1649198503.821071,192.168.1.3
653,1414,1649198503.821072,192.168.1.3
654,1414,1649198503.821072,192.168.1.3
655,1414,1649198503.821088,192.168.1.3
656,1414,1649198503.821089,192.168.1.3
657,1414,1649198503.82109,192.168.1.3
658,1414,1649198503.821091,192.168.1.3
659,1414,1649198503.821092,192.168.1.3
660,1414,1649198503.821093,192.168.1.3
661,1414,1649198503.821094,192.168.1.3
662,1414,1649198503.821095,192.168.1.3
663,1414,1649198503.821103,192.168.1.3
664,1414,1649198503.821104,192.168.1.3
665,1414,1649198503.821105,192.168.1.3
666,1414,1649198503.821106,192.168.1.3
667,-66,1649198503.827817,54.240.253.31
668,54,1649198503.827879,192.168.1.3
669,571,1649198503.828088,192.168.1.3
670,-60,1649198503.861661,52.94.215.121
671,-60,1649198503.861661,52.94.215.121
672,-1414,1649198503.862799,52.94.215.121
673,-1414,1649198503.862801,52.94.215.121
674,-1414,1649198503.862802,52.94.215.121
675,-1414,1649198503.862803,52.94.215.121
676,-510,1649198503.862804,52.94.215.121
677,54,1649198503.86287,192.168.1.3
678,54,1649198503.862987,192.168.1.3
679,180,1649198503.874642,192.168.1.3
680,78,1649198503.888883,192.168.1.3
681,-60,1649198503.939045,54.240.253.31
682,-60,1649198503.939867,54.240.253.31
683,-1414,1649198503.940997,54.240.253.31
684,-1414,1649198503.940998,54.240.253.31
685,-1414,1649198503.940999,54.240.253.31
686,-1414,1649198503.940999,54.240.253.31
687,-639,1649198503.941,54.240.253.31
688,54,1649198503.941033,192.168.1.3
689,54,1649198503.941124,192.168.1.3
690,-60,1649198503.947349,52.94.210.112
691,-60,1649198503.94735,52.94.210.112
692,-60,1649198503.94735,52.94.210.112
693,-60,1649198503.947351,52.94.210.112
694,1414,1649198503.947401,192.168.1.3
695,1414,1649198503.947405,192.168.1.3
696,1414,1649198503.947406,192.168.1.3
697,1414,1649198503.947407,192.168.1.3
698,1414,1649198503.947424,192.168.1.3
699,1414,1649198503.947425,192.168.1.3
700,1414,1649198503.947426,192.168.1.3
701,1414,1649198503.947427,192.168.1.3
702,1414,1649198503.947428,192.168.1.3
703,1414,1649198503.947429,192.168.1.3
704,1414,1649198503.947448,192.168.1.3
705,1414,1649198503.947449,192.168.1.3
706,1414,1649198503.94745,192.168.1.3
707,1414,1649198503.94745,192.168.1.3
708,1414,1649198503.947451,192.168.1.3
709,1414,1649198503.947452,192.168.1.3
710,1414,1649198503.947453,192.168.1.3
711,1414,1649198503.947454,192.168.1.3
712,1414,1649198503.9475,192.168.1.3
713,1414,1649198503.947501,192.168.1.3
714,1414,1649198503.947502,192.168.1.3
715,1414,1649198503.947503,192.168.1.3
716,180,1649198503.948347,192.168.1.3
717,-60,1649198503.949054,52.94.210.112
718,-60,1649198503.949054,52.94.210.112
719,1414,1649198503.94909,192.168.1.3
720,1414,1649198503.949093,192.168.1.3
721,620,1649198503.949094,192.168.1.3
722,-60,1649198503.950138,52.94.210.112
723,-60,1649198503.950138,52.94.210.112
724,78,1649198503.950555,192.168.1.3
725,-105,1649198503.991564,52.94.215.121
726,54,1649198503.991644,192.168.1.3
727,1020,1649198503.992244,192.168.1.3
728,-105,1649198504.06006,54.240.253.31
729,54,1649198504.060143,192.168.1.3
730,756,1649198504.060591,192.168.1.3
731,848,1649198504.060625,192.168.1.3
732,-60,1649198504.073975,52.94.210.112
733,-60,1649198504.073976,52.94.210.112
734,-66,1649198504.073984,52.94.234.174
735,54,1649198504.074053,192.168.1.3
736,-60,1649198504.074528,52.94.210.112
737,-60,1649198504.074529,52.94.210.112
738,-60,1649198504.07453,52.94.210.112
739,-60,1649198504.074531,52.94.210.112
740,-60,1649198504.074531,52.94.210.112
741,571,1649198504.074655,192.168.1.3
742,-60,1649198504.075076,52.94.210.112
743,-60,1649198504.075076,52.94.210.112
744,-60,1649198504.075866,52.94.210.112
745,-60,1649198504.075867,52.94.210.112
746,-681,1649198504.105803,52.94.210.112
747,54,1649198504.105863,192.168.1.3
748,-66,1649198504.127612,52.94.234.174
749,54,1649198504.127693,192.168.1.3
750,571,1649198504.128045,192.168.1.3
751,-60,1649198504.163048,52.94.215.121
752,-60,1649198504.172384,54.240.253.31
753,-1098,1649198504.18086,52.94.215.121
754,54,1649198504.180925,192.168.1.3
755,1067,1649198504.184127,192.168.1.3
756,-659,1649198504.188422,54.240.253.31
757,-105,1649198504.188424,54.240.253.31
758,54,1649198504.188483,192.168.1.3
759,-60,1649198504.259829,52.94.234.174
760,-60,1649198504.261749,52.94.234.174
761,-150,1649198504.26175,52.94.234.174
762,-1414,1649198504.261751,52.94.234.174
763,-1414,1649198504.261752,52.94.234.174
764,-1414,1649198504.261753,52.94.234.174
765,-942,1649198504.261754,52.94.234.174
766,54,1649198504.261816,192.168.1.3
767,54,1649198504.261941,192.168.1.3
768,-392,1649198504.262368,52.94.234.174
769,-63,1649198504.26237,52.94.234.174
770,54,1649198504.262439,192.168.1.3
771,204,1649198504.27193,192.168.1.3
772,-63,1649198504.291458,52.94.234.174
773,66,1649198504.291514,192.168.1.3
774,-60,1649198504.301204,52.94.215.121
775,-60,1649198504.305356,52.94.234.174
776,-60,1649198504.305357,52.94.234.174
777,-150,1649198504.305357,52.94.234.174
778,54,1649198504.305436,192.168.1.3
779,-1414,1649198504.306003,52.94.234.174
780,-1414,1649198504.306005,52.94.234.174
781,-1414,1649198504.306006,52.94.234.174
782,-942,1649198504.306007,52.94.234.174
783,54,1649198504.306059,192.168.1.3
784,54,1649198504.306147,192.168.1.3
785,-392,1649198504.306702,52.94.234.174
786,-63,1649198504.306702,52.94.234.174
787,54,1649198504.306742,192.168.1.3
788,204,1649198504.307663,192.168.1.3
789,-63,1649198504.329346,52.94.234.174
790,66,1649198504.329385,192.168.1.3
791,203,1649198504.342662,192.168.1.3
792,1468,1649198504.342776,192.168.1.3
793,1468,1649198504.34278,192.168.1.3
794,1468,1649198504.342781,192.168.1.3
795,1468,1649198504.342782,192.168.1.3
796,1468,1649198504.342783,192.168.1.3
797,1468,1649198504.342784,192.168.1.3
798,1468,1649198504.342785,192.168.1.3
799,1468,1649198504.342786,192.168.1.3
800,1468,1649198504.342787,192.168.1.3
801,1468,1649198504.342788,192.168.1.3
802,1468,1649198504.342789,192.168.1.3
803,1057,1649198504.34279,192.168.1.3
804,1468,1649198504.34285,192.168.1.3
805,-1414,1649198504.392245,52.94.215.121
806,-590,1649198504.392246,52.94.215.121
807,54,1649198504.392293,192.168.1.3
808,78,1649198504.433676,192.168.1.3
809,-60,1649198504.457234,52.94.234.174
810,-60,1649198504.457235,52.94.234.174
811,-123,1649198504.457235,52.94.234.174
812,54,1649198504.457294,192.168.1.3
813,715,1649198504.457564,192.168.1.3
814,-66,1649198504.473734,54.191.28.19
815,1468,1649198504.473778,192.168.1.3
816,1468,1649198504.473782,192.168.1.3
817,-66,1649198504.475044,54.191.28.19
818,-66,1649198504.475044,54.191.28.19
819,-66,1649198504.475045,54.191.28.19
820,1468,1649198504.475074,192.168.1.3
821,1468,1649198504.475076,192.168.1.3
822,1468,1649198504.475077,192.168.1.3
823,1468,1649198504.475078,192.168.1.3
824,1468,1649198504.475078,192.168.1.3
825,1468,1649198504.47508,192.168.1.3
826,1468,1649198504.475095,192.168.1.3
827,1468,1649198504.475096,192.168.1.3
828,1468,1649198504.475097,192.168.1.3
829,1468,1649198504.475099,192.168.1.3
830,1468,1649198504.47511,192.168.1.3
831,1468,1649198504.475111,192.168.1.3
832,1468,1649198504.475112,192.168.1.3
833,1468,1649198504.475113,192.168.1.3
834,-66,1649198504.475397,54.191.28.19
835,-66,1649198504.475397,54.191.28.19
836,-108,1649198504.475398,54.191.28.19
837,1468,1649198504.475423,192.168.1.3
838,1468,1649198504.475425,192.168.1.3
839,1468,1649198504.475426,192.168.1.3
840,1468,1649198504.475427,192.168.1.3
841,1468,1649198504.47544,192.168.1.3
842,1468,1649198504.475451,192.168.1.3
843,1468,1649198504.475452,192.168.1.3
844,1468,1649198504.475454,192.168.1.3
845,-60,1649198504.485089,52.94.234.174
846,-60,1649198504.48509,52.94.234.174
847,-123,1649198504.48509,52.94.234.174
848,54,1649198504.485142,192.168.1.3
849,-66,1649198504.523277,54.191.28.19
850,1468,1649198504.523325,192.168.1.3
851,1468,1649198504.52333,192.168.1.3
852,-66,1649198504.605733,54.191.28.19
853,1468,1649198504.605778,192.168.1.3
854,1468,1649198504.605783,192.168.1.3
855,-66,1649198504.606936,54.191.28.19
856,-66,1649198504.606936,54.191.28.19
857,-66,1649198504.606936,54.191.28.19
858,-66,1649198504.606937,54.191.28.19
859,1468,1649198504.606958,192.168.1.3
860,1468,1649198504.60696,192.168.1.3
861,1468,1649198504.606969,192.168.1.3
862,865,1649198504.60697,192.168.1.3
863,-66,1649198504.607881,54.191.28.19
864,-66,1649198504.607881,54.191.28.19
865,-66,1649198504.607882,54.191.28.19
866,-66,1649198504.607882,54.191.28.19
867,-108,1649198504.607882,54.191.28.19
868,-66,1649198504.607882,54.191.28.19
869,-66,1649198504.607883,54.191.28.19
870,-66,1649198504.607883,54.191.28.19
871,-66,1649198504.607883,54.191.28.19
872,-108,1649198504.607883,54.191.28.19
873,-66,1649198504.60789,209.54.176.128
874,66,1649198504.607917,192.168.1.3
875,66,1649198504.607938,192.168.1.3
876,54,1649198504.607961,192.168.1.3
877,571,1649198504.608197,192.168.1.3
878,-283,1649198504.643121,52.94.234.174
879,54,1649198504.643159,192.168.1.3
880,-66,1649198504.651172,54.191.28.19
881,-66,1649198504.654825,54.191.28.19
882,-66,1649198504.737432,54.191.28.19
883,-66,1649198504.738334,54.191.28.19
884,-66,1649198504.738859,54.191.28.19
885,-260,1649198504.75121,54.191.28.19
886,66,1649198504.751237,192.168.1.3
887,78,1649198504.77366,192.168.1.3
888,-60,1649198504.781734,209.54.176.128
889,-60,1649198504.781735,209.54.176.128
890,-1414,1649198504.783552,209.54.176.128
891,-1414,1649198504.783553,209.54.176.128
892,-1414,1649198504.783553,209.54.176.128
893,-1414,1649198504.783554,209.54.176.128
894,-561,1649198504.783554,209.54.176.128
895,54,1649198504.783587,192.168.1.3
896,54,1649198504.783915,192.168.1.3
897,180,1649198504.817982,192.168.1.3
898,78,1649198504.897294,192.168.1.3
