index,size,time,ip
0,-66,1647406064.664368000,54.230.130.27
1,-2922,1647406064.664677000,54.230.130.27
2,66,1647406064.664694000,192.168.10.155
3,-1109,1647406064.667084000,54.230.130.27
4,66,1647406064.667111000,192.168.10.155
5,159,1647406064.668131000,192.168.10.155
6,-66,1647406064.670144000,54.239.168.31
7,-996,1647406064.670202000,54.239.168.31
8,-90,1647406064.670204000,54.239.168.31
9,66,1647406064.670235000,192.168.10.155
10,-66,1647406064.671480000,54.230.130.27
11,-237,1647406064.671482000,54.230.130.27
12,-135,1647406064.671483000,54.230.130.27
13,66,1647406064.671508000,192.168.10.155
14,66,1647406064.671523000,192.168.10.155
15,90,1647406064.671818000,192.168.10.155
16,66,1647406064.671836000,192.168.10.155
17,243,1647406064.672869000,192.168.10.155
18,104,1647406064.673157000,192.168.10.155
19,-60,1647406064.675575000,54.239.168.31
20,-60,1647406064.675576000,54.239.168.31
21,-66,1647406064.675576000,54.230.130.27
22,-66,1647406064.675577000,54.230.130.27
23,-66,1647406064.676435000,54.148.168.85
24,74,1647406064.699430000,192.168.10.155
25,-74,1647406064.703067000,54.239.168.31
26,66,1647406064.703088000,192.168.10.155
27,583,1647406064.704942000,192.168.10.155
28,-66,1647406064.708715000,54.239.168.31
29,-2922,1647406064.708716000,54.239.168.31
30,66,1647406064.708745000,192.168.10.155
31,-1208,1647406064.711161000,54.239.168.31
32,66,1647406064.711188000,192.168.10.155
33,130,1647406064.715312000,192.168.10.155
34,518,1647406064.715629000,192.168.10.155
35,-66,1647406064.718376000,54.239.168.31
36,-675,1647406064.721098000,54.239.168.31
37,-90,1647406064.721099000,54.239.168.31
38,66,1647406064.721113000,192.168.10.155
39,90,1647406064.721480000,192.168.10.155
40,66,1647406064.721510000,192.168.10.155
41,74,1647406064.723533000,192.168.10.155
42,-60,1647406064.724695000,54.239.168.31
43,-60,1647406064.724696000,54.239.168.31
44,-74,1647406064.726871000,54.239.168.31
45,66,1647406064.726897000,192.168.10.155
46,583,1647406064.730663000,192.168.10.155
47,-66,1647406064.734196000,54.239.168.31
48,-2922,1647406064.735213000,54.239.168.31
49,66,1647406064.735234000,192.168.10.155
50,-1208,1647406064.736930000,54.239.168.31
51,66,1647406064.736960000,192.168.10.155
52,130,1647406064.740423000,192.168.10.155
53,517,1647406064.740663000,192.168.10.155
54,-66,1647406064.743561000,54.239.168.31
55,-772,1647406064.743562000,54.239.168.31
56,66,1647406064.743583000,192.168.10.155
57,90,1647406064.743877000,192.168.10.155
58,66,1647406064.743907000,192.168.10.155
59,-90,1647406064.745134000,54.239.168.31
60,54,1647406064.745160000,192.168.10.155
61,-60,1647406064.748579000,54.239.168.31
62,-60,1647406064.748580000,54.239.168.31
63,-97,1647406064.866141000,54.230.130.235
64,66,1647406064.866161000,192.168.10.155
65,-104,1647406064.888117000,54.230.130.27
66,66,1647406064.888142000,192.168.10.155
67,-1111,1647406065.538810000,54.230.130.235
68,66,1647406065.538850000,192.168.10.155
69,-8634,1647406065.552682000,54.230.130.235
70,66,1647406065.552767000,192.168.10.155
71,-3207,1647406065.552872000,54.230.130.235
72,66,1647406065.552890000,192.168.10.155
73,74,1647406065.621859000,192.168.10.155
74,74,1647406065.621956000,192.168.10.155
75,74,1647406065.622081000,192.168.10.155
76,74,1647406065.622426000,192.168.10.155
77,74,1647406065.622833000,192.168.10.155
78,-74,1647406065.626253000,54.230.129.136
79,-74,1647406065.626254000,54.230.129.136
80,-74,1647406065.626254000,54.230.129.136
81,66,1647406065.626293000,192.168.10.155
82,66,1647406065.626322000,192.168.10.155
83,66,1647406065.626331000,192.168.10.155
84,-74,1647406065.626561000,54.230.129.136
85,-74,1647406065.626562000,54.230.129.136
86,66,1647406065.626577000,192.168.10.155
87,66,1647406065.626590000,192.168.10.155
88,583,1647406065.628167000,192.168.10.155
89,547,1647406065.628349000,192.168.10.155
90,583,1647406065.630015000,192.168.10.155
91,-66,1647406065.631909000,54.230.129.136
92,-66,1647406065.631910000,54.230.130.93
93,-1069,1647406065.631910000,54.230.130.93
94,-4350,1647406065.631911000,54.230.129.136
95,66,1647406065.631950000,192.168.10.155
96,66,1647406065.631994000,192.168.10.155
97,-66,1647406065.633899000,54.230.129.136
98,-997,1647406065.633901000,54.230.129.136
99,-4350,1647406065.633906000,54.230.129.136
100,66,1647406065.634010000,192.168.10.155
101,66,1647406065.634096000,192.168.10.155
102,583,1647406065.634533000,192.168.10.155
103,-997,1647406065.636074000,54.230.129.136
104,66,1647406065.636090000,192.168.10.155
105,-66,1647406065.638102000,54.230.129.136
106,-4350,1647406065.638195000,54.230.129.136
107,66,1647406065.638205000,192.168.10.155
108,-997,1647406065.640923000,54.230.129.136
109,66,1647406065.640943000,192.168.10.155
110,583,1647406065.641519000,192.168.10.155
111,583,1647406065.643770000,192.168.10.155
112,570,1647406065.645277000,192.168.10.155
113,-66,1647406065.645372000,54.230.129.136
114,-4350,1647406065.645373000,54.230.129.136
115,66,1647406065.645394000,192.168.10.155
116,-997,1647406065.647618000,54.230.129.136
117,-66,1647406065.647619000,54.230.130.93
118,66,1647406065.647640000,192.168.10.155
119,-1831,1647406065.648949000,54.230.130.93
120,-66,1647406065.648950000,54.230.129.136
121,130,1647406065.649644000,192.168.10.155
122,-4350,1647406065.650115000,54.230.129.136
123,66,1647406065.650170000,192.168.10.155
124,66,1647406065.650666000,192.168.10.155
125,130,1647406065.651929000,192.168.10.155
126,-997,1647406065.651951000,54.230.129.136
127,66,1647406065.651962000,192.168.10.155
128,-66,1647406065.653103000,54.230.129.136
129,-128,1647406065.653105000,54.230.129.136
130,66,1647406065.653167000,192.168.10.155
131,236,1647406065.653512000,192.168.10.155
132,394,1647406065.653592000,192.168.10.155
133,130,1647406065.655984000,192.168.10.155
134,97,1647406065.656283000,192.168.10.155
135,236,1647406065.657057000,192.168.10.155
136,897,1647406065.657082000,192.168.10.155
137,253,1647406065.657122000,192.168.10.155
138,178,1647406065.657659000,192.168.10.155
139,130,1647406065.658764000,192.168.10.155
140,-66,1647406065.658960000,54.230.129.136
141,-128,1647406065.658961000,54.230.129.136
142,-66,1647406065.658961000,54.230.129.136
143,-97,1647406065.658961000,54.230.129.136
144,66,1647406065.658979000,192.168.10.155
145,66,1647406065.658997000,192.168.10.155
146,253,1647406065.659250000,192.168.10.155
147,130,1647406065.659808000,192.168.10.155
148,253,1647406065.659980000,192.168.10.155
149,-16472,1647406065.660037000,54.230.129.136
150,445,1647406065.660049000,192.168.10.155
151,-17191,1647406065.660065000,54.230.129.136
152,66,1647406065.660210000,192.168.10.155
153,363,1647406065.668494000,192.168.10.155
154,-66,1647406065.672713000,54.230.129.136
155,-66,1647406065.672715000,54.230.129.136
156,-66,1647406065.672715000,54.230.129.136
157,-66,1647406065.672715000,54.230.129.136
158,-66,1647406065.672715000,54.230.129.136
159,-66,1647406065.672716000,54.230.129.136
160,-66,1647406065.672716000,54.230.129.136
161,-66,1647406065.672716000,54.230.129.136
162,-97,1647406065.672769000,54.230.129.136
163,-137,1647406065.672769000,54.230.129.136
164,-137,1647406065.672770000,54.230.129.136
165,-66,1647406065.672770000,54.230.129.136
166,-137,1647406065.672770000,54.230.129.136
167,-4350,1647406065.672771000,54.230.129.136
168,66,1647406065.672781000,192.168.10.155
169,66,1647406065.672801000,192.168.10.155
170,66,1647406065.672807000,192.168.10.155
171,66,1647406065.672814000,192.168.10.155
172,66,1647406065.672819000,192.168.10.155
173,-11298,1647406065.672900000,54.230.129.136
174,-14346,1647406065.672940000,54.230.129.136
175,90,1647406065.672971000,192.168.10.155
176,66,1647406065.672989000,192.168.10.155
177,90,1647406065.673070000,192.168.10.155
178,66,1647406065.673078000,192.168.10.155
179,66,1647406065.673167000,192.168.10.155
180,90,1647406065.673386000,192.168.10.155
181,66,1647406065.673397000,192.168.10.155
182,-2192,1647406065.674091000,54.230.129.136
183,-10768,1647406065.674094000,54.230.129.136
184,66,1647406065.674107000,192.168.10.155
185,66,1647406065.674130000,192.168.10.155
186,-16472,1647406065.674640000,54.230.129.136
187,66,1647406065.674655000,192.168.10.155
188,-12063,1647406065.674698000,54.230.129.136
189,66,1647406065.674703000,192.168.10.155
190,-11490,1647406065.674740000,54.230.129.136
191,66,1647406065.674744000,192.168.10.155
192,-21486,1647406065.676715000,54.230.129.136
193,66,1647406065.676726000,192.168.10.155
194,-2922,1647406065.676770000,54.230.129.136
195,-66,1647406065.676771000,54.230.129.136
196,-66,1647406065.676771000,54.230.129.136
197,-10062,1647406065.676773000,54.230.129.136
198,66,1647406065.676780000,192.168.10.155
199,66,1647406065.676792000,192.168.10.155
200,66,1647406065.676808000,192.168.10.155
201,-66,1647406065.676814000,54.230.129.136
202,66,1647406065.676817000,192.168.10.155
203,-12439,1647406065.677972000,54.230.129.136
204,66,1647406065.677981000,192.168.10.155
205,-1603,1647406065.678023000,54.230.130.235
206,-66,1647406065.678023000,54.230.129.136
207,-1632,1647406065.678024000,54.230.130.235
208,-66,1647406065.678025000,54.230.129.136
209,-3392,1647406065.678028000,54.230.130.235
210,66,1647406065.678037000,192.168.10.155
211,66,1647406065.678052000,192.168.10.155
212,66,1647406065.678061000,192.168.10.155
213,66,1647406065.678071000,192.168.10.155
214,-2922,1647406065.679493000,54.230.129.136
215,66,1647406065.679521000,192.168.10.155
216,-18630,1647406065.679757000,54.230.129.136
217,66,1647406065.679766000,192.168.10.155
218,-7206,1647406065.679783000,54.230.129.136
219,-3651,1647406065.679784000,54.230.129.136
220,66,1647406065.679794000,192.168.10.155
221,66,1647406065.679803000,192.168.10.155
222,-4436,1647406065.679818000,54.230.130.235
223,-2637,1647406065.679819000,54.230.130.235
224,66,1647406065.679825000,192.168.10.155
225,66,1647406065.679834000,192.168.10.155
226,-5778,1647406065.686122000,54.230.130.235
227,66,1647406065.686178000,192.168.10.155
228,-3380,1647406065.686270000,54.230.130.235
229,66,1647406065.686282000,192.168.10.155
230,-11490,1647406065.778919000,54.230.130.235
231,66,1647406065.778933000,192.168.10.155
232,-5048,1647406065.779747000,54.230.130.235
233,-19739,1647406065.779751000,54.230.130.235
234,66,1647406065.779760000,192.168.10.155
235,66,1647406065.779775000,192.168.10.155
236,-5778,1647406065.783298000,54.230.130.235
237,66,1647406065.783320000,192.168.10.155
238,-10760,1647406065.783387000,54.230.130.235
239,66,1647406065.783391000,192.168.10.155
240,-1715,1647406065.783404000,54.230.130.235
241,66,1647406065.783432000,192.168.10.155
242,-10753,1647406065.875383000,54.230.130.235
243,66,1647406065.875402000,192.168.10.155
244,-16472,1647406065.875488000,54.230.130.235
245,66,1647406065.875496000,192.168.10.155
246,-100,1647406065.875556000,54.230.130.235
247,-2922,1647406065.875557000,54.230.130.235
248,66,1647406065.875564000,192.168.10.155
249,66,1647406065.875571000,192.168.10.155
250,-3027,1647406065.876991000,54.230.130.235
251,-5778,1647406065.876994000,54.230.130.235
252,66,1647406065.877010000,192.168.10.155
253,66,1647406065.877043000,192.168.10.155
254,-3380,1647406065.877488000,54.230.130.235
255,-16472,1647406065.877492000,54.230.130.235
256,66,1647406065.877502000,192.168.10.155
257,66,1647406065.877521000,192.168.10.155
258,-6545,1647406065.877557000,54.230.130.235
259,66,1647406065.877564000,192.168.10.155
260,174,1647406065.888415000,192.168.10.155
261,174,1647406065.890457000,192.168.10.155
262,169,1647406065.892369000,192.168.10.155
263,622,1647406065.893409000,192.168.10.155
264,-66,1647406065.896204000,54.230.129.136
265,-2922,1647406065.896204000,54.230.129.136
266,1320,1647406065.896223000,192.168.10.155
267,66,1647406065.896240000,192.168.10.155
268,-5627,1647406065.896265000,54.230.129.136
269,-844,1647406065.896265000,54.230.129.136
270,66,1647406065.896271000,192.168.10.155
271,302,1647406065.897760000,192.168.10.155
272,179,1647406065.898822000,192.168.10.155
273,183,1647406065.899705000,192.168.10.155
274,-66,1647406065.901192000,54.230.129.136
275,-5575,1647406065.901193000,54.230.129.136
276,-5778,1647406065.901194000,54.230.129.136
277,66,1647406065.901220000,192.168.10.155
278,66,1647406065.901243000,192.168.10.155
279,-10760,1647406065.902666000,54.230.129.136
280,66,1647406065.902705000,192.168.10.155
281,-16472,1647406065.902805000,54.230.129.136
282,66,1647406065.902822000,192.168.10.155
283,-32878,1647406065.902961000,54.230.129.136
284,66,1647406065.902978000,192.168.10.155
285,191,1647406065.903447000,192.168.10.155
286,-38622,1647406065.904165000,54.230.129.136
287,66,1647406065.904174000,192.168.10.155
288,-5778,1647406065.904198000,54.230.129.136
289,66,1647406065.904205000,192.168.10.155
290,-5778,1647406065.904714000,54.230.129.136
291,66,1647406065.904725000,192.168.10.155
292,177,1647406065.904963000,192.168.10.155
293,-27198,1647406065.905930000,54.230.129.136
294,66,1647406065.905944000,192.168.10.155
295,-27198,1647406065.905978000,54.230.129.136
296,66,1647406065.905995000,192.168.10.155
297,-11490,1647406065.906005000,54.230.129.136
298,66,1647406065.906008000,192.168.10.155
299,177,1647406065.906581000,192.168.10.155
300,-38622,1647406065.907011000,54.230.129.136
301,66,1647406065.907023000,192.168.10.155
302,-14346,1647406065.907068000,54.230.129.136
303,66,1647406065.907074000,192.168.10.155
304,177,1647406065.908311000,192.168.10.155
305,-5778,1647406065.908501000,54.230.129.136
306,211,1647406065.908509000,192.168.10.155
307,66,1647406065.908519000,192.168.10.155
308,74,1647406065.908728000,192.168.10.155
309,323,1647406065.908938000,192.168.10.155
310,-32910,1647406065.909599000,54.230.129.136
311,66,1647406065.909614000,192.168.10.155
312,-25770,1647406065.909678000,54.230.129.136
313,66,1647406065.909718000,192.168.10.155
314,-37194,1647406065.909749000,54.230.129.136
315,66,1647406065.909763000,192.168.10.155
316,-7206,1647406065.911895000,54.230.129.136
317,-20058,1647406065.911898000,54.230.129.136
318,66,1647406065.911917000,192.168.10.155
319,-48618,1647406065.911995000,54.230.129.136
320,-10062,1647406065.912016000,54.230.129.136
321,66,1647406065.912061000,192.168.10.155
322,-5778,1647406065.912964000,54.230.129.136
323,-5778,1647406065.912965000,54.230.129.136
324,66,1647406065.912973000,192.168.10.155
325,66,1647406065.913001000,192.168.10.155
326,-31482,1647406065.915027000,54.230.129.136
327,-15774,1647406065.915157000,54.230.129.136
328,66,1647406065.915209000,192.168.10.155
329,-11490,1647406065.916247000,54.230.129.136
330,66,1647406065.916260000,192.168.10.155
331,323,1647406065.931489000,192.168.10.155
332,-2922,1647406065.933777000,54.230.129.136
333,66,1647406065.933798000,192.168.10.155
334,-22914,1647406065.934828000,54.230.129.136
335,66,1647406065.934865000,192.168.10.155
336,-38622,1647406065.936458000,54.230.129.136
337,66,1647406065.936477000,192.168.10.155
338,-66,1647406065.936519000,54.230.129.136
339,-64326,1647406065.936528000,54.230.129.136
340,66,1647406065.936541000,192.168.10.155
341,-11317,1647406065.936552000,54.230.129.136
342,66,1647406065.936562000,192.168.10.155
343,-60042,1647406065.936666000,54.230.129.136
344,66,1647406065.936673000,192.168.10.155
345,-4350,1647406065.936719000,54.230.129.136
346,-4948,1647406065.936720000,54.230.129.136
347,-1494,1647406065.936720000,54.230.129.136
348,66,1647406065.936725000,192.168.10.155
349,66,1647406065.936732000,192.168.10.155
350,-17202,1647406065.937169000,54.230.129.136
351,66,1647406065.937179000,192.168.10.155
352,-5778,1647406065.937934000,54.230.129.136
353,66,1647406065.937949000,192.168.10.155
354,-29513,1647406065.938691000,54.230.129.136
355,66,1647406065.938704000,192.168.10.155
356,-16472,1647406065.938752000,54.230.129.136
357,66,1647406065.938762000,192.168.10.155
358,-19242,1647406065.938807000,54.230.129.136
359,66,1647406065.938815000,192.168.10.155
360,-1834,1647406065.938831000,54.230.129.136
361,-78,1647406065.938831000,54.230.129.136
362,66,1647406065.938840000,192.168.10.155
363,169,1647406065.965885000,192.168.10.155
364,-66,1647406065.969035000,54.230.129.136
365,-2922,1647406065.970902000,54.230.129.136
366,66,1647406065.970923000,192.168.10.155
367,-684,1647406065.970953000,54.230.129.136
368,-1914,1647406065.970954000,54.230.129.136
369,66,1647406065.970962000,192.168.10.155
370,66,1647406065.970973000,192.168.10.155
371,200,1647406065.976348000,192.168.10.155
372,74,1647406065.976404000,192.168.10.155
373,-66,1647406065.980015000,54.230.129.136
374,-16472,1647406065.981475000,54.230.129.136
375,66,1647406065.981538000,192.168.10.155
376,-74,1647406065.981828000,54.230.129.136
377,-27198,1647406065.981863000,54.230.129.136
378,66,1647406065.981937000,192.168.10.155
379,66,1647406065.981988000,192.168.10.155
380,-2922,1647406065.982067000,54.230.129.136
381,66,1647406065.982077000,192.168.10.155
382,-5233,1647406065.982248000,54.230.129.136
383,66,1647406065.982256000,192.168.10.155
384,583,1647406065.984743000,192.168.10.155
385,-66,1647406065.990650000,54.230.129.136
386,-4350,1647406065.991000000,54.230.129.136
387,66,1647406065.991016000,192.168.10.155
388,-997,1647406065.993143000,54.230.129.136
389,66,1647406065.993152000,192.168.10.155
390,130,1647406065.995411000,192.168.10.155
391,253,1647406065.995615000,192.168.10.155
392,-66,1647406065.998987000,54.230.129.136
393,-137,1647406065.998987000,54.230.129.136
394,66,1647406065.999008000,192.168.10.155
395,90,1647406065.999156000,192.168.10.155
396,66,1647406065.999184000,192.168.10.155
397,-66,1647406066.002871000,54.230.129.136
398,66,1647406066.002887000,192.168.10.155
399,-74,1647406066.046459000,54.191.100.59
400,66,1647406066.046500000,192.168.10.155
401,583,1647406066.049246000,192.168.10.155
402,-66,1647406066.167943000,54.191.100.59
403,-5511,1647406066.169830000,54.191.100.59
404,66,1647406066.169852000,192.168.10.155
405,192,1647406066.173717000,192.168.10.155
406,-324,1647406066.291254000,54.191.100.59
407,-135,1647406066.291255000,54.191.100.59
408,66,1647406066.291272000,192.168.10.155
409,66,1647406066.291293000,192.168.10.155
410,-1522,1647406066.329033000,54.230.130.235
411,-3998,1647406066.329034000,54.230.130.235
412,66,1647406066.329051000,192.168.10.155
413,66,1647406066.329066000,192.168.10.155
414,-11484,1647406066.331255000,54.230.130.235
415,66,1647406066.331336000,192.168.10.155
416,-2922,1647406066.341965000,54.230.130.235
417,66,1647406066.341985000,192.168.10.155
418,-6236,1647406066.342714000,54.230.130.235
419,-9098,1647406066.342716000,54.230.130.235
420,66,1647406066.342724000,192.168.10.155
421,66,1647406066.342730000,192.168.10.155
422,-11490,1647406066.342760000,54.230.130.235
423,66,1647406066.342763000,192.168.10.155
424,-627,1647406066.343538000,54.230.130.235
425,66,1647406066.343546000,192.168.10.155
426,-1344,1647406066.350691000,54.230.130.235
427,66,1647406066.350758000,192.168.10.155
428,243,1647406066.356871000,192.168.10.155
429,506,1647406066.356909000,192.168.10.155
430,104,1647406066.357439000,192.168.10.155
431,-1170,1647406066.359871000,54.230.130.235
432,66,1647406066.359886000,192.168.10.155
433,74,1647406066.363286000,192.168.10.155
434,-74,1647406066.366651000,54.230.129.136
435,66,1647406066.366714000,192.168.10.155
436,583,1647406066.371011000,192.168.10.155
437,202,1647406066.371215000,192.168.10.155
438,156,1647406066.371654000,192.168.10.155
439,156,1647406066.371936000,192.168.10.155
440,-66,1647406066.374433000,54.230.129.136
441,-66,1647406066.374434000,54.230.129.136
442,-934,1647406066.374434000,54.230.129.136
443,-1352,1647406066.375657000,54.230.129.136
444,-1242,1647406066.375657000,54.230.129.136
445,66,1647406066.375677000,192.168.10.155
446,156,1647406066.376078000,192.168.10.155
447,-4350,1647406066.377134000,54.230.129.136
448,66,1647406066.377155000,192.168.10.155
449,156,1647406066.378361000,192.168.10.155
450,-997,1647406066.378987000,54.230.129.136
451,66,1647406066.379000000,192.168.10.155
452,-1531,1647406066.379984000,54.230.129.136
453,66,1647406066.380009000,192.168.10.155
454,155,1647406066.381097000,192.168.10.155
455,156,1647406066.381928000,192.168.10.155
456,-1234,1647406066.383279000,54.230.129.136
457,-1460,1647406066.385675000,54.230.129.136
458,-1364,1647406066.385677000,54.230.129.136
459,66,1647406066.385712000,192.168.10.155
460,156,1647406066.386461000,192.168.10.155
461,-1319,1647406066.390512000,54.230.129.136
462,-1325,1647406066.390513000,54.230.130.235
463,66,1647406066.390542000,192.168.10.155
464,174,1647406066.396777000,192.168.10.155
465,154,1647406066.397175000,192.168.10.155
466,154,1647406066.397473000,192.168.10.155
467,169,1647406066.397513000,192.168.10.155
468,183,1647406066.397615000,192.168.10.155
469,153,1647406066.397910000,192.168.10.155
470,182,1647406066.398114000,192.168.10.155
471,130,1647406066.398224000,192.168.10.155
472,169,1647406066.400035000,192.168.10.155
473,-698,1647406066.400172000,54.230.129.136
474,-66,1647406066.400173000,54.230.129.136
475,-66,1647406066.400173000,54.230.129.136
476,189,1647406066.400177000,192.168.10.155
477,253,1647406066.400962000,192.168.10.155
478,-5533,1647406066.406459000,54.230.129.136
479,66,1647406066.406488000,192.168.10.155
480,-452,1647406066.406919000,54.230.130.235
481,-1254,1647406066.406920000,54.230.129.136
482,-66,1647406066.406920000,54.230.129.136
483,-128,1647406066.406921000,54.230.129.136
484,-5011,1647406066.406921000,54.230.129.136
485,66,1647406066.406931000,192.168.10.155
486,66,1647406066.406953000,192.168.10.155
487,66,1647406066.406964000,192.168.10.155
488,66,1647406066.406968000,192.168.10.155
489,-1221,1647406066.407000000,54.230.129.136
490,-16472,1647406066.407004000,54.230.129.136
491,66,1647406066.407014000,192.168.10.155
492,-32878,1647406066.407088000,54.230.129.136
493,66,1647406066.407095000,192.168.10.155
494,-1888,1647406066.407106000,54.230.129.136
495,-1254,1647406066.407110000,54.230.129.136
496,66,1647406066.407113000,192.168.10.155
497,66,1647406066.407116000,192.168.10.155
498,-2922,1647406066.407421000,54.230.129.136
499,66,1647406066.407433000,192.168.10.155
500,-1842,1647406066.407756000,54.230.129.136
501,-2559,1647406066.407757000,54.230.129.136
502,66,1647406066.407769000,192.168.10.155
503,66,1647406066.407785000,192.168.10.155
504,90,1647406066.408614000,192.168.10.155
505,-66,1647406066.412998000,54.230.129.136
506,-66,1647406066.412999000,54.230.129.136
507,54,1647406066.413044000,192.168.10.155
508,155,1647406066.419915000,192.168.10.155
509,244,1647406066.420229000,192.168.10.155
510,155,1647406066.422287000,192.168.10.155
511,-66,1647406066.425657000,54.230.129.136
512,-980,1647406066.425658000,54.230.129.136
513,-4350,1647406066.425660000,54.230.129.136
514,66,1647406066.425693000,192.168.10.155
515,-4473,1647406066.425729000,54.230.129.136
516,66,1647406066.425733000,192.168.10.155
517,-16472,1647406066.427251000,54.230.129.136
518,66,1647406066.427274000,192.168.10.155
519,-519,1647406066.427317000,54.230.129.136
520,-4350,1647406066.427321000,54.230.129.136
521,66,1647406066.427330000,192.168.10.155
522,-12188,1647406066.427586000,54.230.129.136
523,66,1647406066.427593000,192.168.10.155
524,-5839,1647406066.427606000,54.230.129.136
525,66,1647406066.427610000,192.168.10.155
526,-104,1647406066.474210000,54.191.100.59
527,66,1647406066.474240000,192.168.10.155
528,-236,1647406066.476416000,54.191.100.59
529,-104,1647406066.476417000,54.191.100.59
530,66,1647406066.476434000,192.168.10.155
531,66,1647406066.476465000,192.168.10.155
532,194,1647406066.786603000,192.168.10.155
533,181,1647406066.790719000,192.168.10.155
534,-2922,1647406066.794578000,54.230.129.136
535,66,1647406066.794609000,192.168.10.155
536,-13616,1647406066.794864000,54.230.129.136
537,66,1647406066.794872000,192.168.10.155
538,-27198,1647406066.794927000,54.230.129.136
539,66,1647406066.794931000,192.168.10.155
540,-9896,1647406066.797537000,54.230.129.136
541,-4913,1647406066.797557000,54.230.129.136
542,66,1647406066.797631000,192.168.10.155
543,66,1647406066.797721000,192.168.10.155
544,-324,1647406066.860437000,54.230.130.235
545,66,1647406066.860450000,192.168.10.155
546,-9092,1647406066.872294000,54.230.130.235
547,-16472,1647406066.872296000,54.230.130.235
548,66,1647406066.872322000,192.168.10.155
549,66,1647406066.872343000,192.168.10.155
550,-1715,1647406066.872363000,54.230.130.235
551,66,1647406066.872402000,192.168.10.155
552,-2922,1647406066.873905000,54.230.130.235
553,66,1647406066.873918000,192.168.10.155
554,-13616,1647406066.874077000,54.230.130.235
555,66,1647406066.874082000,192.168.10.155
556,-10769,1647406066.874118000,54.230.130.235
557,66,1647406066.874122000,192.168.10.155
558,164,1647406066.900671000,192.168.10.155
559,164,1647406066.903671000,192.168.10.155
560,164,1647406066.905038000,192.168.10.155
561,-2092,1647406066.905626000,54.230.129.136
562,-414,1647406066.905627000,54.230.129.136
563,66,1647406066.905647000,192.168.10.155
564,-3540,1647406066.907986000,54.230.129.136
565,-727,1647406066.907988000,54.230.129.136
566,66,1647406066.908018000,192.168.10.155
567,160,1647406066.908580000,192.168.10.155
568,-2847,1647406066.909251000,54.230.129.136
569,66,1647406066.909268000,192.168.10.155
570,160,1647406066.910639000,192.168.10.155
571,159,1647406066.911794000,192.168.10.155
572,-4879,1647406066.913377000,54.230.129.136
573,66,1647406066.913395000,192.168.10.155
574,-2619,1647406066.914203000,54.230.129.136
575,66,1647406066.914230000,192.168.10.155
576,160,1647406066.916453000,192.168.10.155
577,-4337,1647406066.918120000,54.230.129.136
578,-97,1647406066.918123000,54.230.129.136
579,66,1647406066.918201000,192.168.10.155
580,160,1647406066.918901000,192.168.10.155
581,-2090,1647406066.921588000,54.230.129.136
582,-1022,1647406066.921590000,54.230.129.136
583,66,1647406066.921626000,192.168.10.155
584,254,1647406066.923758000,192.168.10.155
585,531,1647406066.924949000,192.168.10.155
586,202,1647406066.925278000,192.168.10.155
587,202,1647406066.926151000,192.168.10.155
588,159,1647406066.927932000,192.168.10.155
589,160,1647406066.928109000,192.168.10.155
590,-66,1647406066.928113000,54.230.129.136
591,-865,1647406066.928114000,54.230.129.136
592,160,1647406066.928476000,192.168.10.155
593,-678,1647406066.929557000,54.230.129.136
594,-2713,1647406066.929559000,54.230.129.136
595,-2664,1647406066.929560000,54.230.129.136
596,66,1647406066.929599000,192.168.10.155
597,66,1647406066.929622000,192.168.10.155
598,-6630,1647406066.931776000,54.230.129.136
599,-4350,1647406066.931784000,54.230.129.136
600,66,1647406066.931877000,192.168.10.155
601,66,1647406066.932005000,192.168.10.155
602,-766,1647406066.932131000,54.230.129.136
603,-2478,1647406066.932135000,54.230.129.136
604,-97,1647406066.932137000,54.230.129.136
605,66,1647406066.932289000,192.168.10.155
606,-5324,1647406066.932709000,54.230.129.136
607,-5083,1647406066.932712000,54.230.129.136
608,66,1647406066.932966000,192.168.10.155
609,-4336,1647406066.934121000,54.230.129.136
610,-6434,1647406066.934124000,54.230.129.136
611,66,1647406066.934149000,192.168.10.155
612,-97,1647406066.934182000,54.230.129.136
613,66,1647406066.934220000,192.168.10.155
614,-2086,1647406066.935373000,54.230.129.136
615,-97,1647406066.935375000,54.230.129.136
616,66,1647406066.935709000,192.168.10.155
617,160,1647406066.941459000,192.168.10.155
618,160,1647406066.941780000,192.168.10.155
619,152,1647406066.944054000,192.168.10.155
620,-3365,1647406066.945871000,54.230.129.136
621,160,1647406066.945897000,192.168.10.155
622,-66,1647406066.949386000,54.230.129.136
623,-2596,1647406066.949387000,54.230.129.136
624,66,1647406066.949434000,192.168.10.155
625,-5500,1647406066.950814000,54.230.129.136
626,-2990,1647406066.950817000,54.230.129.136
627,-97,1647406066.950818000,54.230.129.136
628,66,1647406066.950874000,192.168.10.155
629,66,1647406066.952762000,192.168.10.155
630,157,1647406066.967741000,192.168.10.155
631,-16472,1647406066.968209000,54.230.130.235
632,66,1647406066.968246000,192.168.10.155
633,-2619,1647406066.968289000,54.230.130.235
634,66,1647406066.968298000,192.168.10.155
635,251,1647406066.968931000,192.168.10.155
636,-66,1647406066.972203000,54.230.129.136
637,-2922,1647406066.972204000,54.230.129.136
638,66,1647406066.972230000,192.168.10.155
639,-8634,1647406066.972295000,54.230.129.136
640,66,1647406066.972319000,192.168.10.155
641,-5048,1647406066.972831000,54.230.129.136
642,-951,1647406066.972831000,54.230.129.136
643,-3540,1647406066.972832000,54.230.129.136
644,66,1647406066.972846000,192.168.10.155
645,-11690,1647406066.974684000,54.230.129.136
646,-4620,1647406066.974706000,54.230.129.136
647,66,1647406066.974745000,192.168.10.155
648,184,1647406067.018977000,192.168.10.155
649,178,1647406067.019132000,192.168.10.155
650,239,1647406067.019401000,192.168.10.155
651,167,1647406067.020342000,192.168.10.155
652,167,1647406067.020681000,192.168.10.155
653,269,1647406067.021232000,192.168.10.155
654,222,1647406067.021403000,192.168.10.155
655,-2922,1647406067.025999000,54.230.129.136
656,165,1647406067.026029000,192.168.10.155
657,-13616,1647406067.026872000,54.230.129.136
658,66,1647406067.026888000,192.168.10.155
659,-66,1647406067.026904000,54.230.129.136
660,-6729,1647406067.026906000,54.230.129.136
661,-8118,1647406067.026907000,54.230.129.136
662,-3405,1647406067.026927000,54.230.129.136
663,-10396,1647406067.026934000,54.230.129.136
664,66,1647406067.026936000,192.168.10.155
665,-7833,1647406067.026946000,54.230.129.136
666,-3205,1647406067.026947000,54.230.129.136
667,66,1647406067.027699000,192.168.10.155
668,-2922,1647406067.030320000,54.230.129.136
669,66,1647406067.030342000,192.168.10.155
670,-3619,1647406067.030489000,54.230.129.136
671,66,1647406067.030516000,192.168.10.155
672,-2922,1647406067.035978000,54.230.129.136
673,66,1647406067.036012000,192.168.10.155
674,-2069,1647406067.036034000,54.230.129.136
675,-1443,1647406067.036035000,54.230.129.136
676,66,1647406067.036041000,192.168.10.155
677,155,1647406067.042346000,192.168.10.155
678,-1729,1647406067.046094000,54.230.129.136
679,66,1647406067.046115000,192.168.10.155
680,180,1647406067.072551000,192.168.10.155
681,240,1647406067.074954000,192.168.10.155
682,-1737,1647406067.076901000,54.230.129.136
683,66,1647406067.076927000,192.168.10.155
684,-14672,1647406067.078972000,54.230.129.136
685,66,1647406067.078998000,192.168.10.155
686,188,1647406067.124976000,192.168.10.155
687,-2042,1647406067.132096000,54.230.129.136
688,66,1647406067.132126000,192.168.10.155
689,155,1647406067.145574000,192.168.10.155
690,-1411,1647406067.150159000,54.230.129.136
691,-4280,1647406067.152602000,54.230.130.235
692,66,1647406067.152618000,192.168.10.155
693,-676,1647406067.162274000,54.230.130.235
694,66,1647406067.162286000,192.168.10.155
695,-16472,1647406067.168424000,54.230.130.235
696,66,1647406067.168435000,192.168.10.155
697,-1709,1647406067.168454000,54.230.130.235
698,-14480,1647406067.168456000,54.230.130.235
699,66,1647406067.168460000,192.168.10.155
700,66,1647406067.168467000,192.168.10.155
701,-97,1647406067.168470000,54.230.130.235
702,66,1647406067.168471000,192.168.10.155
703,66,1647406067.191486000,192.168.10.155
704,177,1647406067.197345000,192.168.10.155
705,-2922,1647406067.202119000,54.230.129.136
706,74,1647406067.202302000,192.168.10.155
707,66,1647406067.202379000,192.168.10.155
708,-2922,1647406067.203239000,54.230.129.136
709,66,1647406067.203289000,192.168.10.155
710,-3788,1647406067.203695000,54.230.129.136
711,66,1647406067.203806000,192.168.10.155
712,171,1647406067.210979000,192.168.10.155
713,-675,1647406067.214642000,54.230.129.136
714,66,1647406067.214868000,192.168.10.155
715,157,1647406067.244880000,192.168.10.155
716,-2922,1647406067.251627000,54.230.129.136
717,66,1647406067.251691000,192.168.10.155
718,-13616,1647406067.251858000,54.230.129.136
719,-5778,1647406067.251888000,54.230.129.136
720,66,1647406067.251898000,192.168.10.155
721,-21486,1647406067.253194000,54.230.129.136
722,-16372,1647406067.253236000,54.230.129.136
723,66,1647406067.253247000,192.168.10.155
724,66,1647406067.253330000,192.168.10.155
725,-66,1647406067.317180000,52.119.174.17
726,54,1647406067.317235000,192.168.10.155
727,571,1647406067.320843000,192.168.10.155
728,487,1647406067.354592000,192.168.10.155
729,-66,1647406067.360882000,54.230.130.235
730,-3066,1647406067.360883000,54.230.130.235
731,66,1647406067.360906000,192.168.10.155
732,-60,1647406067.432302000,52.119.174.17
733,-60,1647406067.436044000,52.119.174.17
734,-2974,1647406067.438088000,52.119.174.17
735,54,1647406067.438101000,192.168.10.155
736,-3047,1647406067.438274000,52.119.174.17
737,54,1647406067.438295000,192.168.10.155
738,180,1647406067.441608000,192.168.10.155
739,-105,1647406067.557508000,52.119.174.17
740,54,1647406067.557529000,192.168.10.155
741,524,1647406067.557795000,192.168.10.155
742,351,1647406067.576217000,192.168.10.155
743,-5778,1647406067.582902000,54.230.129.136
744,66,1647406067.582941000,192.168.10.155
745,-10760,1647406067.583915000,54.230.129.136
746,66,1647406067.583969000,192.168.10.155
747,-32878,1647406067.584237000,54.230.129.136
748,66,1647406067.584257000,192.168.10.155
749,-12918,1647406067.584405000,54.230.129.136
750,66,1647406067.584422000,192.168.10.155
751,-50355,1647406067.584829000,54.230.129.136
752,66,1647406067.584849000,192.168.10.155
753,-503,1647406067.697780000,52.119.174.17
754,54,1647406067.697825000,192.168.10.155
755,1494,1647406067.741973000,192.168.10.155
756,461,1647406067.741992000,192.168.10.155
757,1514,1647406067.744190000,192.168.10.155
758,853,1647406067.744211000,192.168.10.155
759,1446,1647406067.744599000,192.168.10.155
760,-66,1647406067.746917000,54.230.130.235
761,74,1647406067.748697000,192.168.10.155
762,149,1647406067.753649000,192.168.10.155
763,74,1647406067.755967000,192.168.10.155
764,-4983,1647406067.759711000,54.230.129.136
765,66,1647406067.759724000,192.168.10.155
766,-74,1647406067.764064000,54.239.163.138
767,66,1647406067.764187000,192.168.10.155
768,583,1647406067.769138000,192.168.10.155
769,-66,1647406067.772808000,54.239.163.138
770,-4350,1647406067.772877000,54.239.163.138
771,66,1647406067.772904000,192.168.10.155
772,-1756,1647406067.775308000,54.239.163.138
773,66,1647406067.775321000,192.168.10.155
774,130,1647406067.779213000,192.168.10.155
775,236,1647406067.779856000,192.168.10.155
776,385,1647406067.779891000,192.168.10.155
777,-66,1647406067.782373000,54.239.163.138
778,-66,1647406067.782374000,54.239.163.138
779,-97,1647406067.782374000,54.239.163.138
780,78,1647406067.782410000,192.168.10.155
781,-9757,1647406067.784670000,54.239.163.138
782,78,1647406067.784693000,192.168.10.155
783,-128,1647406067.787792000,54.239.163.138
784,66,1647406067.787889000,192.168.10.155
785,97,1647406067.789897000,192.168.10.155
786,-66,1647406067.793475000,54.239.163.138
787,105,1647406067.797107000,192.168.10.155
788,105,1647406067.797280000,192.168.10.155
789,105,1647406067.797352000,192.168.10.155
790,112,1647406067.797439000,192.168.10.155
791,85,1647406067.797885000,192.168.10.155
792,54,1647406067.797964000,192.168.10.155
793,97,1647406067.798463000,192.168.10.155
794,66,1647406067.798485000,192.168.10.155
795,90,1647406067.799081000,192.168.10.155
796,66,1647406067.799104000,192.168.10.155
797,90,1647406067.799272000,192.168.10.155
798,66,1647406067.799283000,192.168.10.155
799,97,1647406067.799418000,192.168.10.155
800,66,1647406067.799430000,192.168.10.155
801,90,1647406067.799645000,192.168.10.155
802,66,1647406067.799661000,192.168.10.155
803,-66,1647406067.800952000,54.230.130.27
804,-66,1647406067.800953000,54.239.163.138
805,-66,1647406067.801957000,54.230.130.93
806,66,1647406067.802017000,192.168.10.155
807,-66,1647406067.804449000,54.230.129.136
808,-66,1647406067.804450000,54.230.130.27
809,-66,1647406067.804451000,54.230.129.136
810,-66,1647406067.804451000,54.230.130.27
811,-66,1647406067.804451000,54.230.129.136
812,-66,1647406067.804452000,54.239.163.138
813,-66,1647406067.804452000,54.230.129.136
814,66,1647406067.804490000,192.168.10.155
815,66,1647406067.804519000,192.168.10.155
816,66,1647406067.804547000,192.168.10.155
817,66,1647406067.804562000,192.168.10.155
818,74,1647406067.824268000,192.168.10.155
819,74,1647406067.824668000,192.168.10.155
820,74,1647406067.825177000,192.168.10.155
821,74,1647406067.825741000,192.168.10.155
822,74,1647406067.826311000,192.168.10.155
823,-74,1647406067.827606000,54.230.129.136
824,-74,1647406067.827607000,54.230.129.136
825,66,1647406067.827644000,192.168.10.155
826,66,1647406067.827666000,192.168.10.155
827,-74,1647406067.828733000,54.230.129.136
828,-74,1647406067.828735000,54.230.129.136
829,-74,1647406067.828735000,54.230.129.136
830,66,1647406067.828769000,192.168.10.155
831,66,1647406067.828799000,192.168.10.155
832,66,1647406067.828811000,192.168.10.155
833,583,1647406067.830618000,192.168.10.155
834,583,1647406067.834193000,192.168.10.155
835,-66,1647406067.834292000,54.230.129.136
836,-4350,1647406067.834377000,54.230.129.136
837,66,1647406067.834392000,192.168.10.155
838,-997,1647406067.837908000,54.230.129.136
839,-66,1647406067.837910000,54.230.129.136
840,66,1647406067.837937000,192.168.10.155
841,583,1647406067.838169000,192.168.10.155
842,-4350,1647406067.839924000,54.230.129.136
843,66,1647406067.839949000,192.168.10.155
844,-997,1647406067.840557000,54.230.129.136
845,66,1647406067.840602000,192.168.10.155
846,-66,1647406067.841897000,54.230.129.136
847,-4350,1647406067.841900000,54.230.129.136
848,66,1647406067.841942000,192.168.10.155
849,583,1647406067.844087000,192.168.10.155
850,-997,1647406067.845060000,54.230.129.136
851,66,1647406067.845078000,192.168.10.155
852,583,1647406067.848745000,192.168.10.155
853,-66,1647406067.852501000,54.230.129.136
854,-4350,1647406067.852511000,54.230.129.136
855,-997,1647406067.852514000,54.230.129.136
856,66,1647406067.852603000,192.168.10.155
857,66,1647406067.852672000,192.168.10.155
858,74,1647406067.854336000,192.168.10.155
859,-670,1647406067.855286000,54.230.130.235
860,-97,1647406067.855288000,54.230.130.235
861,-66,1647406067.855288000,54.230.129.136
862,66,1647406067.855308000,192.168.10.155
863,66,1647406067.855341000,192.168.10.155
864,105,1647406067.856688000,192.168.10.155
865,-4350,1647406067.857902000,54.230.129.136
866,-74,1647406067.857903000,54.230.129.136
867,66,1647406067.857927000,192.168.10.155
868,66,1647406067.857954000,192.168.10.155
869,90,1647406067.858741000,192.168.10.155
870,-997,1647406067.859447000,54.230.129.136
871,66,1647406067.859462000,192.168.10.155
872,-66,1647406067.861156000,54.191.100.59
873,-66,1647406067.863035000,54.230.130.235
874,-66,1647406067.863036000,54.230.130.235
875,66,1647406067.863091000,192.168.10.155
876,-235,1647406067.865613000,54.191.100.59
877,-104,1647406067.865617000,54.191.100.59
878,66,1647406067.865726000,192.168.10.155
879,66,1647406067.865829000,192.168.10.155
880,583,1647406067.865957000,192.168.10.155
881,-66,1647406067.869810000,54.230.129.136
882,-4350,1647406067.869814000,54.230.129.136
883,66,1647406067.869875000,192.168.10.155
884,-997,1647406067.873279000,54.230.129.136
885,-66,1647406067.873280000,52.94.210.112
886,66,1647406067.873297000,192.168.10.155
887,54,1647406067.873325000,192.168.10.155
888,130,1647406067.874940000,192.168.10.155
889,130,1647406067.875258000,192.168.10.155
890,130,1647406067.875623000,192.168.10.155
891,-66,1647406067.879115000,54.230.129.136
892,-128,1647406067.879116000,54.230.129.136
893,-66,1647406067.879117000,54.230.129.136
894,66,1647406067.879147000,192.168.10.155
895,-66,1647406067.879997000,54.230.129.136
896,-128,1647406067.879998000,54.230.129.136
897,-128,1647406067.879998000,54.230.129.136
898,66,1647406067.880032000,192.168.10.155
899,66,1647406067.880057000,192.168.10.155
900,571,1647406067.884132000,192.168.10.155
901,236,1647406067.885855000,192.168.10.155
902,421,1647406067.885881000,192.168.10.155
903,253,1647406067.885946000,192.168.10.155
904,253,1647406067.885960000,192.168.10.155
905,-234,1647406067.886087000,54.191.100.59
906,-104,1647406067.886088000,54.191.100.59
907,66,1647406067.886101000,192.168.10.155
908,66,1647406067.886110000,192.168.10.155
909,158,1647406067.886414000,192.168.10.155
910,157,1647406067.886866000,192.168.10.155
911,130,1647406067.887282000,192.168.10.155
912,97,1647406067.887411000,192.168.10.155
913,112,1647406067.888511000,192.168.10.155
914,158,1647406067.888636000,192.168.10.155
915,253,1647406067.888788000,192.168.10.155
916,90,1647406067.888826000,192.168.10.155
917,66,1647406067.888849000,192.168.10.155
918,90,1647406067.888964000,192.168.10.155
919,66,1647406067.888986000,192.168.10.155
920,74,1647406067.889516000,192.168.10.155
921,74,1647406067.889845000,192.168.10.155
922,-66,1647406067.890367000,54.230.129.136
923,-66,1647406067.890370000,54.230.129.136
924,-97,1647406067.890370000,54.230.129.136
925,-97,1647406067.890371000,54.230.129.136
926,-66,1647406067.890371000,54.230.129.136
927,-66,1647406067.890372000,54.230.129.136
928,97,1647406067.890432000,192.168.10.155
929,54,1647406067.890470000,192.168.10.155
930,66,1647406067.890491000,192.168.10.155
931,54,1647406067.890508000,192.168.10.155
932,157,1647406067.891172000,192.168.10.155
933,-66,1647406067.891864000,54.230.129.136
934,-128,1647406067.891864000,54.230.129.136
935,-16472,1647406067.891867000,54.230.129.136
936,66,1647406067.891894000,192.168.10.155
937,78,1647406067.891913000,192.168.10.155
938,-770,1647406067.891958000,54.230.129.136
939,-16472,1647406067.891962000,54.230.129.136
940,78,1647406067.891970000,192.168.10.155
941,78,1647406067.891977000,192.168.10.155
942,-5778,1647406067.891991000,54.230.129.136
943,78,1647406067.891999000,192.168.10.155
944,90,1647406067.892357000,192.168.10.155
945,66,1647406067.892380000,192.168.10.155
946,-66,1647406067.893273000,54.230.129.136
947,-66,1647406067.893274000,54.230.129.136
948,54,1647406067.893305000,192.168.10.155
949,130,1647406067.894232000,192.168.10.155
950,253,1647406067.894477000,192.168.10.155
951,170,1647406067.894881000,192.168.10.155
952,-66,1647406067.895104000,54.230.129.136
953,-66,1647406067.895105000,54.230.129.136
954,-66,1647406067.895105000,54.230.129.136
955,-97,1647406067.895105000,54.230.129.136
956,-66,1647406067.895105000,54.230.129.136
957,-74,1647406067.895106000,54.230.130.235
958,130,1647406067.895110000,192.168.10.155
959,54,1647406067.895121000,192.168.10.155
960,54,1647406067.895159000,192.168.10.155
961,54,1647406067.895171000,192.168.10.155
962,54,1647406067.895183000,192.168.10.155
963,66,1647406067.895196000,192.168.10.155
964,253,1647406067.895363000,192.168.10.155
965,-97,1647406067.896089000,54.230.129.136
966,66,1647406067.896106000,192.168.10.155
967,-15774,1647406067.897558000,54.230.129.136
968,-66,1647406067.897568000,54.230.129.136
969,-9227,1647406067.897570000,54.230.129.136
970,54,1647406067.897582000,192.168.10.155
971,-66,1647406067.897774000,54.230.129.136
972,-128,1647406067.897774000,54.230.129.136
973,-66,1647406067.897775000,54.230.129.136
974,-66,1647406067.897775000,54.230.129.136
975,-66,1647406067.897775000,54.230.129.136
976,-97,1647406067.897775000,54.230.129.136
977,-128,1647406067.897776000,54.230.129.136
978,66,1647406067.897786000,192.168.10.155
979,66,1647406067.897798000,192.168.10.155
980,66,1647406067.897804000,192.168.10.155
981,583,1647406067.898395000,192.168.10.155
982,66,1647406067.898697000,192.168.10.155
983,157,1647406067.899128000,192.168.10.155
984,-66,1647406067.899329000,54.230.129.136
985,-97,1647406067.899329000,54.230.129.136
986,-6613,1647406067.899331000,54.230.129.136
987,66,1647406067.899350000,192.168.10.155
988,66,1647406067.899454000,192.168.10.155
989,66,1647406067.899477000,192.168.10.155
990,-2922,1647406067.901901000,54.230.129.136
991,-8199,1647406067.902261000,54.230.129.136
992,-66,1647406067.902262000,54.230.130.235
993,-1494,1647406067.902262000,54.230.129.136
994,66,1647406067.903035000,192.168.10.155
995,90,1647406067.905044000,192.168.10.155
996,66,1647406067.905187000,192.168.10.155
997,90,1647406067.905658000,192.168.10.155
998,66,1647406067.905703000,192.168.10.155
999,-2922,1647406067.907296000,54.230.129.136
1000,66,1647406067.907314000,192.168.10.155
1001,-8473,1647406067.907363000,54.230.129.136
1002,-4350,1647406067.907364000,54.230.130.235
1003,66,1647406067.907371000,192.168.10.155
1004,66,1647406067.907380000,192.168.10.155
1005,-1037,1647406067.907389000,54.230.130.235
1006,66,1647406067.907393000,192.168.10.155
1007,-60,1647406067.912862000,52.119.174.17
1008,-60,1647406067.912863000,52.119.174.17
1009,54,1647406067.912923000,192.168.10.155
1010,130,1647406067.917081000,192.168.10.155
1011,236,1647406067.918431000,192.168.10.155
1012,753,1647406067.918517000,192.168.10.155
1013,-7802,1647406067.919084000,54.230.129.136
1014,-66,1647406067.919086000,54.230.129.136
1015,-18630,1647406067.919088000,54.230.129.136
1016,66,1647406067.919104000,192.168.10.155
1017,66,1647406067.919135000,192.168.10.155
1018,-66,1647406067.919167000,54.230.129.136
1019,-12918,1647406067.919170000,54.230.129.136
1020,66,1647406067.919180000,192.168.10.155
1021,-66,1647406067.919191000,54.230.129.136
1022,-66,1647406067.919192000,54.230.129.136
1023,66,1647406067.919198000,192.168.10.155
1024,66,1647406067.919211000,192.168.10.155
1025,-24277,1647406067.920333000,54.230.129.136
1026,66,1647406067.920362000,192.168.10.155
1027,-66,1647406067.922534000,54.230.130.235
1028,-128,1647406067.922535000,54.230.130.235
1029,-66,1647406067.922536000,54.230.130.235
1030,-97,1647406067.922536000,54.230.130.235
1031,66,1647406067.922573000,192.168.10.155
1032,66,1647406067.922601000,192.168.10.155
1033,97,1647406067.922672000,192.168.10.155
1034,-66,1647406067.925976000,54.230.130.235
1035,281,1647406067.926855000,192.168.10.155
1036,-66,1647406067.930118000,54.230.130.235
1037,74,1647406067.938100000,192.168.10.155
1038,74,1647406067.944056000,192.168.10.155
1039,74,1647406067.944156000,192.168.10.155
1040,74,1647406067.944314000,192.168.10.155
1041,-74,1647406067.995963000,54.191.100.59
1042,66,1647406067.996006000,192.168.10.155
1043,-60,1647406067.998190000,52.94.210.112
1044,583,1647406067.999911000,192.168.10.155
1045,-66,1647406068.007598000,54.191.100.59
1046,-66,1647406068.007599000,54.191.100.59
1047,66,1647406068.007651000,192.168.10.155
1048,-60,1647406068.009700000,52.94.210.112
1049,-6090,1647406068.011378000,52.94.210.112
1050,54,1647406068.011408000,192.168.10.155
1051,180,1647406068.018593000,192.168.10.155
1052,-669,1647406068.030280000,54.230.130.235
1053,-97,1647406068.030281000,54.230.130.235
1054,66,1647406068.030306000,192.168.10.155
1055,66,1647406068.030333000,192.168.10.155
1056,-669,1647406068.035376000,54.230.130.235
1057,-97,1647406068.035379000,54.230.130.235
1058,66,1647406068.035430000,192.168.10.155
1059,66,1647406068.035512000,192.168.10.155
1060,-66,1647406068.047621000,52.94.210.112
1061,54,1647406068.047656000,192.168.10.155
1062,102,1647406068.050200000,192.168.10.155
1063,69,1647406068.050228000,192.168.10.155
1064,-66,1647406068.051606000,52.94.210.112
1065,54,1647406068.051706000,192.168.10.155
1066,-66,1647406068.053238000,34.117.237.239
1067,-105,1647406068.053238000,34.117.237.239
1068,571,1647406068.057539000,192.168.10.155
1069,-66,1647406068.058590000,52.94.210.112
1070,54,1647406068.058614000,192.168.10.155
1071,571,1647406068.061095000,192.168.10.155
1072,-66,1647406068.063731000,52.94.210.112
1073,54,1647406068.063767000,192.168.10.155
1074,571,1647406068.068704000,192.168.10.155
1075,571,1647406068.076495000,192.168.10.155
1076,66,1647406068.095538000,192.168.10.155
1077,-66,1647406068.105146000,54.191.100.59
1078,-2962,1647406068.107822000,54.191.100.59
1079,66,1647406068.107838000,192.168.10.155
1080,-2615,1647406068.107865000,54.191.100.59
1081,66,1647406068.107872000,192.168.10.155
1082,192,1647406068.113141000,192.168.10.155
1083,-105,1647406068.143793000,52.94.210.112
1084,54,1647406068.143822000,192.168.10.155
1085,1514,1647406068.144312000,192.168.10.155
1086,1514,1647406068.144324000,192.168.10.155
1087,1514,1647406068.144332000,192.168.10.155
1088,1514,1647406068.144335000,192.168.10.155
1089,1514,1647406068.144711000,192.168.10.155
1090,1343,1647406068.144717000,192.168.10.155
1091,-60,1647406068.152247000,52.94.210.112
1092,-60,1647406068.163299000,52.94.210.112
1093,-60,1647406068.163301000,52.94.210.112
1094,-6090,1647406068.165695000,52.94.210.112
1095,54,1647406068.165721000,192.168.10.155
1096,-60,1647406068.173522000,52.94.210.112
1097,180,1647406068.174467000,192.168.10.155
1098,-60,1647406068.177176000,52.94.210.112
1099,-2974,1647406068.177177000,52.94.210.112
1100,54,1647406068.177205000,192.168.10.155
1101,-3170,1647406068.177248000,52.94.210.112
1102,54,1647406068.177255000,192.168.10.155
1103,180,1647406068.182643000,192.168.10.155
1104,-60,1647406068.183649000,52.94.210.112
1105,-60,1647406068.183650000,52.94.210.112
1106,-6090,1647406068.187139000,52.94.210.112
1107,54,1647406068.187159000,192.168.10.155
1108,180,1647406068.192086000,192.168.10.155
1109,-60,1647406068.196364000,52.94.210.112
1110,-2974,1647406068.198194000,52.94.210.112
1111,54,1647406068.198208000,192.168.10.155
1112,-3170,1647406068.198235000,52.94.210.112
1113,54,1647406068.198243000,192.168.10.155
1114,180,1647406068.203343000,192.168.10.155
1115,-324,1647406068.218430000,54.191.100.59
1116,-135,1647406068.218431000,54.191.100.59
1117,66,1647406068.218450000,192.168.10.155
1118,66,1647406068.218470000,192.168.10.155
1119,243,1647406068.219259000,192.168.10.155
1120,710,1647406068.219337000,192.168.10.155
1121,395,1647406068.219886000,192.168.10.155
1122,1514,1647406068.220046000,192.168.10.155
1123,1514,1647406068.220051000,192.168.10.155
1124,1514,1647406068.220059000,192.168.10.155
1125,1514,1647406068.220062000,192.168.10.155
1126,1514,1647406068.220598000,192.168.10.155
1127,1514,1647406068.220603000,192.168.10.155
1128,1514,1647406068.220899000,192.168.10.155
1129,-60,1647406068.270572000,52.94.210.112
1130,-105,1647406068.280856000,52.94.210.112
1131,54,1647406068.280877000,192.168.10.155
1132,1514,1647406068.281333000,192.168.10.155
1133,1114,1647406068.281346000,192.168.10.155
1134,-659,1647406068.281492000,52.94.210.112
1135,-105,1647406068.281493000,52.94.210.112
1136,54,1647406068.281506000,192.168.10.155
1137,54,1647406068.281514000,192.168.10.155
1138,-105,1647406068.294658000,52.94.210.112
1139,54,1647406068.294677000,192.168.10.155
1140,1514,1647406068.296601000,192.168.10.155
1141,1514,1647406068.296615000,192.168.10.155
1142,1514,1647406068.296628000,192.168.10.155
1143,1514,1647406068.296631000,192.168.10.155
1144,1514,1647406068.296985000,192.168.10.155
1145,1514,1647406068.296992000,192.168.10.155
1146,1514,1647406068.296999000,192.168.10.155
1147,1514,1647406068.297001000,192.168.10.155
1148,1514,1647406068.297329000,192.168.10.155
1149,1514,1647406068.297337000,192.168.10.155
1150,-105,1647406068.307849000,52.94.210.112
1151,54,1647406068.307868000,192.168.10.155
1152,639,1647406068.308230000,192.168.10.155
1153,-105,1647406068.323406000,52.94.210.112
1154,-104,1647406068.323408000,54.191.100.59
1155,54,1647406068.323436000,192.168.10.155
1156,1514,1647406068.323484000,192.168.10.155
1157,1514,1647406068.323494000,192.168.10.155
1158,-66,1647406068.325182000,54.191.100.59
1159,-66,1647406068.325183000,54.191.100.59
1160,1514,1647406068.325219000,192.168.10.155
1161,1514,1647406068.325239000,192.168.10.155
1162,-236,1647406068.326820000,54.191.100.59
1163,-104,1647406068.326822000,54.191.100.59
1164,-235,1647406068.326823000,54.191.100.59
1165,-104,1647406068.326823000,54.191.100.59
1166,66,1647406068.327722000,192.168.10.155
1167,146,1647406068.331946000,192.168.10.155
1168,105,1647406068.343732000,192.168.10.155
1169,105,1647406068.343806000,192.168.10.155
1170,85,1647406068.343902000,192.168.10.155
1171,54,1647406068.343918000,192.168.10.155
1172,85,1647406068.344000000,192.168.10.155
1173,54,1647406068.344010000,192.168.10.155
1174,90,1647406068.344148000,192.168.10.155
1175,90,1647406068.344286000,192.168.10.155
1176,-66,1647406068.347403000,54.230.129.136
1177,-66,1647406068.347404000,54.230.130.235
1178,-66,1647406068.347405000,54.230.129.136
1179,-66,1647406068.347405000,54.230.130.235
1180,66,1647406068.347445000,192.168.10.155
1181,66,1647406068.347481000,192.168.10.155
1182,-60,1647406068.384972000,52.94.210.112
1183,-659,1647406068.405601000,52.94.210.112
1184,-105,1647406068.405601000,52.94.210.112
1185,54,1647406068.405626000,192.168.10.155
1186,54,1647406068.405657000,192.168.10.155
1187,85,1647406068.406454000,192.168.10.155
1188,54,1647406068.406479000,192.168.10.155
1189,-60,1647406068.409141000,52.94.210.112
1190,-60,1647406068.409142000,52.94.210.112
1191,1514,1647406068.409170000,192.168.10.155
1192,1514,1647406068.409183000,192.168.10.155
1193,1514,1647406068.409190000,192.168.10.155
1194,1514,1647406068.409193000,192.168.10.155
1195,1514,1647406068.409574000,192.168.10.155
1196,1514,1647406068.409593000,192.168.10.155
1197,1514,1647406068.409597000,192.168.10.155
1198,1514,1647406068.409606000,192.168.10.155
1199,1514,1647406068.409609000,192.168.10.155
1200,1514,1647406068.409950000,192.168.10.155
1201,1514,1647406068.409954000,192.168.10.155
1202,1514,1647406068.409959000,192.168.10.155
1203,1514,1647406068.409961000,192.168.10.155
1204,1514,1647406068.410322000,192.168.10.155
1205,1514,1647406068.410333000,192.168.10.155
1206,1514,1647406068.410335000,192.168.10.155
1207,1514,1647406068.410341000,192.168.10.155
1208,1514,1647406068.410344000,192.168.10.155
1209,1514,1647406068.411059000,192.168.10.155
1210,252,1647406068.411065000,192.168.10.155
1211,-756,1647406068.432066000,52.94.210.112
1212,-103,1647406068.432067000,52.94.210.112
1213,54,1647406068.432108000,192.168.10.155
1214,54,1647406068.432137000,192.168.10.155
1215,85,1647406068.432390000,192.168.10.155
1216,54,1647406068.432409000,192.168.10.155
1217,74,1647406068.433694000,192.168.10.155
1218,74,1647406068.434210000,192.168.10.155
1219,-66,1647406068.436562000,54.191.100.59
1220,-74,1647406068.436563000,54.230.130.235
1221,66,1647406068.436608000,192.168.10.155
1222,-259,1647406068.440253000,54.191.100.59
1223,583,1647406068.444388000,192.168.10.155
1224,112,1647406068.445836000,192.168.10.155
1225,97,1647406068.446284000,192.168.10.155
1226,66,1647406068.446311000,192.168.10.155
1227,74,1647406068.446726000,192.168.10.155
1228,-66,1647406068.448257000,54.230.130.235
1229,-2922,1647406068.448258000,54.230.130.235
1230,66,1647406068.448283000,192.168.10.155
1231,-1494,1647406068.448821000,54.230.130.235
1232,66,1647406068.448832000,192.168.10.155
1233,-1037,1647406068.450697000,54.230.130.235
1234,66,1647406068.450733000,192.168.10.155
1235,66,1647406068.457011000,192.168.10.155
1236,85,1647406068.458425000,192.168.10.155
1237,-66,1647406068.462394000,54.230.130.235
1238,66,1647406068.462414000,192.168.10.155
1239,-60,1647406068.463502000,52.94.210.112
1240,54,1647406068.463520000,192.168.10.155
1241,-60,1647406068.470052000,52.94.210.112
1242,54,1647406068.470076000,192.168.10.155
1243,-60,1647406068.510185000,52.94.210.112
1244,54,1647406068.510206000,192.168.10.155
1245,-60,1647406068.521607000,52.94.210.112
1246,-60,1647406068.521608000,52.94.210.112
1247,-60,1647406068.521609000,52.94.210.112
1248,-60,1647406068.522765000,52.94.210.112
1249,-659,1647406068.540725000,52.94.210.112
1250,-105,1647406068.540726000,52.94.210.112
1251,54,1647406068.540748000,192.168.10.155
1252,54,1647406068.540771000,192.168.10.155
1253,-60,1647406068.547547000,52.94.210.112
1254,54,1647406068.547564000,192.168.10.155
1255,-66,1647406068.551901000,54.191.100.59
1256,-66,1647406068.551902000,54.191.100.59
1257,-74,1647406068.551902000,54.191.100.59
1258,54,1647406068.551929000,192.168.10.155
1259,-66,1647406068.566341000,52.94.210.112
1260,54,1647406068.566359000,192.168.10.155
1261,-60,1647406068.570761000,52.94.210.112
1262,54,1647406068.570774000,192.168.10.155
1263,-66,1647406068.865540000,54.191.100.59
1264,66,1647406068.865558000,192.168.10.155
