index,size,time,ip
0,-4170,1649330005.413749000,13.224.141.101
1,66,1649330005.413779000,10.11.219.6
2,-4170,1649330005.413804000,13.224.141.101
3,66,1649330005.413814000,10.11.219.6
4,-4170,1649330005.413825000,13.224.141.101
5,66,1649330005.413835000,10.11.219.6
6,-4170,1649330005.413968000,13.224.141.101
7,66,1649330005.414002000,10.11.219.6
8,-4170,1649330005.414035000,13.224.141.101
9,66,1649330005.414044000,10.11.219.6
10,-66,1649330005.414056000,18.65.116.85
11,-2802,1649330005.414087000,13.224.141.101
12,66,1649330005.414162000,10.11.219.6
13,-1434,1649330005.415691000,13.224.141.101
14,66,1649330005.415716000,10.11.219.6
15,-104,1649330005.415746000,18.65.116.85
16,66,1649330005.415752000,10.11.219.6
17,-66,1649330005.415759000,18.65.110.227
18,-4170,1649330005.415773000,13.224.141.101
19,66,1649330005.415778000,10.11.219.6
20,-4170,1649330005.415784000,18.65.110.227
21,66,1649330005.415790000,10.11.219.6
22,-4170,1649330005.415826000,13.224.141.101
23,66,1649330005.415832000,10.11.219.6
24,-4170,1649330005.416062000,13.224.141.101
25,66,1649330005.416069000,10.11.219.6
26,-1217,1649330005.416077000,18.65.110.227
27,66,1649330005.416081000,10.11.219.6
28,-4170,1649330005.416087000,13.224.141.101
29,66,1649330005.416091000,10.11.219.6
30,-66,1649330005.416097000,18.65.116.85
31,-4170,1649330005.416128000,13.224.141.101
32,66,1649330005.416134000,10.11.219.6
33,-4170,1649330005.416141000,13.224.141.101
34,66,1649330005.416146000,10.11.219.6
35,-1434,1649330005.416150000,13.224.141.101
36,66,1649330005.416154000,10.11.219.6
37,-2802,1649330005.417499000,13.224.141.101
38,66,1649330005.417558000,10.11.219.6
39,-4170,1649330005.418404000,13.224.141.101
40,66,1649330005.418438000,10.11.219.6
41,-66,1649330005.418467000,18.65.116.79
42,130,1649330005.421901000,10.11.219.6
43,-2802,1649330005.422010000,18.65.116.79
44,66,1649330005.422020000,10.11.219.6
45,-4170,1649330005.424135000,13.224.141.101
46,66,1649330005.424144000,10.11.219.6
47,-2802,1649330005.424153000,13.224.141.101
48,66,1649330005.424154000,10.11.219.6
49,-1242,1649330005.424156000,18.65.116.79
50,66,1649330005.424160000,10.11.219.6
51,-12378,1649330005.424164000,13.224.141.101
52,66,1649330005.424166000,10.11.219.6
53,-9642,1649330005.424173000,13.224.141.101
54,66,1649330005.424175000,10.11.219.6
55,-2802,1649330005.424409000,13.224.141.101
56,66,1649330005.424413000,10.11.219.6
57,-2802,1649330005.424417000,13.224.141.101
58,66,1649330005.424419000,10.11.219.6
59,-6906,1649330005.426747000,13.224.141.101
60,66,1649330005.426753000,10.11.219.6
61,-2802,1649330005.426889000,13.224.141.101
62,66,1649330005.426892000,10.11.219.6
63,-11010,1649330005.426897000,13.224.141.101
64,66,1649330005.426899000,10.11.219.6
65,-1434,1649330005.428963000,13.224.141.101
66,-5538,1649330005.428972000,13.224.141.101
67,66,1649330005.428977000,10.11.219.6
68,-6906,1649330005.431203000,13.224.141.101
69,66,1649330005.431221000,10.11.219.6
70,-2802,1649330005.431239000,13.224.141.101
71,66,1649330005.431244000,10.11.219.6
72,-12378,1649330005.431251000,13.224.141.101
73,66,1649330005.431258000,10.11.219.6
74,-12378,1649330005.431278000,13.224.141.101
75,66,1649330005.431284000,10.11.219.6
76,-11010,1649330005.431305000,13.224.141.101
77,66,1649330005.431310000,10.11.219.6
78,-1434,1649330005.431613000,13.224.141.101
79,66,1649330005.431621000,10.11.219.6
80,-12378,1649330005.431633000,13.224.141.101
81,66,1649330005.431639000,10.11.219.6
82,-11010,1649330005.431673000,13.224.141.101
83,66,1649330005.431680000,10.11.219.6
84,-1434,1649330005.433598000,13.224.141.101
85,66,1649330005.433628000,10.11.219.6
86,-2802,1649330005.433662000,13.224.141.101
87,66,1649330005.433668000,10.11.219.6
88,-12378,1649330005.433676000,13.224.141.101
89,-4170,1649330005.433703000,13.224.141.101
90,-8274,1649330005.434159000,13.224.141.101
91,-5538,1649330005.434178000,13.224.141.101
92,-6906,1649330005.436079000,13.224.141.101
93,-1434,1649330005.436090000,13.224.141.101
94,-11010,1649330005.436642000,13.224.141.101
95,-12378,1649330005.436661000,13.224.141.101
96,-66,1649330005.436669000,18.65.110.227
97,-128,1649330005.436674000,18.65.110.227
98,66,1649330005.436680000,10.11.219.6
99,-2802,1649330005.436695000,13.224.141.101
100,-11010,1649330005.442367000,13.224.141.101
101,-1434,1649330005.442864000,13.224.141.101
102,-12378,1649330005.442869000,13.224.141.101
103,-12378,1649330005.442881000,13.224.141.101
104,-12378,1649330005.442907000,13.224.141.101
105,-4170,1649330005.442915000,13.224.141.101
106,-5538,1649330005.444592000,13.224.141.101
107,-2802,1649330005.445242000,13.224.141.101
108,-2802,1649330005.445246000,13.224.141.101
109,-12378,1649330005.445250000,13.224.141.101
110,-11010,1649330005.445294000,13.224.141.101
111,-1434,1649330005.448850000,13.224.141.101
112,-1434,1649330005.448864000,13.224.141.101
113,-11010,1649330005.448902000,13.224.141.101
114,-3652,1649330005.448909000,13.224.141.101
115,66,1649330005.448978000,10.11.219.6
116,236,1649330005.449983000,10.11.219.6
117,714,1649330005.450068000,10.11.219.6
118,159,1649330005.452261000,10.11.219.6
119,-66,1649330005.452347000,18.65.110.227
120,-97,1649330005.452357000,18.65.110.227
121,66,1649330005.452362000,10.11.219.6
122,90,1649330005.452684000,10.11.219.6
123,66,1649330005.452704000,10.11.219.6
124,97,1649330005.452889000,10.11.219.6
125,-66,1649330005.453492000,18.65.110.227
126,-66,1649330005.455590000,18.65.116.79
127,-54,1649330005.455604000,13.224.141.101
128,-66,1649330005.455621000,18.65.110.227
129,74,1649330005.456570000,10.11.219.6
130,-237,1649330005.456768000,18.65.116.79
131,66,1649330005.456774000,10.11.219.6
132,538,1649330005.457090000,10.11.219.6
133,-74,1649330005.460996000,13.224.141.101
134,66,1649330005.461009000,10.11.219.6
135,-66,1649330005.461016000,18.65.116.79
136,-1060,1649330005.461019000,18.65.116.79
137,66,1649330005.461021000,10.11.219.6
138,583,1649330005.465234000,10.11.219.6
139,561,1649330005.465455000,10.11.219.6
140,-66,1649330005.469742000,18.65.116.79
141,-66,1649330005.469753000,13.224.141.101
142,-83,1649330005.469755000,18.65.116.79
143,78,1649330005.469765000,10.11.219.6
144,-1434,1649330005.469777000,18.65.116.79
145,66,1649330005.469785000,10.11.219.6
146,-1434,1649330005.469788000,13.224.141.101
147,66,1649330005.469790000,10.11.219.6
148,-1434,1649330005.472845000,13.224.141.101
149,66,1649330005.472868000,10.11.219.6
150,-1328,1649330005.473835000,13.224.141.101
151,66,1649330005.473841000,10.11.219.6
152,-66,1649330005.473849000,52.89.111.63
153,130,1649330005.476957000,10.11.219.6
154,499,1649330005.477116000,10.11.219.6
155,-66,1649330005.479091000,13.224.141.101
156,-66,1649330005.481310000,13.224.141.101
157,-610,1649330005.481320000,13.224.141.101
158,66,1649330005.481329000,10.11.219.6
159,-90,1649330005.481349000,13.224.141.101
160,90,1649330005.481663000,10.11.219.6
161,66,1649330005.481689000,10.11.219.6
162,74,1649330005.483357000,10.11.219.6
163,-54,1649330005.484499000,13.224.141.101
164,-74,1649330005.486624000,13.224.141.101
165,66,1649330005.486639000,10.11.219.6
166,583,1649330005.488550000,10.11.219.6
167,-66,1649330005.492353000,13.224.141.101
168,-2802,1649330005.492362000,13.224.141.101
169,66,1649330005.492368000,10.11.219.6
170,-1328,1649330005.494318000,13.224.141.101
171,66,1649330005.494324000,10.11.219.6
172,130,1649330005.497537000,10.11.219.6
173,500,1649330005.497654000,10.11.219.6
174,-66,1649330005.500570000,13.224.141.101
175,-66,1649330005.500587000,13.224.141.101
176,-610,1649330005.500592000,13.224.141.101
177,66,1649330005.500605000,10.11.219.6
178,90,1649330005.500894000,10.11.219.6
179,66,1649330005.500924000,10.11.219.6
180,-90,1649330005.501580000,13.224.141.101
181,54,1649330005.501605000,10.11.219.6
182,74,1649330005.534124000,10.11.219.6
183,-74,1649330005.536974000,13.224.141.101
184,66,1649330005.536987000,10.11.219.6
185,583,1649330005.538902000,10.11.219.6
186,-66,1649330005.547103000,13.224.141.101
187,-2802,1649330005.547116000,13.224.141.101
188,66,1649330005.547124000,10.11.219.6
189,-1328,1649330005.547147000,13.224.141.101
190,66,1649330005.547152000,10.11.219.6
191,130,1649330005.553525000,10.11.219.6
192,494,1649330005.553805000,10.11.219.6
193,-66,1649330005.557252000,13.224.141.101
194,-66,1649330005.557270000,13.224.141.101
195,-5538,1649330005.560719000,13.224.141.101
196,66,1649330005.560733000,10.11.219.6
197,-365,1649330005.560757000,13.224.141.101
198,78,1649330005.560761000,10.11.219.6
199,-1434,1649330005.560764000,13.224.141.101
200,66,1649330005.560767000,10.11.219.6
201,-90,1649330005.560769000,13.224.141.101
202,90,1649330005.561034000,10.11.219.6
203,66,1649330005.561061000,10.11.219.6
204,74,1649330005.563197000,10.11.219.6
205,-54,1649330005.563946000,13.224.141.101
206,-74,1649330005.566089000,13.224.141.101
207,66,1649330005.566112000,10.11.219.6
208,583,1649330005.568682000,10.11.219.6
209,-66,1649330005.571714000,13.224.141.101
210,-2802,1649330005.572933000,13.224.141.101
211,66,1649330005.572944000,10.11.219.6
212,-1328,1649330005.576074000,13.224.141.101
213,66,1649330005.576102000,10.11.219.6
214,130,1649330005.580006000,10.11.219.6
215,495,1649330005.580276000,10.11.219.6
216,-66,1649330005.582370000,13.224.141.101
217,-66,1649330005.583533000,13.224.141.101
218,-642,1649330005.583545000,13.224.141.101
219,66,1649330005.583554000,10.11.219.6
220,90,1649330005.583914000,10.11.219.6
221,66,1649330005.583940000,10.11.219.6
222,-90,1649330005.584508000,13.224.141.101
223,54,1649330005.584540000,10.11.219.6
224,74,1649330005.586365000,10.11.219.6
225,-74,1649330005.590267000,13.224.141.101
226,66,1649330005.590298000,10.11.219.6
227,583,1649330005.593883000,10.11.219.6
228,-66,1649330005.596638000,13.224.141.101
229,-2802,1649330005.597797000,13.224.141.101
230,66,1649330005.597817000,10.11.219.6
231,-1328,1649330005.600950000,13.224.141.101
232,66,1649330005.600973000,10.11.219.6
233,130,1649330005.604102000,10.11.219.6
234,500,1649330005.604260000,10.11.219.6
235,-66,1649330005.609436000,13.224.141.101
236,-66,1649330005.609447000,13.224.141.101
237,-5538,1649330005.609451000,13.224.141.101
238,66,1649330005.609458000,10.11.219.6
239,-11000,1649330005.613580000,13.224.141.101
240,66,1649330005.613613000,10.11.219.6
241,-19218,1649330005.613901000,13.224.141.101
242,66,1649330005.613916000,10.11.219.6
243,-2802,1649330005.613977000,13.224.141.101
244,66,1649330005.613985000,10.11.219.6
245,-11010,1649330005.613995000,13.224.141.101
246,66,1649330005.613999000,10.11.219.6
247,-5538,1649330005.618053000,13.224.141.101
248,66,1649330005.618072000,10.11.219.6
249,-15114,1649330005.618203000,13.224.141.101
250,66,1649330005.618210000,10.11.219.6
251,-4314,1649330005.618233000,13.224.141.101
252,66,1649330005.618239000,10.11.219.6
253,90,1649330005.618489000,10.11.219.6
254,66,1649330005.618521000,10.11.219.6
255,-54,1649330005.620860000,13.224.141.101
256,74,1649330005.621353000,10.11.219.6
257,-74,1649330005.624358000,13.224.141.101
258,66,1649330005.624377000,10.11.219.6
259,583,1649330005.627071000,10.11.219.6
260,-66,1649330005.629777000,13.224.141.101
261,-2802,1649330005.630935000,13.224.141.101
262,66,1649330005.630946000,10.11.219.6
263,-1328,1649330005.639616000,13.224.141.101
264,66,1649330005.639645000,10.11.219.6
265,130,1649330005.644298000,10.11.219.6
266,501,1649330005.644537000,10.11.219.6
267,-66,1649330005.646880000,13.224.141.101
268,-66,1649330005.646901000,13.224.141.101
269,-675,1649330005.649032000,13.224.141.101
270,66,1649330005.649047000,10.11.219.6
271,-90,1649330005.649067000,13.224.141.101
272,90,1649330005.649330000,10.11.219.6
273,66,1649330005.649359000,10.11.219.6
274,74,1649330005.651647000,10.11.219.6
275,-54,1649330005.652183000,13.224.141.101
276,-74,1649330005.654315000,13.224.141.101
277,66,1649330005.654335000,10.11.219.6
278,583,1649330005.656664000,10.11.219.6
279,-66,1649330005.659743000,13.224.141.101
280,-2802,1649330005.661008000,13.224.141.101
281,66,1649330005.661023000,10.11.219.6
282,-1328,1649330005.662084000,13.224.141.101
283,66,1649330005.662106000,10.11.219.6
284,-1172,1649330005.664364000,18.65.110.227
285,66,1649330005.664380000,10.11.219.6
286,-4170,1649330005.664396000,18.65.110.227
287,66,1649330005.664399000,10.11.219.6
288,-760,1649330005.664403000,18.65.110.227
289,66,1649330005.664406000,10.11.219.6
290,130,1649330005.668413000,10.11.219.6
291,508,1649330005.668834000,10.11.219.6
292,-66,1649330005.671688000,13.224.141.101
293,-66,1649330005.671710000,13.224.141.101
294,-4102,1649330005.671714000,13.224.141.101
295,66,1649330005.671722000,10.11.219.6
296,90,1649330005.671953000,10.11.219.6
297,66,1649330005.671969000,10.11.219.6
298,-90,1649330005.672879000,13.224.141.101
299,54,1649330005.672899000,10.11.219.6
300,-4170,1649330005.672923000,18.65.110.227
301,66,1649330005.672937000,10.11.219.6
302,-1434,1649330005.674879000,18.65.110.227
303,66,1649330005.674897000,10.11.219.6
304,-126,1649330005.674916000,18.65.110.227
305,78,1649330005.674919000,10.11.219.6
306,-1434,1649330005.674920000,18.65.110.227
307,66,1649330005.674924000,10.11.219.6
308,74,1649330005.686786000,10.11.219.6
309,-74,1649330005.689634000,13.224.141.101
310,66,1649330005.689662000,10.11.219.6
311,583,1649330005.691642000,10.11.219.6
312,-66,1649330005.695202000,13.224.141.101
313,-2802,1649330005.695220000,13.224.141.101
314,66,1649330005.695238000,10.11.219.6
315,-1328,1649330005.697364000,13.224.141.101
316,66,1649330005.697388000,10.11.219.6
317,130,1649330005.702630000,10.11.219.6
318,506,1649330005.702826000,10.11.219.6
319,-66,1649330005.705919000,13.224.141.101
320,-66,1649330005.705934000,13.224.141.101
321,-1434,1649330005.705938000,13.224.141.101
322,66,1649330005.705949000,10.11.219.6
323,-86,1649330005.705967000,13.224.141.101
324,78,1649330005.705972000,10.11.219.6
325,-1434,1649330005.705976000,13.224.141.101
326,66,1649330005.705979000,10.11.219.6
327,90,1649330005.706220000,10.11.219.6
328,66,1649330005.706242000,10.11.219.6
329,-90,1649330005.706854000,13.224.141.101
330,54,1649330005.706881000,10.11.219.6
331,74,1649330005.734785000,10.11.219.6
332,74,1649330005.735062000,10.11.219.6
333,74,1649330005.735153000,10.11.219.6
334,74,1649330005.735220000,10.11.219.6
335,74,1649330005.735320000,10.11.219.6
336,74,1649330005.735381000,10.11.219.6
337,547,1649330005.737065000,10.11.219.6
338,-74,1649330005.738881000,13.224.141.101
339,66,1649330005.738916000,10.11.219.6
340,-66,1649330005.740049000,18.65.116.79
341,-1069,1649330005.740057000,18.65.116.79
342,583,1649330005.740983000,10.11.219.6
343,-66,1649330005.744370000,13.224.141.101
344,-2802,1649330005.745865000,13.224.141.101
345,66,1649330005.745928000,10.11.219.6
346,-74,1649330005.748325000,151.101.229.16
347,66,1649330005.748361000,10.11.219.6
348,-74,1649330005.748381000,151.101.229.16
349,66,1649330005.748388000,10.11.219.6
350,-74,1649330005.748393000,151.101.229.16
351,66,1649330005.748398000,10.11.219.6
352,-1328,1649330005.748402000,13.224.141.101
353,66,1649330005.748406000,10.11.219.6
354,-74,1649330005.748409000,151.101.229.16
355,66,1649330005.748412000,10.11.219.6
356,-74,1649330005.748415000,151.101.229.16
357,66,1649330005.748420000,10.11.219.6
358,583,1649330005.751088000,10.11.219.6
359,570,1649330005.752020000,10.11.219.6
360,583,1649330005.753825000,10.11.219.6
361,-1836,1649330005.755561000,18.65.116.79
362,583,1649330005.755785000,10.11.219.6
363,583,1649330005.757567000,10.11.219.6
364,583,1649330005.759319000,10.11.219.6
365,66,1649330005.759469000,10.11.219.6
366,130,1649330005.762118000,10.11.219.6
367,518,1649330005.762294000,10.11.219.6
368,-66,1649330005.762977000,151.101.229.16
369,-4170,1649330005.764414000,151.101.229.16
370,66,1649330005.764447000,10.11.219.6
371,-914,1649330005.764471000,151.101.229.16
372,66,1649330005.764475000,10.11.219.6
373,-66,1649330005.765241000,13.224.141.101
374,-66,1649330005.765300000,13.224.141.101
375,-66,1649330005.765309000,151.101.229.16
376,-996,1649330005.767024000,13.224.141.101
377,66,1649330005.767100000,10.11.219.6
378,-90,1649330005.767150000,13.224.141.101
379,-2802,1649330005.767703000,151.101.229.16
380,66,1649330005.767747000,10.11.219.6
381,-914,1649330005.767801000,151.101.229.16
382,78,1649330005.767817000,10.11.219.6
383,-1434,1649330005.767827000,151.101.229.16
384,66,1649330005.767846000,10.11.219.6
385,-66,1649330005.767850000,151.101.229.16
386,-2802,1649330005.768580000,151.101.229.16
387,66,1649330005.768587000,10.11.219.6
388,-914,1649330005.770490000,151.101.229.16
389,78,1649330005.770521000,10.11.219.6
390,-66,1649330005.770544000,151.101.229.16
391,-66,1649330005.770553000,151.101.229.16
392,-1434,1649330005.770555000,151.101.229.16
393,66,1649330005.770559000,10.11.219.6
394,-2802,1649330005.772685000,151.101.229.16
395,66,1649330005.772698000,10.11.219.6
396,-2282,1649330005.772715000,151.101.229.16
397,66,1649330005.772720000,10.11.219.6
398,-2802,1649330005.772723000,151.101.229.16
399,66,1649330005.772726000,10.11.219.6
400,-914,1649330005.773168000,151.101.229.16
401,78,1649330005.773174000,10.11.219.6
402,-1434,1649330005.773181000,151.101.229.16
403,66,1649330005.773185000,10.11.219.6
404,90,1649330005.774074000,10.11.219.6
405,66,1649330005.774088000,10.11.219.6
406,-54,1649330005.776488000,13.224.141.101
407,74,1649330005.779207000,10.11.219.6
408,-74,1649330005.781884000,13.224.141.101
409,66,1649330005.781901000,10.11.219.6
410,583,1649330005.785678000,10.11.219.6
411,-66,1649330005.788229000,13.224.141.101
412,-2802,1649330005.789677000,13.224.141.101
413,66,1649330005.789680000,10.11.219.6
414,-1328,1649330005.791601000,13.224.141.101
415,66,1649330005.791610000,10.11.219.6
416,130,1649330005.797815000,10.11.219.6
417,130,1649330005.799532000,10.11.219.6
418,236,1649330005.801059000,10.11.219.6
419,403,1649330005.801122000,10.11.219.6
420,130,1649330005.801825000,10.11.219.6
421,130,1649330005.803003000,10.11.219.6
422,130,1649330005.803367000,10.11.219.6
423,253,1649330005.803460000,10.11.219.6
424,169,1649330005.803919000,10.11.219.6
425,253,1649330005.804629000,10.11.219.6
426,253,1649330005.804645000,10.11.219.6
427,236,1649330005.804711000,10.11.219.6
428,547,1649330005.804720000,10.11.219.6
429,90,1649330005.804755000,10.11.219.6
430,66,1649330005.804764000,10.11.219.6
431,684,1649330005.805350000,10.11.219.6
432,443,1649330005.805569000,10.11.219.6
433,90,1649330005.805977000,10.11.219.6
434,66,1649330005.805989000,10.11.219.6
435,90,1649330005.806031000,10.11.219.6
436,66,1649330005.806038000,10.11.219.6
437,130,1649330005.806979000,10.11.219.6
438,518,1649330005.807087000,10.11.219.6
439,-66,1649330005.808811000,151.101.229.16
440,-66,1649330005.809913000,13.224.141.101
441,-66,1649330005.809918000,13.224.141.101
442,-675,1649330005.811025000,13.224.141.101
443,66,1649330005.811030000,10.11.219.6
444,-66,1649330005.811040000,151.101.229.16
445,-90,1649330005.811045000,13.224.141.101
446,90,1649330005.811214000,10.11.219.6
447,66,1649330005.811230000,10.11.219.6
448,-66,1649330005.812058000,151.101.229.16
449,-125,1649330005.812072000,151.101.229.16
450,66,1649330005.812082000,10.11.219.6
451,-66,1649330005.812101000,151.101.229.16
452,97,1649330005.812179000,10.11.219.6
453,74,1649330005.813606000,10.11.219.6
454,-4170,1649330005.813957000,151.101.229.16
455,66,1649330005.813983000,10.11.219.6
456,-4170,1649330005.813999000,151.101.229.16
457,66,1649330005.814004000,10.11.219.6
458,-66,1649330005.814009000,151.101.229.16
459,-1434,1649330005.814018000,151.101.229.16
460,66,1649330005.814024000,10.11.219.6
461,-2802,1649330005.814723000,151.101.229.16
462,66,1649330005.814733000,10.11.219.6
463,-54,1649330005.814746000,13.224.141.101
464,-66,1649330005.814765000,151.101.229.16
465,-66,1649330005.814772000,151.101.229.16
466,-280,1649330005.814776000,151.101.229.16
467,78,1649330005.814786000,10.11.219.6
468,-1434,1649330005.814793000,151.101.229.16
469,66,1649330005.814800000,10.11.219.6
470,-66,1649330005.818715000,151.101.229.16
471,-66,1649330005.818724000,151.101.229.16
472,-4170,1649330005.818731000,151.101.229.16
473,66,1649330005.818740000,10.11.219.6
474,-66,1649330005.818758000,151.101.229.16
475,-125,1649330005.818768000,151.101.229.16
476,54,1649330005.818789000,10.11.219.6
477,-66,1649330005.818836000,151.101.229.16
478,-125,1649330005.818843000,151.101.229.16
479,54,1649330005.818852000,10.11.219.6
480,-2375,1649330005.818865000,18.65.110.227
481,66,1649330005.818872000,10.11.219.6
482,-125,1649330005.818877000,151.101.229.16
483,54,1649330005.818885000,10.11.219.6
484,-4170,1649330005.818894000,151.101.229.16
485,-66,1649330005.818928000,151.101.229.16
486,-66,1649330005.818934000,151.101.229.16
487,-125,1649330005.818937000,151.101.229.16
488,66,1649330005.818942000,10.11.219.6
489,-66,1649330005.818948000,151.101.229.16
490,-2802,1649330005.818953000,151.101.229.16
491,66,1649330005.818957000,10.11.219.6
492,-2802,1649330005.818962000,151.101.229.16
493,66,1649330005.818967000,10.11.219.6
494,-2802,1649330005.819037000,151.101.229.16
495,66,1649330005.819047000,10.11.219.6
496,-74,1649330005.819058000,13.224.141.101
497,66,1649330005.819075000,10.11.219.6
498,-4170,1649330005.819084000,151.101.229.16
499,-66,1649330005.819086000,151.101.229.16
500,66,1649330005.819090000,10.11.219.6
501,54,1649330005.819099000,10.11.219.6
502,66,1649330005.819107000,10.11.219.6
503,97,1649330005.819384000,10.11.219.6
504,-90,1649330005.820552000,151.101.229.16
505,54,1649330005.820569000,10.11.219.6
506,-66,1649330005.820585000,151.101.229.16
507,54,1649330005.820591000,10.11.219.6
508,-66,1649330005.820595000,151.101.229.16
509,54,1649330005.820599000,10.11.219.6
510,-66,1649330005.820603000,151.101.229.16
511,54,1649330005.820607000,10.11.219.6
512,-90,1649330005.820611000,151.101.229.16
513,54,1649330005.820615000,10.11.219.6
514,-66,1649330005.820618000,151.101.229.16
515,54,1649330005.820622000,10.11.219.6
516,-90,1649330005.820625000,151.101.229.16
517,54,1649330005.820629000,10.11.219.6
518,-66,1649330005.820632000,151.101.229.16
519,54,1649330005.820635000,10.11.219.6
520,-66,1649330005.820665000,151.101.229.16
521,54,1649330005.820671000,10.11.219.6
522,-66,1649330005.820675000,151.101.229.16
523,54,1649330005.820678000,10.11.219.6
524,-66,1649330005.820682000,151.101.229.16
525,54,1649330005.820687000,10.11.219.6
526,-2802,1649330005.820692000,151.101.229.16
527,66,1649330005.820699000,10.11.219.6
528,-4170,1649330005.820704000,151.101.229.16
529,66,1649330005.820707000,10.11.219.6
530,-2802,1649330005.820748000,151.101.229.16
531,66,1649330005.820752000,10.11.219.6
532,-2802,1649330005.820757000,151.101.229.16
533,66,1649330005.820760000,10.11.219.6
534,-4170,1649330005.820764000,151.101.229.16
535,-2802,1649330005.820767000,151.101.229.16
536,66,1649330005.820773000,10.11.219.6
537,-66,1649330005.821788000,151.101.229.16
538,-4170,1649330005.821800000,151.101.229.16
539,-2802,1649330005.821803000,151.101.229.16
540,583,1649330005.823089000,10.11.219.6
541,66,1649330005.823204000,10.11.219.6
542,-2802,1649330005.823248000,151.101.229.16
543,-2802,1649330005.823256000,151.101.229.16
544,-2802,1649330005.823260000,151.101.229.16
545,-2802,1649330005.823262000,151.101.229.16
546,-1434,1649330005.823273000,18.65.110.227
547,66,1649330005.823367000,10.11.219.6
548,-2802,1649330005.827070000,18.65.110.227
549,66,1649330005.827103000,10.11.219.6
550,-2802,1649330005.827233000,151.101.229.16
551,66,1649330005.827238000,10.11.219.6
552,-4170,1649330005.827246000,18.65.110.227
553,-2802,1649330005.827249000,151.101.229.16
554,66,1649330005.827252000,10.11.219.6
555,-66,1649330005.827256000,151.101.229.16
556,66,1649330005.827268000,10.11.219.6
557,-4170,1649330005.827279000,18.65.110.227
558,-2802,1649330005.827282000,151.101.229.16
559,-999,1649330005.827287000,151.101.229.16
560,-4170,1649330005.827290000,18.65.110.227
561,-90,1649330005.827305000,18.65.110.227
562,-4170,1649330005.827308000,151.101.229.16
563,66,1649330005.827311000,10.11.219.6
564,66,1649330005.827402000,10.11.219.6
565,66,1649330005.827583000,10.11.219.6
566,-4170,1649330005.829228000,151.101.229.16
567,66,1649330005.829253000,10.11.219.6
568,-5538,1649330005.829277000,151.101.229.16
569,66,1649330005.829281000,10.11.219.6
570,-66,1649330005.829284000,13.224.141.101
571,-5538,1649330005.829322000,151.101.229.16
572,66,1649330005.829326000,10.11.219.6
573,-2802,1649330005.829330000,13.224.141.101
574,66,1649330005.829334000,10.11.219.6
575,-2802,1649330005.830679000,151.101.229.16
576,66,1649330005.830695000,10.11.219.6
577,-2802,1649330005.832710000,151.101.229.16
578,66,1649330005.832753000,10.11.219.6
579,-4170,1649330005.832809000,151.101.229.16
580,66,1649330005.832819000,10.11.219.6
581,-4170,1649330005.832830000,151.101.229.16
582,66,1649330005.832835000,10.11.219.6
583,-2802,1649330005.832909000,151.101.229.16
584,-1328,1649330005.832914000,13.224.141.101
585,66,1649330005.832922000,10.11.219.6
586,66,1649330005.832936000,10.11.219.6
587,-3970,1649330005.836537000,151.101.229.16
588,66,1649330005.836554000,10.11.219.6
589,-2802,1649330005.836569000,151.101.229.16
590,66,1649330005.836572000,10.11.219.6
591,-1434,1649330005.836575000,151.101.229.16
592,66,1649330005.836577000,10.11.219.6
593,-6906,1649330005.837195000,151.101.229.16
594,66,1649330005.837203000,10.11.219.6
595,-4170,1649330005.837212000,151.101.229.16
596,66,1649330005.837214000,10.11.219.6
597,-4170,1649330005.837251000,151.101.229.16
598,66,1649330005.837256000,10.11.219.6
599,-66,1649330005.837261000,151.101.229.16
600,-4170,1649330005.837266000,151.101.229.16
601,66,1649330005.837269000,10.11.219.6
602,-6906,1649330005.837272000,151.101.229.16
603,66,1649330005.837274000,10.11.219.6
604,-2802,1649330005.837284000,151.101.229.16
605,66,1649330005.837287000,10.11.219.6
606,-3746,1649330005.838499000,151.101.229.16
607,66,1649330005.838514000,10.11.219.6
608,-2292,1649330005.838530000,151.101.229.16
609,130,1649330005.838534000,10.11.219.6
610,66,1649330005.838544000,10.11.219.6
611,517,1649330005.838897000,10.11.219.6
612,-6162,1649330005.840107000,151.101.229.16
613,66,1649330005.840121000,10.11.219.6
614,-1434,1649330005.840139000,151.101.229.16
615,66,1649330005.840143000,10.11.219.6
616,-1262,1649330005.840146000,151.101.229.16
617,78,1649330005.840151000,10.11.219.6
618,-1434,1649330005.840154000,151.101.229.16
619,66,1649330005.840157000,10.11.219.6
620,-66,1649330005.841587000,13.224.141.101
621,-66,1649330005.841601000,13.224.141.101
622,-772,1649330005.841604000,13.224.141.101
623,66,1649330005.841612000,10.11.219.6
624,90,1649330005.842294000,10.11.219.6
625,66,1649330005.842317000,10.11.219.6
626,-90,1649330005.842829000,13.224.141.101
627,54,1649330005.842852000,10.11.219.6
628,-4170,1649330005.915140000,18.65.110.227
629,-4170,1649330005.915156000,18.65.110.227
630,-4170,1649330005.915160000,18.65.110.227
631,66,1649330005.915221000,10.11.219.6
632,-438,1649330005.915595000,18.65.110.227
633,78,1649330005.915603000,10.11.219.6
634,-1434,1649330005.915613000,18.65.110.227
635,66,1649330005.915623000,10.11.219.6
636,-8274,1649330005.923741000,18.65.110.227
637,66,1649330005.923753000,10.11.219.6
638,-2802,1649330005.923774000,18.65.110.227
639,66,1649330005.923776000,10.11.219.6
640,-5528,1649330005.923935000,18.65.110.227
641,66,1649330005.923942000,10.11.219.6
642,-8274,1649330005.923955000,18.65.110.227
643,-5538,1649330005.923969000,18.65.110.227
644,66,1649330005.923994000,10.11.219.6
645,-2802,1649330005.925021000,18.65.110.227
646,66,1649330005.925027000,10.11.219.6
647,-8274,1649330005.925037000,18.65.110.227
648,66,1649330005.925069000,10.11.219.6
649,-2649,1649330005.926383000,18.65.110.227
650,66,1649330005.926393000,10.11.219.6
651,174,1649330005.934730000,10.11.219.6
652,190,1649330005.937218000,10.11.219.6
653,169,1649330005.937842000,10.11.219.6
654,959,1649330005.938017000,10.11.219.6
655,188,1649330005.938142000,10.11.219.6
656,193,1649330005.938900000,10.11.219.6
657,191,1649330005.939689000,10.11.219.6
658,179,1649330005.940321000,10.11.219.6
659,184,1649330005.941277000,10.11.219.6
660,-66,1649330005.945409000,151.101.229.16
661,-5538,1649330005.949446000,151.101.229.16
662,66,1649330005.949476000,10.11.219.6
663,-477,1649330005.949501000,151.101.229.16
664,78,1649330005.949508000,10.11.219.6
665,-1434,1649330005.949510000,151.101.229.16
666,66,1649330005.949515000,10.11.219.6
667,-66,1649330005.949520000,151.101.229.16
668,-606,1649330005.949526000,151.101.229.16
669,66,1649330005.949529000,10.11.219.6
670,-66,1649330005.949546000,151.101.229.16
671,-66,1649330005.949549000,151.101.229.16
672,-4724,1649330005.951087000,151.101.229.16
673,66,1649330005.951110000,10.11.219.6
674,-15954,1649330005.951138000,151.101.229.16
675,66,1649330005.951148000,10.11.219.6
676,-2802,1649330005.953098000,151.101.229.16
677,66,1649330005.953117000,10.11.219.6
678,-805,1649330005.953138000,151.101.229.16
679,78,1649330005.953144000,10.11.219.6
680,-1434,1649330005.953148000,151.101.229.16
681,66,1649330005.953152000,10.11.219.6
682,-66,1649330005.953155000,151.101.229.16
683,-8274,1649330005.953162000,151.101.229.16
684,66,1649330005.953165000,10.11.219.6
685,-5538,1649330005.953185000,151.101.229.16
686,66,1649330005.953188000,10.11.219.6
687,-2802,1649330005.955666000,151.101.229.16
688,66,1649330005.955678000,10.11.219.6
689,-79,1649330005.955693000,151.101.229.16
690,-66,1649330005.955695000,151.101.229.16
691,-1075,1649330005.955699000,151.101.229.16
692,66,1649330005.955701000,10.11.219.6
693,-66,1649330005.955703000,151.101.229.16
694,-1287,1649330005.955705000,151.101.229.16
695,66,1649330005.955706000,10.11.219.6
696,-66,1649330005.955707000,151.101.229.16
697,-631,1649330005.955715000,151.101.229.16
698,66,1649330005.955717000,10.11.219.6
699,74,1649330005.977733000,10.11.219.6
700,-13746,1649330006.023928000,18.65.110.227
701,-1434,1649330006.023954000,18.65.110.227
702,-4170,1649330006.023959000,18.65.110.227
703,-252,1649330006.023961000,18.65.110.227
704,78,1649330006.023970000,10.11.219.6
705,-1434,1649330006.023984000,18.65.110.227
706,66,1649330006.023987000,10.11.219.6
707,211,1649330006.028129000,10.11.219.6
708,198,1649330006.028464000,10.11.219.6
709,-66,1649330006.039643000,151.101.229.16
710,-66,1649330006.039657000,151.101.229.16
711,-2802,1649330006.039660000,151.101.229.16
712,66,1649330006.039668000,10.11.219.6
713,-5538,1649330006.039701000,151.101.229.16
714,66,1649330006.039708000,10.11.219.6
715,167,1649330006.040930000,10.11.219.6
716,-2731,1649330006.041875000,151.101.229.16
717,66,1649330006.041885000,10.11.219.6
718,-2802,1649330006.041898000,151.101.229.16
719,66,1649330006.041901000,10.11.219.6
720,-421,1649330006.041912000,151.101.229.16
721,78,1649330006.041917000,10.11.219.6
722,-1434,1649330006.041919000,151.101.229.16
723,66,1649330006.041921000,10.11.219.6
724,74,1649330006.051568000,10.11.219.6
725,200,1649330006.051721000,10.11.219.6
726,-66,1649330006.052278000,151.101.229.16
727,-5538,1649330006.056069000,151.101.229.16
728,66,1649330006.056096000,10.11.219.6
729,-6906,1649330006.056147000,151.101.229.16
730,66,1649330006.056154000,10.11.219.6
731,-1434,1649330006.056157000,151.101.229.16
732,-417,1649330006.056159000,151.101.229.16
733,78,1649330006.056162000,10.11.219.6
734,-1434,1649330006.056164000,151.101.229.16
735,66,1649330006.056167000,10.11.219.6
736,-66,1649330006.067646000,151.101.229.16
737,-74,1649330006.067661000,151.101.229.16
738,66,1649330006.067685000,10.11.219.6
739,-12378,1649330006.067705000,151.101.229.16
740,66,1649330006.067709000,10.11.219.6
741,-12378,1649330006.067751000,151.101.229.16
742,66,1649330006.067756000,10.11.219.6
743,-12378,1649330006.067796000,151.101.229.16
744,66,1649330006.067801000,10.11.219.6
745,-2802,1649330006.067813000,151.101.229.16
746,66,1649330006.067817000,10.11.219.6
747,-9642,1649330006.068607000,151.101.229.16
748,66,1649330006.068615000,10.11.219.6
749,-674,1649330006.068627000,151.101.229.16
750,78,1649330006.068631000,10.11.219.6
751,-1434,1649330006.068639000,151.101.229.16
752,66,1649330006.068643000,10.11.219.6
753,583,1649330006.071288000,10.11.219.6
754,-66,1649330006.082277000,151.101.229.16
755,-2802,1649330006.086869000,151.101.229.16
756,66,1649330006.086887000,10.11.219.6
757,-898,1649330006.087760000,151.101.229.16
758,78,1649330006.087779000,10.11.219.6
759,-1434,1649330006.087793000,151.101.229.16
760,66,1649330006.087810000,10.11.219.6
761,130,1649330006.093145000,10.11.219.6
762,253,1649330006.093435000,10.11.219.6
763,90,1649330006.094064000,10.11.219.6
764,66,1649330006.094102000,10.11.219.6
765,-66,1649330006.103750000,151.101.229.16
766,-66,1649330006.104797000,151.101.229.16
767,-74,1649330006.104807000,54.184.29.64
768,66,1649330006.104836000,10.11.219.6
769,-125,1649330006.104862000,151.101.229.16
770,54,1649330006.104881000,10.11.219.6
771,-66,1649330006.104898000,151.101.229.16
772,54,1649330006.104907000,10.11.219.6
773,-66,1649330006.104912000,151.101.229.16
774,54,1649330006.104917000,10.11.219.6
775,-90,1649330006.104924000,151.101.229.16
776,54,1649330006.104928000,10.11.219.6
777,-66,1649330006.104932000,151.101.229.16
778,54,1649330006.104936000,10.11.219.6
779,583,1649330006.108178000,10.11.219.6
780,-13746,1649330006.130775000,151.101.229.16
781,66,1649330006.130800000,10.11.219.6
782,-953,1649330006.130823000,151.101.229.16
783,78,1649330006.130828000,10.11.219.6
784,-1434,1649330006.130831000,151.101.229.16
785,-8274,1649330006.130833000,151.101.229.16
786,66,1649330006.130842000,10.11.219.6
787,66,1649330006.130855000,10.11.219.6
788,-8274,1649330006.131239000,151.101.229.16
789,66,1649330006.131247000,10.11.219.6
790,-16482,1649330006.131259000,151.101.229.16
791,66,1649330006.131262000,10.11.219.6
792,-15114,1649330006.131295000,151.101.229.16
793,66,1649330006.131302000,10.11.219.6
794,-1434,1649330006.133170000,151.101.229.16
795,66,1649330006.133202000,10.11.219.6
796,-5538,1649330006.133234000,151.101.229.16
797,66,1649330006.133241000,10.11.219.6
798,-2802,1649330006.133598000,151.101.229.16
799,66,1649330006.133612000,10.11.219.6
800,-2802,1649330006.138483000,151.101.229.16
801,66,1649330006.138496000,10.11.219.6
802,-5538,1649330006.138619000,151.101.229.16
803,66,1649330006.138623000,10.11.219.6
804,-16482,1649330006.138635000,151.101.229.16
805,66,1649330006.138647000,10.11.219.6
806,-16482,1649330006.138689000,151.101.229.16
807,66,1649330006.138693000,10.11.219.6
808,-8274,1649330006.138710000,151.101.229.16
809,66,1649330006.138713000,10.11.219.6
810,-2802,1649330006.142257000,151.101.229.16
811,66,1649330006.142269000,10.11.219.6
812,-4170,1649330006.142309000,151.101.229.16
813,66,1649330006.142312000,10.11.219.6
814,-8274,1649330006.144206000,151.101.229.16
815,66,1649330006.144211000,10.11.219.6
816,-9642,1649330006.144312000,151.101.229.16
817,66,1649330006.144325000,10.11.219.6
818,-4170,1649330006.144332000,151.101.229.16
819,66,1649330006.144363000,10.11.219.6
820,-5538,1649330006.147947000,151.101.229.16
821,66,1649330006.147968000,10.11.219.6
822,-8274,1649330006.148371000,151.101.229.16
823,-17850,1649330006.148381000,151.101.229.16
824,-2802,1649330006.148396000,151.101.229.16
825,-125,1649330006.148398000,151.101.229.16
826,78,1649330006.148409000,10.11.219.6
827,-1434,1649330006.148419000,151.101.229.16
828,66,1649330006.148423000,10.11.219.6
829,-66,1649330006.235531000,54.184.29.64
830,-5511,1649330006.238063000,54.184.29.64
831,66,1649330006.238084000,10.11.219.6
832,192,1649330006.244238000,10.11.219.6
833,-324,1649330006.372413000,54.184.29.64
834,66,1649330006.372438000,10.11.219.6
835,-135,1649330006.372454000,54.184.29.64
836,66,1649330006.372456000,10.11.219.6
837,243,1649330006.400813000,10.11.219.6
838,506,1649330006.400842000,10.11.219.6
839,104,1649330006.401295000,10.11.219.6
840,-1361,1649330006.414358000,18.65.110.227
841,66,1649330006.414376000,10.11.219.6
842,-5008,1649330006.414400000,18.65.110.227
843,66,1649330006.414406000,10.11.219.6
844,149,1649330006.422866000,10.11.219.6
845,-2802,1649330006.423587000,18.65.110.227
846,66,1649330006.423602000,10.11.219.6
847,-4170,1649330006.424854000,18.65.110.227
848,66,1649330006.424868000,10.11.219.6
849,-884,1649330006.424884000,18.65.110.227
850,78,1649330006.424890000,10.11.219.6
851,-1434,1649330006.424894000,18.65.110.227
852,66,1649330006.424898000,10.11.219.6
853,-9629,1649330006.424903000,18.65.110.227
854,66,1649330006.424906000,10.11.219.6
855,165,1649330006.426235000,10.11.219.6
856,201,1649330006.426699000,10.11.219.6
857,74,1649330006.426855000,10.11.219.6
858,74,1649330006.426942000,10.11.219.6
859,178,1649330006.426996000,10.11.219.6
860,74,1649330006.427052000,10.11.219.6
861,179,1649330006.427145000,10.11.219.6
862,-66,1649330006.434161000,151.101.229.16
863,176,1649330006.437985000,10.11.219.6
864,169,1649330006.438292000,10.11.219.6
865,-16002,1649330006.439971000,151.101.229.16
866,66,1649330006.440000000,10.11.219.6
867,-2802,1649330006.440034000,151.101.229.16
868,66,1649330006.440042000,10.11.219.6
869,-12378,1649330006.440070000,151.101.229.16
870,66,1649330006.440075000,10.11.219.6
871,-87,1649330006.440091000,151.101.229.16
872,78,1649330006.440095000,10.11.219.6
873,-1434,1649330006.440099000,151.101.229.16
874,66,1649330006.440102000,10.11.219.6
875,-2654,1649330006.440105000,151.101.229.16
876,66,1649330006.440108000,10.11.219.6
877,-66,1649330006.440111000,151.101.229.16
878,-66,1649330006.440115000,151.101.229.16
879,-66,1649330006.440118000,151.101.229.16
880,-66,1649330006.440119000,151.101.229.16
881,-74,1649330006.440987000,151.101.229.16
882,66,1649330006.441008000,10.11.219.6
883,-681,1649330006.441017000,151.101.229.16
884,-1211,1649330006.441020000,151.101.229.16
885,66,1649330006.441023000,10.11.219.6
886,-74,1649330006.441026000,151.101.229.16
887,66,1649330006.441031000,10.11.219.6
888,-619,1649330006.441034000,151.101.229.16
889,-74,1649330006.441035000,151.101.229.16
890,66,1649330006.441039000,10.11.219.6
891,-789,1649330006.441042000,151.101.229.16
892,-447,1649330006.444029000,18.65.110.227
893,66,1649330006.444038000,10.11.219.6
894,583,1649330006.444754000,10.11.219.6
895,583,1649330006.447935000,10.11.219.6
896,-66,1649330006.448538000,151.101.229.16
897,-1132,1649330006.450421000,151.101.229.16
898,66,1649330006.450448000,10.11.219.6
899,583,1649330006.451202000,10.11.219.6
900,-66,1649330006.451936000,151.101.229.16
901,-1434,1649330006.451947000,151.101.229.16
902,-390,1649330006.451953000,151.101.229.16
903,78,1649330006.451962000,10.11.219.6
904,-1434,1649330006.452929000,151.101.229.16
905,66,1649330006.452950000,10.11.219.6
906,-66,1649330006.456050000,151.101.229.16
907,-5018,1649330006.459542000,151.101.229.16
908,66,1649330006.459561000,10.11.219.6
909,-66,1649330006.459578000,151.101.229.16
910,-2802,1649330006.461662000,151.101.229.16
911,66,1649330006.461681000,10.11.219.6
912,-914,1649330006.461713000,151.101.229.16
913,78,1649330006.461719000,10.11.219.6
914,-1434,1649330006.461723000,151.101.229.16
915,66,1649330006.461727000,10.11.219.6
916,-66,1649330006.462448000,151.101.229.16
917,130,1649330006.463212000,10.11.219.6
918,253,1649330006.463540000,10.11.219.6
919,90,1649330006.463964000,10.11.219.6
920,66,1649330006.463977000,10.11.219.6
921,-2802,1649330006.464876000,151.101.229.16
922,66,1649330006.464888000,10.11.219.6
923,-914,1649330006.464899000,151.101.229.16
924,78,1649330006.464905000,10.11.219.6
925,-1434,1649330006.464909000,151.101.229.16
926,66,1649330006.464912000,10.11.219.6
927,130,1649330006.467693000,10.11.219.6
928,253,1649330006.468130000,10.11.219.6
929,90,1649330006.468682000,10.11.219.6
930,66,1649330006.468696000,10.11.219.6
931,130,1649330006.469511000,10.11.219.6
932,253,1649330006.469700000,10.11.219.6
933,90,1649330006.470001000,10.11.219.6
934,-66,1649330006.475320000,151.101.229.16
935,-66,1649330006.475333000,151.101.229.16
936,-66,1649330006.475334000,151.101.229.16
937,-66,1649330006.475335000,151.101.229.16
938,-66,1649330006.479707000,151.101.229.16
939,-66,1649330006.479748000,151.101.229.16
940,-125,1649330006.479754000,151.101.229.16
941,54,1649330006.479814000,10.11.219.6
942,-66,1649330006.479882000,151.101.229.16
943,54,1649330006.479903000,10.11.219.6
944,-90,1649330006.479910000,151.101.229.16
945,54,1649330006.479915000,10.11.219.6
946,-66,1649330006.479917000,151.101.229.16
947,54,1649330006.479921000,10.11.219.6
948,-66,1649330006.479924000,151.101.229.16
949,54,1649330006.479931000,10.11.219.6
950,-66,1649330006.481786000,151.101.229.16
951,-66,1649330006.481799000,151.101.229.16
952,-125,1649330006.481802000,151.101.229.16
953,54,1649330006.481818000,10.11.219.6
954,-66,1649330006.481841000,151.101.229.16
955,54,1649330006.481847000,10.11.219.6
956,-90,1649330006.481850000,151.101.229.16
957,54,1649330006.481853000,10.11.219.6
958,-66,1649330006.481856000,151.101.229.16
959,54,1649330006.481858000,10.11.219.6
960,-90,1649330006.491878000,151.101.229.16
961,54,1649330006.491899000,10.11.219.6
962,-66,1649330006.491919000,151.101.229.16
963,54,1649330006.491925000,10.11.219.6
964,155,1649330006.507341000,10.11.219.6
965,155,1649330006.511396000,10.11.219.6
966,156,1649330006.516264000,10.11.219.6
967,155,1649330006.519623000,10.11.219.6
968,182,1649330006.519971000,10.11.219.6
969,-66,1649330006.520572000,151.101.229.16
970,-6906,1649330006.520588000,151.101.229.16
971,66,1649330006.520600000,10.11.219.6
972,-198,1649330006.520610000,151.101.229.16
973,78,1649330006.520614000,10.11.219.6
974,-1434,1649330006.520618000,151.101.229.16
975,66,1649330006.520621000,10.11.219.6
976,-66,1649330006.523282000,151.101.229.16
977,-11010,1649330006.526739000,151.101.229.16
978,66,1649330006.526756000,10.11.219.6
979,-2802,1649330006.526795000,151.101.229.16
980,66,1649330006.526802000,10.11.219.6
981,-1015,1649330006.526807000,151.101.229.16
982,78,1649330006.526811000,10.11.219.6
983,-1434,1649330006.526814000,151.101.229.16
984,66,1649330006.526817000,10.11.219.6
985,-595,1649330006.526820000,151.101.229.16
986,-66,1649330006.527452000,151.101.229.16
987,-66,1649330006.527460000,54.184.29.64
988,-104,1649330006.527464000,54.184.29.64
989,66,1649330006.527469000,10.11.219.6
990,-1121,1649330006.532268000,151.101.229.16
991,78,1649330006.532306000,10.11.219.6
992,-236,1649330006.532343000,54.184.29.64
993,66,1649330006.532354000,10.11.219.6
994,-104,1649330006.532372000,54.184.29.64
995,66,1649330006.532378000,10.11.219.6
996,-1434,1649330006.532390000,151.101.229.16
997,66,1649330006.532398000,10.11.219.6
998,-66,1649330006.532403000,151.101.229.16
999,-66,1649330006.532409000,151.101.229.16
1000,-5538,1649330006.532418000,151.101.229.16
1001,66,1649330006.532423000,10.11.219.6
1002,-4170,1649330006.532469000,151.101.229.16
1003,66,1649330006.532479000,10.11.219.6
1004,-4170,1649330006.533889000,151.101.229.16
1005,66,1649330006.533901000,10.11.219.6
1006,-973,1649330006.533915000,151.101.229.16
1007,78,1649330006.533919000,10.11.219.6
1008,-1434,1649330006.533923000,151.101.229.16
1009,66,1649330006.533926000,10.11.219.6
1010,-4170,1649330006.533929000,151.101.229.16
1011,66,1649330006.533931000,10.11.219.6
1012,-398,1649330006.533958000,151.101.229.16
1013,78,1649330006.533962000,10.11.219.6
1014,-1434,1649330006.533965000,151.101.229.16
1015,66,1649330006.533969000,10.11.219.6
1016,-8274,1649330006.533973000,151.101.229.16
1017,66,1649330006.533975000,10.11.219.6
1018,-7905,1649330006.536834000,151.101.229.16
1019,66,1649330006.536852000,10.11.219.6
1020,-12378,1649330006.536870000,151.101.229.16
1021,66,1649330006.536875000,10.11.219.6
1022,-2802,1649330006.538337000,151.101.229.16
1023,66,1649330006.538350000,10.11.219.6
1024,-87,1649330006.538366000,151.101.229.16
1025,78,1649330006.538373000,10.11.219.6
1026,-1434,1649330006.538378000,151.101.229.16
1027,66,1649330006.538383000,10.11.219.6
1028,-332,1649330006.538386000,151.101.229.16
1029,78,1649330006.538388000,10.11.219.6
1030,-1434,1649330006.538391000,151.101.229.16
1031,66,1649330006.538396000,10.11.219.6
1032,-335,1649330006.733051000,18.65.110.227
1033,78,1649330006.733067000,10.11.219.6
1034,-1434,1649330006.733086000,18.65.110.227
1035,66,1649330006.733098000,10.11.219.6
1036,-9642,1649330006.733123000,18.65.110.227
1037,66,1649330006.733129000,10.11.219.6
1038,-556,1649330006.733133000,18.65.110.227
1039,78,1649330006.733136000,10.11.219.6
1040,-1434,1649330006.733144000,18.65.110.227
1041,66,1649330006.733150000,10.11.219.6
1042,-2802,1649330006.745380000,18.65.110.227
1043,66,1649330006.745406000,10.11.219.6
1044,-11010,1649330006.745478000,18.65.110.227
1045,66,1649330006.745484000,10.11.219.6
1046,-1434,1649330006.747140000,18.65.110.227
1047,66,1649330006.747195000,10.11.219.6
1048,-90,1649330006.747262000,18.65.110.227
1049,78,1649330006.747284000,10.11.219.6
1050,-1434,1649330006.747297000,18.65.110.227
1051,66,1649330006.747307000,10.11.219.6
1052,-2802,1649330006.747318000,18.65.110.227
1053,66,1649330006.747323000,10.11.219.6
1054,-407,1649330006.747328000,18.65.110.227
1055,78,1649330006.747332000,10.11.219.6
1056,-1434,1649330006.747340000,18.65.110.227
1057,66,1649330006.747350000,10.11.219.6
1058,-521,1649330006.750246000,18.65.110.227
1059,66,1649330006.750302000,10.11.219.6
1060,-2802,1649330006.753903000,18.65.110.227
1061,66,1649330006.753922000,10.11.219.6
1062,-199,1649330006.753946000,18.65.110.227
1063,78,1649330006.753952000,10.11.219.6
1064,-1434,1649330006.753956000,18.65.110.227
1065,66,1649330006.753960000,10.11.219.6
1066,-2802,1649330006.758405000,18.65.110.227
1067,66,1649330006.758421000,10.11.219.6
1068,-4170,1649330006.760862000,18.65.110.227
1069,66,1649330006.760878000,10.11.219.6
1070,-884,1649330006.760898000,18.65.110.227
1071,78,1649330006.760903000,10.11.219.6
1072,-1434,1649330006.760905000,18.65.110.227
1073,66,1649330006.760909000,10.11.219.6
1074,692,1649330006.810191000,10.11.219.6
1075,97,1649330006.810546000,10.11.219.6
1076,-66,1649330006.812921000,18.65.110.227
1077,-66,1649330006.812972000,18.65.110.227
1078,160,1649330006.820802000,10.11.219.6
1079,239,1649330006.820970000,10.11.219.6
1080,273,1649330006.821263000,10.11.219.6
1081,269,1649330006.821606000,10.11.219.6
1082,234,1649330006.821785000,10.11.219.6
1083,168,1649330006.821887000,10.11.219.6
1084,177,1649330006.821898000,10.11.219.6
1085,-2802,1649330006.829969000,18.65.110.227
1086,66,1649330006.830045000,10.11.219.6
1087,-12378,1649330006.830240000,18.65.110.227
1088,-90,1649330006.830248000,18.65.110.227
1089,-1434,1649330006.830249000,18.65.110.227
1090,66,1649330006.830255000,10.11.219.6
1091,78,1649330006.830286000,10.11.219.6
1092,66,1649330006.830377000,10.11.219.6
1093,-5538,1649330006.831540000,18.65.110.227
1094,66,1649330006.831562000,10.11.219.6
1095,-1062,1649330006.831595000,18.65.110.227
1096,78,1649330006.831604000,10.11.219.6
1097,-1434,1649330006.831612000,18.65.110.227
1098,66,1649330006.831618000,10.11.219.6
1099,-97,1649330006.831624000,18.65.110.227
1100,66,1649330006.831628000,10.11.219.6
1101,-66,1649330006.832159000,151.101.229.16
1102,-66,1649330006.832194000,151.101.229.16
1103,-66,1649330006.832206000,151.101.229.16
1104,-66,1649330006.832211000,151.101.229.16
1105,-352,1649330006.834601000,151.101.229.16
1106,-2757,1649330006.834635000,151.101.229.16
1107,66,1649330006.834655000,10.11.219.6
1108,-66,1649330006.834675000,151.101.229.16
1109,-280,1649330006.834681000,151.101.229.16
1110,-66,1649330006.834686000,151.101.229.16
1111,-66,1649330006.834898000,151.101.229.16
1112,-4170,1649330006.834905000,151.101.229.16
1113,66,1649330006.834911000,10.11.219.6
1114,-386,1649330006.834921000,151.101.229.16
1115,78,1649330006.834926000,10.11.219.6
1116,-1434,1649330006.834932000,151.101.229.16
1117,66,1649330006.834937000,10.11.219.6
1118,-9642,1649330006.834946000,151.101.229.16
1119,66,1649330006.834952000,10.11.219.6
1120,-85,1649330006.834990000,151.101.229.16
1121,78,1649330006.834995000,10.11.219.6
1122,-6906,1649330006.835005000,151.101.229.16
1123,66,1649330006.835009000,10.11.219.6
1124,-947,1649330006.835014000,151.101.229.16
1125,78,1649330006.835017000,10.11.219.6
1126,-1434,1649330006.835023000,151.101.229.16
1127,66,1649330006.835027000,10.11.219.6
1128,-1434,1649330006.835032000,151.101.229.16
1129,66,1649330006.835036000,10.11.219.6
1130,-5538,1649330006.838263000,151.101.229.16
1131,66,1649330006.838281000,10.11.219.6
1132,-377,1649330006.838309000,151.101.229.16
1133,78,1649330006.838319000,10.11.219.6
1134,-1434,1649330006.838326000,151.101.229.16
1135,66,1649330006.838332000,10.11.219.6
1136,-9642,1649330006.838338000,151.101.229.16
1137,-117,1649330006.838352000,151.101.229.16
1138,78,1649330006.838356000,10.11.219.6
1139,-1434,1649330006.838361000,151.101.229.16
1140,66,1649330006.838373000,10.11.219.6
1141,240,1649330006.872977000,10.11.219.6
1142,74,1649330006.875577000,10.11.219.6
1143,-66,1649330006.883610000,151.101.229.16
1144,-12821,1649330006.886417000,151.101.229.16
1145,66,1649330006.886490000,10.11.219.6
1146,193,1649330006.889218000,10.11.219.6
1147,-66,1649330006.899854000,151.101.229.16
1148,-2802,1649330006.901748000,151.101.229.16
1149,66,1649330006.901759000,10.11.219.6
1150,-10172,1649330006.901830000,151.101.229.16
1151,66,1649330006.901838000,10.11.219.6
1152,206,1649330006.935820000,10.11.219.6
1153,-66,1649330006.946978000,151.101.229.16
1154,-375,1649330006.948084000,151.101.229.16
1155,-775,1649330006.959997000,18.65.110.227
1156,66,1649330006.960014000,10.11.219.6
1157,-97,1649330006.960034000,18.65.110.227
1158,66,1649330006.960038000,10.11.219.6
1159,66,1649330006.993424000,10.11.219.6
1160,-66,1649330007.011172000,52.119.174.17
1161,54,1649330007.011205000,10.11.219.6
1162,571,1649330007.013486000,10.11.219.6
1163,148,1649330007.049618000,10.11.219.6
1164,148,1649330007.053319000,10.11.219.6
1165,148,1649330007.054149000,10.11.219.6
1166,149,1649330007.054263000,10.11.219.6
1167,148,1649330007.054696000,10.11.219.6
1168,-66,1649330007.060429000,151.101.229.16
1169,-2802,1649330007.067263000,151.101.229.16
1170,66,1649330007.067292000,10.11.219.6
1171,-12378,1649330007.067732000,151.101.229.16
1172,66,1649330007.067753000,10.11.219.6
1173,-1023,1649330007.067787000,151.101.229.16
1174,66,1649330007.067790000,10.11.219.6
1175,-15114,1649330007.067794000,151.101.229.16
1176,66,1649330007.067808000,10.11.219.6
1177,-9642,1649330007.067811000,151.101.229.16
1178,66,1649330007.067955000,10.11.219.6
1179,-5538,1649330007.072764000,151.101.229.16
1180,66,1649330007.072791000,10.11.219.6
1181,-1434,1649330007.072808000,151.101.229.16
1182,-5538,1649330007.073114000,151.101.229.16
1183,66,1649330007.073120000,10.11.219.6
1184,-769,1649330007.075222000,151.101.229.16
1185,78,1649330007.075248000,10.11.219.6
1186,-1434,1649330007.075267000,151.101.229.16
1187,66,1649330007.075276000,10.11.219.6
1188,-66,1649330007.075280000,151.101.229.16
1189,-66,1649330007.075284000,151.101.229.16
1190,-66,1649330007.075286000,151.101.229.16
1191,-66,1649330007.075288000,151.101.229.16
1192,-15114,1649330007.075292000,151.101.229.16
1193,-1105,1649330007.075304000,151.101.229.16
1194,-5538,1649330007.075307000,151.101.229.16
1195,66,1649330007.075353000,10.11.219.6
1196,-9642,1649330007.075523000,151.101.229.16
1197,-15114,1649330007.075528000,151.101.229.16
1198,-2802,1649330007.075543000,151.101.229.16
1199,66,1649330007.075561000,10.11.219.6
1200,-5538,1649330007.077772000,151.101.229.16
1201,66,1649330007.077783000,10.11.219.6
1202,-6906,1649330007.078305000,151.101.229.16
1203,-15114,1649330007.078313000,151.101.229.16
1204,-4170,1649330007.078325000,151.101.229.16
1205,66,1649330007.078335000,10.11.219.6
1206,-2802,1649330007.080564000,151.101.229.16
1207,66,1649330007.080587000,10.11.219.6
1208,-8274,1649330007.080717000,151.101.229.16
1209,-5538,1649330007.080724000,151.101.229.16
1210,66,1649330007.080746000,10.11.219.6
1211,-8274,1649330007.083651000,151.101.229.16
1212,66,1649330007.083673000,10.11.219.6
1213,-5538,1649330007.085772000,151.101.229.16
1214,66,1649330007.085789000,10.11.219.6
1215,-16482,1649330007.085812000,151.101.229.16
1216,66,1649330007.085816000,10.11.219.6
1217,-13746,1649330007.085850000,151.101.229.16
1218,66,1649330007.085853000,10.11.219.6
1219,-849,1649330007.085868000,151.101.229.16
1220,66,1649330007.085874000,10.11.219.6
1221,273,1649330007.121854000,10.11.219.6
1222,352,1649330007.125086000,10.11.219.6
1223,152,1649330007.132172000,10.11.219.6
1224,-66,1649330007.132755000,151.101.229.16
1225,-8274,1649330007.134690000,151.101.229.16
1226,66,1649330007.134752000,10.11.219.6
1227,-2802,1649330007.134823000,151.101.229.16
1228,66,1649330007.134834000,10.11.219.6
1229,-66,1649330007.136219000,151.101.229.16
1230,-2802,1649330007.141631000,151.101.229.16
1231,66,1649330007.141654000,10.11.219.6
1232,-11010,1649330007.142041000,151.101.229.16
1233,66,1649330007.142058000,10.11.219.6
1234,-1094,1649330007.142095000,151.101.229.16
1235,78,1649330007.142101000,10.11.219.6
1236,-1434,1649330007.142104000,151.101.229.16
1237,66,1649330007.142108000,10.11.219.6
1238,-16482,1649330007.142114000,151.101.229.16
1239,66,1649330007.142119000,10.11.219.6
1240,-9642,1649330007.142145000,151.101.229.16
1241,66,1649330007.142150000,10.11.219.6
1242,-6906,1649330007.144288000,151.101.229.16
1243,66,1649330007.144306000,10.11.219.6
1244,-1434,1649330007.144329000,151.101.229.16
1245,-15114,1649330007.144768000,151.101.229.16
1246,66,1649330007.144782000,10.11.219.6
1247,-9642,1649330007.144816000,151.101.229.16
1248,66,1649330007.144820000,10.11.219.6
1249,-4170,1649330007.147144000,151.101.229.16
1250,66,1649330007.147159000,10.11.219.6
1251,-2802,1649330007.147287000,151.101.229.16
1252,66,1649330007.147292000,10.11.219.6
1253,-14290,1649330007.147301000,151.101.229.16
1254,66,1649330007.147303000,10.11.219.6
1255,-66,1649330007.147316000,151.101.229.16
1256,-2756,1649330007.147323000,151.101.229.16
1257,66,1649330007.147325000,10.11.219.6
1258,-54,1649330007.147328000,52.119.174.17
1259,-54,1649330007.147988000,52.119.174.17
1260,-2774,1649330007.152059000,52.119.174.17
1261,54,1649330007.152074000,10.11.219.6
1262,-3236,1649330007.153711000,52.119.174.17
1263,54,1649330007.153731000,10.11.219.6
1264,180,1649330007.158177000,10.11.219.6
1265,163,1649330007.160983000,10.11.219.6
1266,-66,1649330007.176312000,151.101.229.16
1267,-953,1649330007.176323000,151.101.229.16
1268,66,1649330007.176332000,10.11.219.6
1269,74,1649330007.196682000,10.11.219.6
1270,-2802,1649330007.200707000,151.101.229.16
1271,66,1649330007.200720000,10.11.219.6
1272,-12378,1649330007.200800000,151.101.229.16
1273,66,1649330007.200809000,10.11.219.6
1274,-2802,1649330007.202882000,151.101.229.16
1275,66,1649330007.202899000,10.11.219.6
1276,-12378,1649330007.203225000,151.101.229.16
1277,66,1649330007.203234000,10.11.219.6
1278,-15114,1649330007.203287000,151.101.229.16
1279,66,1649330007.203293000,10.11.219.6
1280,-2029,1649330007.204219000,151.101.229.16
1281,66,1649330007.204229000,10.11.219.6
1282,-105,1649330007.292922000,52.119.174.17
1283,54,1649330007.292940000,10.11.219.6
1284,524,1649330007.293207000,10.11.219.6
1285,214,1649330007.305910000,10.11.219.6
1286,-1434,1649330007.310209000,18.65.110.227
1287,66,1649330007.310226000,10.11.219.6
1288,-330,1649330007.310235000,18.65.110.227
1289,78,1649330007.310238000,10.11.219.6
1290,-1434,1649330007.310240000,18.65.110.227
1291,66,1649330007.310243000,10.11.219.6
1292,-66,1649330007.318649000,52.119.175.30
1293,54,1649330007.318681000,10.11.219.6
1294,571,1649330007.321477000,10.11.219.6
1295,177,1649330007.356226000,10.11.219.6
1296,-66,1649330007.366969000,151.101.229.16
1297,-611,1649330007.370267000,151.101.229.16
1298,78,1649330007.370282000,10.11.219.6
1299,-1434,1649330007.370298000,151.101.229.16
1300,66,1649330007.370310000,10.11.219.6
1301,-54,1649330007.441696000,52.119.175.30
1302,74,1649330007.443361000,10.11.219.6
1303,-54,1649330007.445017000,52.119.175.30
1304,-5950,1649330007.446422000,52.119.175.30
1305,54,1649330007.446436000,10.11.219.6
1306,-503,1649330007.449542000,52.119.174.17
1307,54,1649330007.449562000,10.11.219.6
1308,180,1649330007.450164000,10.11.219.6
1309,-66,1649330007.604990000,52.119.169.237
1310,54,1649330007.605010000,10.11.219.6
1311,-105,1649330007.605023000,52.119.175.30
1312,54,1649330007.605027000,10.11.219.6
1313,673,1649330007.605233000,10.11.219.6
1314,571,1649330007.607049000,10.11.219.6
1315,-54,1649330007.732605000,52.119.169.237
1316,-54,1649330007.735826000,52.119.169.237
1317,-2774,1649330007.738349000,52.119.169.237
1318,54,1649330007.738370000,10.11.219.6
1319,-3294,1649330007.738536000,52.119.169.237
1320,54,1649330007.738550000,10.11.219.6
1321,180,1649330007.744859000,10.11.219.6
1322,-5494,1649330007.751531000,52.119.175.30
1323,54,1649330007.751554000,10.11.219.6
1324,-5494,1649330007.751605000,52.119.175.30
1325,54,1649330007.751610000,10.11.219.6
1326,-1166,1649330007.752603000,52.119.175.30
1327,54,1649330007.752621000,10.11.219.6
1328,-1414,1649330007.752639000,52.119.175.30
1329,54,1649330007.752642000,10.11.219.6
1330,-105,1649330007.872223000,52.119.169.237
1331,54,1649330007.872240000,10.11.219.6
1332,617,1649330007.872456000,10.11.219.6
1333,-8214,1649330007.874985000,52.119.175.30
1334,54,1649330007.874992000,10.11.219.6
1335,-2774,1649330007.877557000,52.119.175.30
1336,54,1649330007.877568000,10.11.219.6
1337,-16374,1649330007.877701000,52.119.175.30
1338,54,1649330007.877712000,10.11.219.6
1339,74,1649330007.974232000,10.11.219.6
1340,-2774,1649330007.998385000,52.119.175.30
1341,54,1649330007.998403000,10.11.219.6
1342,-12294,1649330007.999353000,52.119.175.30
1343,54,1649330007.999365000,10.11.219.6
1344,-10921,1649330008.000899000,52.119.175.30
1345,54,1649330008.000922000,10.11.219.6
1346,-439,1649330008.006535000,52.119.169.237
1347,54,1649330008.006564000,10.11.219.6
1348,154,1649330008.015118000,10.11.219.6
1349,154,1649330008.017467000,10.11.219.6
1350,152,1649330008.017788000,10.11.219.6
1351,184,1649330008.021466000,10.11.219.6
1352,229,1649330008.021753000,10.11.219.6
1353,149,1649330008.022079000,10.11.219.6
1354,159,1649330008.024829000,10.11.219.6
1355,-66,1649330008.025976000,151.101.229.16
1356,-769,1649330008.027090000,151.101.229.16
1357,66,1649330008.027114000,10.11.219.6
1358,-66,1649330008.029327000,151.101.229.16
1359,-66,1649330008.029337000,151.101.229.16
1360,-767,1649330008.029339000,151.101.229.16
1361,66,1649330008.029349000,10.11.219.6
1362,-2434,1649330008.029366000,151.101.229.16
1363,66,1649330008.029369000,10.11.219.6
1364,-66,1649330008.035101000,151.101.229.16
1365,-66,1649330008.035116000,151.101.229.16
1366,-2802,1649330008.035118000,151.101.229.16
1367,66,1649330008.035126000,10.11.219.6
1368,-724,1649330008.035142000,151.101.229.16
1369,78,1649330008.035145000,10.11.219.6
1370,-1434,1649330008.035147000,151.101.229.16
1371,66,1649330008.035150000,10.11.219.6
1372,-66,1649330008.035151000,151.101.229.16
1373,-4213,1649330008.035632000,151.101.229.16
1374,66,1649330008.035640000,10.11.219.6
1375,-4170,1649330008.035649000,151.101.229.16
1376,66,1649330008.035651000,10.11.219.6
1377,268,1649330008.035736000,10.11.219.6
1378,-11880,1649330008.038241000,151.101.229.16
1379,66,1649330008.038264000,10.11.219.6
1380,-9642,1649330008.038292000,151.101.229.16
1381,66,1649330008.038296000,10.11.219.6
1382,-5538,1649330008.040400000,151.101.229.16
1383,66,1649330008.040414000,10.11.219.6
1384,-87,1649330008.040431000,151.101.229.16
1385,78,1649330008.040437000,10.11.219.6
1386,-1434,1649330008.040441000,151.101.229.16
1387,66,1649330008.040445000,10.11.219.6
1388,-2387,1649330008.040587000,151.101.229.16
1389,66,1649330008.040595000,10.11.219.6
1390,-16482,1649330008.040605000,151.101.229.16
1391,66,1649330008.040608000,10.11.219.6
1392,-1434,1649330008.042831000,151.101.229.16
1393,-6906,1649330008.042846000,151.101.229.16
1394,66,1649330008.042860000,10.11.219.6
1395,-11010,1649330008.043170000,151.101.229.16
1396,66,1649330008.043177000,10.11.219.6
1397,-16482,1649330008.043223000,151.101.229.16
1398,66,1649330008.043231000,10.11.219.6
1399,-1434,1649330008.046050000,151.101.229.16
1400,-66,1649330008.046071000,151.101.229.16
1401,-6906,1649330008.046093000,151.101.229.16
1402,66,1649330008.046106000,10.11.219.6
1403,-2802,1649330008.047441000,151.101.229.16
1404,66,1649330008.047459000,10.11.219.6
1405,-8274,1649330008.049317000,151.101.229.16
1406,66,1649330008.049352000,10.11.219.6
1407,-9642,1649330008.049423000,151.101.229.16
1408,66,1649330008.049439000,10.11.219.6
1409,-808,1649330008.049456000,151.101.229.16
1410,78,1649330008.049465000,10.11.219.6
1411,-1434,1649330008.049470000,151.101.229.16
1412,66,1649330008.049475000,10.11.219.6
1413,-66,1649330008.049479000,151.101.229.16
1414,-8274,1649330008.051291000,151.101.229.16
1415,66,1649330008.051315000,10.11.219.6
1416,-5538,1649330008.052266000,151.101.229.16
1417,66,1649330008.052280000,10.11.219.6
1418,-1048,1649330008.052298000,151.101.229.16
1419,78,1649330008.052306000,10.11.219.6
1420,-1434,1649330008.052313000,151.101.229.16
1421,66,1649330008.052318000,10.11.219.6
1422,-935,1649330008.052323000,151.101.229.16
1423,74,1649330008.088626000,10.11.219.6
1424,74,1649330008.088723000,10.11.219.6
1425,66,1649330008.093422000,10.11.219.6
1426,-66,1649330008.112824000,52.94.210.112
1427,54,1649330008.112851000,10.11.219.6
1428,571,1649330008.116588000,10.11.219.6
1429,781,1649330008.120119000,10.11.219.6
1430,-66,1649330008.163011000,18.65.110.227
1431,162,1649330008.190875000,10.11.219.6
1432,-66,1649330008.201597000,151.101.229.16
1433,-11010,1649330008.208045000,151.101.229.16
1434,66,1649330008.208065000,10.11.219.6
1435,-2802,1649330008.208088000,151.101.229.16
1436,66,1649330008.208092000,10.11.219.6
1437,-357,1649330008.208095000,151.101.229.16
1438,-1434,1649330008.208096000,151.101.229.16
1439,78,1649330008.208100000,10.11.219.6
1440,66,1649330008.208108000,10.11.219.6
1441,-66,1649330008.211911000,54.240.252.146
1442,54,1649330008.211951000,10.11.219.6
1443,571,1649330008.216742000,10.11.219.6
1444,987,1649330008.226021000,10.11.219.6
1445,-66,1649330008.227880000,54.240.252.146
1446,54,1649330008.227916000,10.11.219.6
1447,-66,1649330008.229034000,18.65.110.227
1448,571,1649330008.233173000,10.11.219.6
1449,1297,1649330008.238552000,10.11.219.6
1450,1161,1649330008.238932000,10.11.219.6
1451,-54,1649330008.252586000,52.94.210.112
1452,74,1649330008.253686000,10.11.219.6
1453,-2414,1649330008.255951000,18.65.110.227
1454,66,1649330008.255968000,10.11.219.6
1455,-97,1649330008.255988000,18.65.110.227
1456,66,1649330008.255993000,10.11.219.6
1457,-54,1649330008.255996000,52.94.210.112
1458,-6079,1649330008.257623000,52.94.210.112
1459,54,1649330008.257650000,10.11.219.6
1460,180,1649330008.269394000,10.11.219.6
1461,74,1649330008.270255000,10.11.219.6
1462,-74,1649330008.272820000,18.65.156.177
1463,66,1649330008.272853000,10.11.219.6
1464,149,1649330008.273590000,10.11.219.6
1465,583,1649330008.279289000,10.11.219.6
1466,-66,1649330008.283832000,18.65.156.177
1467,-2802,1649330008.283847000,18.65.156.177
1468,66,1649330008.283856000,10.11.219.6
1469,-2802,1649330008.283881000,18.65.156.177
1470,66,1649330008.283886000,10.11.219.6
1471,-568,1649330008.285931000,18.65.156.177
1472,66,1649330008.285944000,10.11.219.6
1473,-66,1649330008.285962000,151.101.229.16
1474,-2802,1649330008.285968000,151.101.229.16
1475,66,1649330008.285972000,10.11.219.6
1476,-196,1649330008.285976000,151.101.229.16
1477,78,1649330008.285980000,10.11.219.6
1478,-1434,1649330008.285983000,151.101.229.16
1479,66,1649330008.285987000,10.11.219.6
1480,130,1649330008.291911000,10.11.219.6
1481,236,1649330008.292328000,10.11.219.6
1482,385,1649330008.292362000,10.11.219.6
1483,-66,1649330008.294214000,18.65.156.177
1484,-128,1649330008.294227000,18.65.156.177
1485,66,1649330008.294241000,10.11.219.6
1486,97,1649330008.294303000,10.11.219.6
1487,-66,1649330008.296688000,18.65.156.177
1488,-97,1649330008.296704000,18.65.156.177
1489,66,1649330008.296716000,10.11.219.6
1490,-66,1649330008.296738000,18.65.156.177
1491,-8274,1649330008.296744000,18.65.156.177
1492,66,1649330008.296751000,10.11.219.6
1493,-145,1649330008.296762000,18.65.156.177
1494,-1434,1649330008.296764000,18.65.156.177
1495,78,1649330008.296773000,10.11.219.6
1496,66,1649330008.296787000,10.11.219.6
1497,-66,1649330008.297668000,18.65.156.177
1498,157,1649330008.320852000,10.11.219.6
1499,158,1649330008.321038000,10.11.219.6
1500,157,1649330008.322277000,10.11.219.6
1501,158,1649330008.323698000,10.11.219.6
1502,157,1649330008.324018000,10.11.219.6
1503,158,1649330008.324043000,10.11.219.6
1504,157,1649330008.324906000,10.11.219.6
1505,158,1649330008.325387000,10.11.219.6
1506,600,1649330008.325677000,10.11.219.6
1507,74,1649330008.326052000,10.11.219.6
1508,-66,1649330008.331711000,151.101.229.16
1509,-66,1649330008.331751000,151.101.229.16
1510,-66,1649330008.332848000,151.101.229.16
1511,-66,1649330008.335049000,151.101.229.16
1512,-54,1649330008.335061000,54.240.252.146
1513,-66,1649330008.335065000,151.101.229.16
1514,-66,1649330008.335067000,151.101.229.16
1515,-668,1649330008.335068000,18.65.110.227
1516,66,1649330008.335079000,10.11.219.6
1517,-97,1649330008.335100000,18.65.110.227
1518,66,1649330008.335111000,10.11.219.6
1519,-66,1649330008.335960000,151.101.229.16
1520,-66,1649330008.337343000,151.101.229.16
1521,-5538,1649330008.337356000,151.101.229.16
1522,66,1649330008.337367000,10.11.219.6
1523,-6906,1649330008.340520000,151.101.229.16
1524,66,1649330008.340536000,10.11.219.6
1525,-6906,1649330008.340554000,151.101.229.16
1526,66,1649330008.340558000,10.11.219.6
1527,-5538,1649330008.343163000,151.101.229.16
1528,66,1649330008.343179000,10.11.219.6
1529,-12378,1649330008.343202000,151.101.229.16
1530,66,1649330008.343206000,10.11.219.6
1531,-54,1649330008.343232000,54.240.252.146
1532,-12378,1649330008.343242000,151.101.229.16
1533,66,1649330008.343247000,10.11.219.6
1534,-2802,1649330008.343256000,151.101.229.16
1535,66,1649330008.343269000,10.11.219.6
1536,74,1649330008.343667000,10.11.219.6
1537,-9642,1649330008.345231000,151.101.229.16
1538,66,1649330008.345308000,10.11.219.6
1539,-5494,1649330008.345385000,54.240.252.146
1540,54,1649330008.345441000,10.11.219.6
1541,-1434,1649330008.345462000,151.101.229.16
1542,66,1649330008.345474000,10.11.219.6
1543,-491,1649330008.346671000,54.240.252.146
1544,54,1649330008.346684000,10.11.219.6
1545,-4170,1649330008.346701000,151.101.229.16
1546,66,1649330008.346705000,10.11.219.6
1547,-6906,1649330008.347231000,151.101.229.16
1548,66,1649330008.347241000,10.11.219.6
1549,-12378,1649330008.347256000,151.101.229.16
1550,66,1649330008.347259000,10.11.219.6
1551,-11010,1649330008.347283000,151.101.229.16
1552,66,1649330008.347287000,10.11.219.6
1553,-1434,1649330008.349509000,151.101.229.16
1554,66,1649330008.349527000,10.11.219.6
1555,-2802,1649330008.349562000,151.101.229.16
1556,66,1649330008.349566000,10.11.219.6
1557,180,1649330008.351185000,10.11.219.6
1558,-5538,1649330008.351246000,151.101.229.16
1559,66,1649330008.351261000,10.11.219.6
1560,-4170,1649330008.351738000,151.101.229.16
1561,66,1649330008.351755000,10.11.219.6
1562,-2802,1649330008.351767000,151.101.229.16
1563,-12378,1649330008.351773000,151.101.229.16
1564,-11010,1649330008.351816000,151.101.229.16
1565,66,1649330008.352401000,10.11.219.6
1566,-1434,1649330008.353941000,151.101.229.16
1567,66,1649330008.353956000,10.11.219.6
1568,-6906,1649330008.353972000,151.101.229.16
1569,66,1649330008.353974000,10.11.219.6
1570,-5538,1649330008.354415000,151.101.229.16
1571,-12378,1649330008.354429000,151.101.229.16
1572,-6906,1649330008.354453000,151.101.229.16
1573,66,1649330008.354949000,10.11.219.6
1574,-802,1649330008.355081000,151.101.229.16
1575,78,1649330008.355094000,10.11.219.6
1576,-1434,1649330008.355105000,151.101.229.16
1577,66,1649330008.355110000,10.11.219.6
1578,-66,1649330008.365886000,54.184.29.64
1579,-54,1649330008.369851000,54.240.252.146
1580,-235,1649330008.369860000,54.184.29.64
1581,66,1649330008.369868000,10.11.219.6
1582,-104,1649330008.369879000,54.184.29.64
1583,66,1649330008.369881000,10.11.219.6
1584,-54,1649330008.374453000,54.240.252.146
1585,-2774,1649330008.374464000,54.240.252.146
1586,54,1649330008.374473000,10.11.219.6
1587,-3211,1649330008.375519000,54.240.252.146
1588,54,1649330008.375537000,10.11.219.6
1589,-66,1649330008.376295000,52.94.210.112
1590,54,1649330008.376310000,10.11.219.6
1591,180,1649330008.378679000,10.11.219.6
1592,571,1649330008.380831000,10.11.219.6
1593,-235,1649330008.381686000,54.184.29.64
1594,66,1649330008.381701000,10.11.219.6
1595,-104,1649330008.382746000,54.184.29.64
1596,66,1649330008.382757000,10.11.219.6
1597,-105,1649330008.407619000,52.94.210.112
1598,54,1649330008.407639000,10.11.219.6
1599,1330,1649330008.408035000,10.11.219.6
1600,-533,1649330008.460097000,52.119.175.30
1601,54,1649330008.460118000,10.11.219.6
1602,664,1649330008.460389000,10.11.219.6
1603,-66,1649330008.465389000,52.119.175.30
1604,54,1649330008.465428000,10.11.219.6
1605,571,1649330008.467422000,10.11.219.6
1606,-105,1649330008.475065000,54.240.252.146
1607,54,1649330008.475091000,10.11.219.6
1608,593,1649330008.475427000,10.11.219.6
1609,-66,1649330008.483572000,52.119.175.30
1610,54,1649330008.483601000,10.11.219.6
1611,571,1649330008.485535000,10.11.219.6
1612,-54,1649330008.498573000,52.94.210.112
1613,-54,1649330008.503936000,52.94.210.112
1614,-6079,1649330008.509593000,52.94.210.112
1615,54,1649330008.509603000,10.11.219.6
1616,180,1649330008.512412000,10.11.219.6
1617,-105,1649330008.517918000,54.240.252.146
1618,54,1649330008.517929000,10.11.219.6
1619,74,1649330008.542408000,10.11.219.6
1620,-659,1649330008.564385000,52.94.210.112
1621,54,1649330008.564421000,10.11.219.6
1622,-105,1649330008.564456000,52.94.210.112
1623,54,1649330008.564473000,10.11.219.6
1624,-2774,1649330008.593766000,52.119.175.30
1625,54,1649330008.593783000,10.11.219.6
1626,-12217,1649330008.599755000,52.119.175.30
1627,54,1649330008.599764000,10.11.219.6
1628,-3003,1649330008.599775000,52.119.175.30
1629,54,1649330008.599785000,10.11.219.6
1630,-7412,1649330008.599895000,52.119.175.30
1631,-4463,1649330008.599898000,52.119.175.30
1632,54,1649330008.599901000,10.11.219.6
1633,54,1649330008.599906000,10.11.219.6
1634,-6854,1649330008.599911000,52.119.175.30
1635,54,1649330008.599917000,10.11.219.6
1636,-54,1649330008.605440000,52.119.175.30
1637,-689,1649330008.606584000,54.240.252.146
1638,54,1649330008.606593000,10.11.219.6
1639,755,1649330008.607067000,10.11.219.6
1640,-54,1649330008.607630000,52.119.175.30
1641,-2774,1649330008.609014000,52.119.175.30
1642,54,1649330008.609020000,10.11.219.6
1643,-3230,1649330008.616007000,52.119.175.30
1644,54,1649330008.616018000,10.11.219.6
1645,-54,1649330008.618267000,52.119.175.30
1646,180,1649330008.618756000,10.11.219.6
1647,-54,1649330008.621521000,52.119.175.30
1648,-5950,1649330008.621528000,52.119.175.30
1649,54,1649330008.621532000,10.11.219.6
1650,180,1649330008.624110000,10.11.219.6
1651,-105,1649330008.634894000,52.94.210.112
1652,54,1649330008.634907000,10.11.219.6
1653,1414,1649330008.635114000,10.11.219.6
1654,1414,1649330008.635121000,10.11.219.6
1655,610,1649330008.635778000,10.11.219.6
1656,-66,1649330008.677148000,52.119.175.30
1657,54,1649330008.677171000,10.11.219.6
1658,571,1649330008.679500000,10.11.219.6
1659,-2263,1649330008.719338000,52.119.175.30
1660,54,1649330008.719348000,10.11.219.6
1661,-696,1649330008.739850000,54.240.252.146
1662,536,1649330008.742595000,10.11.219.6
1663,699,1649330008.743677000,10.11.219.6
1664,159,1649330008.744688000,10.11.219.6
1665,-66,1649330008.753761000,151.101.229.16
1666,-5538,1649330008.756292000,151.101.229.16
1667,66,1649330008.756304000,10.11.219.6
1668,-8274,1649330008.756485000,151.101.229.16
1669,66,1649330008.756491000,10.11.219.6
1670,-2363,1649330008.756498000,151.101.229.16
1671,66,1649330008.756500000,10.11.219.6
1672,-12378,1649330008.756536000,151.101.229.16
1673,66,1649330008.756538000,10.11.219.6
1674,74,1649330008.756999000,10.11.219.6
1675,-1434,1649330008.757844000,151.101.229.16
1676,66,1649330008.757851000,10.11.219.6
1677,-11010,1649330008.757858000,151.101.229.16
1678,66,1649330008.757860000,10.11.219.6
1679,-2802,1649330008.760084000,151.101.229.16
1680,66,1649330008.760094000,10.11.219.6
1681,-13746,1649330008.760339000,151.101.229.16
1682,66,1649330008.760347000,10.11.219.6
1683,-66,1649330008.760370000,151.101.229.16
1684,-12378,1649330008.760375000,151.101.229.16
1685,66,1649330008.760378000,10.11.219.6
1686,-1434,1649330008.762351000,151.101.229.16
1687,66,1649330008.762365000,10.11.219.6
1688,-105,1649330008.762376000,52.119.175.30
1689,54,1649330008.762382000,10.11.219.6
1690,-54,1649330008.762385000,52.94.210.112
1691,-105,1649330008.762387000,52.119.175.30
1692,54,1649330008.762389000,10.11.219.6
1693,-2802,1649330008.762391000,151.101.229.16
1694,66,1649330008.762393000,10.11.219.6
1695,-11010,1649330008.762519000,151.101.229.16
1696,66,1649330008.762524000,10.11.219.6
1697,-11010,1649330008.762548000,151.101.229.16
1698,66,1649330008.762551000,10.11.219.6
1699,567,1649330008.762959000,10.11.219.6
1700,-2802,1649330008.764498000,151.101.229.16
1701,66,1649330008.764511000,10.11.219.6
1702,-13746,1649330008.764530000,151.101.229.16
1703,66,1649330008.764534000,10.11.219.6
1704,-2802,1649330008.764554000,151.101.229.16
1705,66,1649330008.764559000,10.11.219.6
1706,-575,1649330008.764583000,151.101.229.16
1707,78,1649330008.764589000,10.11.219.6
1708,-1434,1649330008.764593000,151.101.229.16
1709,66,1649330008.764597000,10.11.219.6
1710,1091,1649330008.768789000,10.11.219.6
1711,-681,1649330008.769816000,52.94.210.112
1712,54,1649330008.769839000,10.11.219.6
1713,-66,1649330008.772920000,18.65.110.227
1714,54,1649330008.781422000,10.11.219.6
1715,-54,1649330008.811585000,52.119.175.30
1716,-54,1649330008.814831000,52.119.175.30
1717,-5950,1649330008.816386000,52.119.175.30
1718,54,1649330008.816408000,10.11.219.6
1719,180,1649330008.819365000,10.11.219.6
1720,1126,1649330008.839414000,10.11.219.6
1721,462,1649330008.839910000,10.11.219.6
1722,160,1649330008.880550000,10.11.219.6
1723,600,1649330008.881362000,10.11.219.6
1724,567,1649330008.881737000,10.11.219.6
1725,-66,1649330008.891161000,151.101.229.16
1726,-2802,1649330008.893428000,151.101.229.16
1727,66,1649330008.893436000,10.11.219.6
1728,-8274,1649330008.893476000,151.101.229.16
1729,66,1649330008.893488000,10.11.219.6
1730,-2701,1649330008.894695000,151.101.229.16
1731,66,1649330008.894709000,10.11.219.6
1732,-909,1649330008.897045000,18.65.110.227
1733,78,1649330008.897058000,10.11.219.6
1734,-1434,1649330008.897070000,18.65.110.227
1735,66,1649330008.897073000,10.11.219.6
1736,-107,1649330008.897075000,18.65.110.227
1737,66,1649330008.897077000,10.11.219.6
1738,-97,1649330008.897078000,18.65.110.227
1739,66,1649330008.897080000,10.11.219.6
1740,-540,1649330008.910724000,52.119.175.30
1741,54,1649330008.910743000,10.11.219.6
1742,-66,1649330008.933014000,52.94.234.174
1743,54,1649330008.933033000,10.11.219.6
1744,571,1649330008.934743000,10.11.219.6
1745,-105,1649330008.954397000,52.119.175.30
1746,54,1649330008.954410000,10.11.219.6
1747,795,1649330008.954597000,10.11.219.6
1748,-66,1649330008.966310000,54.184.29.64
1749,-235,1649330008.969536000,54.184.29.64
1750,66,1649330008.969559000,10.11.219.6
1751,-104,1649330008.969600000,54.184.29.64
1752,66,1649330008.969608000,10.11.219.6
1753,-234,1649330008.969631000,54.184.29.64
1754,66,1649330008.969645000,10.11.219.6
1755,-104,1649330008.969658000,54.184.29.64
1756,66,1649330008.969667000,10.11.219.6
1757,-533,1649330009.018846000,52.119.175.30
1758,-540,1649330009.022918000,52.119.175.30
1759,54,1649330009.022967000,10.11.219.6
1760,54,1649330009.061426000,10.11.219.6
1761,-54,1649330009.108435000,52.94.234.174
1762,-54,1649330009.109489000,52.94.234.174
1763,-150,1649330009.116268000,52.94.234.174
1764,54,1649330009.116287000,10.11.219.6
1765,-5022,1649330009.116324000,52.94.234.174
1766,54,1649330009.116332000,10.11.219.6
1767,-392,1649330009.116338000,52.94.234.174
1768,54,1649330009.116342000,10.11.219.6
1769,-63,1649330009.116346000,52.94.234.174
1770,54,1649330009.116350000,10.11.219.6
1771,204,1649330009.125373000,10.11.219.6
1772,-54,1649330009.130575000,52.119.175.30
1773,-63,1649330009.133219000,52.94.234.174
1774,66,1649330009.133234000,10.11.219.6
1775,-1098,1649330009.164792000,52.119.175.30
1776,54,1649330009.164818000,10.11.219.6
1777,842,1649330009.172167000,10.11.219.6
1778,-54,1649330009.300503000,52.94.234.174
1779,-60,1649330009.300524000,52.94.234.174
1780,54,1649330009.300539000,10.11.219.6
1781,-123,1649330009.300581000,52.94.234.174
1782,54,1649330009.300588000,10.11.219.6
1783,507,1649330009.301341000,10.11.219.6
1784,-54,1649330009.339859000,52.119.175.30
1785,228,1649330009.365429000,10.11.219.6
1786,1355,1649330009.365497000,10.11.219.6
1787,1434,1649330009.365629000,10.11.219.6
1788,1434,1649330009.365638000,10.11.219.6
1789,1434,1649330009.365980000,10.11.219.6
1790,1434,1649330009.365991000,10.11.219.6
1791,1434,1649330009.366376000,10.11.219.6
1792,1434,1649330009.366385000,10.11.219.6
1793,1434,1649330009.366928000,10.11.219.6
1794,1434,1649330009.366932000,10.11.219.6
1795,-1950,1649330009.404393000,52.119.175.30
1796,54,1649330009.404413000,10.11.219.6
1797,74,1649330009.438653000,10.11.219.6
1798,-283,1649330009.476465000,52.94.234.174
1799,54,1649330009.476524000,10.11.219.6
1800,-66,1649330009.492400000,54.184.29.64
1801,1434,1649330009.492428000,10.11.219.6
1802,1434,1649330009.492453000,10.11.219.6
1803,1434,1649330009.492470000,10.11.219.6
1804,1434,1649330009.492475000,10.11.219.6
1805,-108,1649330009.492482000,54.184.29.64
1806,66,1649330009.492490000,10.11.219.6
1807,-66,1649330009.492503000,54.184.29.64
1808,1434,1649330009.493358000,10.11.219.6
1809,1434,1649330009.493365000,10.11.219.6
1810,1434,1649330009.493373000,10.11.219.6
1811,1434,1649330009.493375000,10.11.219.6
1812,-66,1649330009.493593000,54.184.29.64
1813,-66,1649330009.493609000,54.184.29.64
1814,-66,1649330009.493613000,54.184.29.64
1815,1434,1649330009.494254000,10.11.219.6
1816,1434,1649330009.494269000,10.11.219.6
1817,1434,1649330009.494278000,10.11.219.6
1818,1434,1649330009.494280000,10.11.219.6
1819,1434,1649330009.494937000,10.11.219.6
1820,1434,1649330009.494950000,10.11.219.6
1821,1434,1649330009.494959000,10.11.219.6
1822,1434,1649330009.494962000,10.11.219.6
1823,1434,1649330009.495583000,10.11.219.6
1824,1434,1649330009.495596000,10.11.219.6
1825,471,1649330009.496060000,10.11.219.6
1826,74,1649330009.502310000,10.11.219.6
1827,-66,1649330009.611338000,209.54.177.54
1828,54,1649330009.611397000,10.11.219.6
1829,571,1649330009.617784000,10.11.219.6
1830,-66,1649330009.622090000,54.184.29.64
1831,-66,1649330009.622100000,54.184.29.64
1832,-108,1649330009.622102000,54.184.29.64
1833,-66,1649330009.622111000,54.184.29.64
1834,-66,1649330009.622113000,54.184.29.64
1835,-66,1649330009.622114000,54.184.29.64
1836,-66,1649330009.622115000,54.184.29.64
1837,66,1649330009.622183000,10.11.219.6
1838,-66,1649330009.623400000,54.184.29.64
1839,-66,1649330009.623411000,54.184.29.64
1840,-108,1649330009.623412000,54.184.29.64
1841,-66,1649330009.623422000,54.184.29.64
1842,66,1649330009.623517000,10.11.219.6
1843,-261,1649330009.627724000,54.184.29.64
1844,66,1649330009.627819000,10.11.219.6
1845,-74,1649330009.634451000,44.240.24.191
1846,66,1649330009.634511000,10.11.219.6
1847,583,1649330009.639154000,10.11.219.6
1848,462,1649330009.746508000,10.11.219.6
1849,845,1649330009.747819000,10.11.219.6
1850,740,1649330009.749069000,10.11.219.6
1851,571,1649330009.749402000,10.11.219.6
1852,1226,1649330009.751274000,10.11.219.6
1853,-66,1649330009.758094000,151.101.229.16
1854,-66,1649330009.760399000,151.101.229.16
1855,-66,1649330009.760416000,151.101.229.16
1856,-66,1649330009.760419000,151.101.229.16
1857,-13746,1649330009.764999000,151.101.229.16
1858,66,1649330009.765031000,10.11.219.6
1859,-1434,1649330009.765131000,151.101.229.16
1860,-15114,1649330009.765137000,151.101.229.16
1861,-1434,1649330009.765142000,151.101.229.16
1862,66,1649330009.765152000,10.11.219.6
1863,-13746,1649330009.766853000,151.101.229.16
1864,66,1649330009.766872000,10.11.219.6
1865,-5538,1649330009.769141000,151.101.229.16
1866,66,1649330009.769172000,10.11.219.6
1867,-9642,1649330009.771460000,151.101.229.16
1868,66,1649330009.771491000,10.11.219.6
1869,-15114,1649330009.771540000,151.101.229.16
1870,66,1649330009.771554000,10.11.219.6
1871,-15114,1649330009.771654000,151.101.229.16
1872,66,1649330009.771668000,10.11.219.6
1873,-2802,1649330009.771717000,151.101.229.16
1874,66,1649330009.771733000,10.11.219.6
1875,-12378,1649330009.771873000,151.101.229.16
1876,66,1649330009.771890000,10.11.219.6
1877,-1434,1649330009.771915000,151.101.229.16
1878,189,1649330009.774837000,10.11.219.6
1879,187,1649330009.776930000,10.11.219.6
1880,219,1649330009.777688000,10.11.219.6
1881,-13746,1649330009.778613000,151.101.229.16
1882,66,1649330009.778627000,10.11.219.6
1883,-4170,1649330009.778673000,151.101.229.16
1884,66,1649330009.778677000,10.11.219.6
1885,-15114,1649330009.778682000,151.101.229.16
1886,66,1649330009.778685000,10.11.219.6
1887,173,1649330009.780711000,10.11.219.6
1888,-15114,1649330009.781037000,151.101.229.16
1889,66,1649330009.781045000,10.11.219.6
1890,-66,1649330009.781070000,44.240.24.191
1891,-15114,1649330009.781076000,151.101.229.16
1892,66,1649330009.781079000,10.11.219.6
1893,-4170,1649330009.781104000,44.240.24.191
1894,66,1649330009.781107000,10.11.219.6
1895,-82,1649330009.781110000,44.240.24.191
1896,78,1649330009.781112000,10.11.219.6
1897,-1434,1649330009.781114000,44.240.24.191
1898,66,1649330009.781115000,10.11.219.6
1899,-5538,1649330009.781117000,151.101.229.16
1900,66,1649330009.781119000,10.11.219.6
1901,-9642,1649330009.781595000,151.101.229.16
1902,66,1649330009.781607000,10.11.219.6
1903,-2802,1649330009.781620000,151.101.229.16
1904,66,1649330009.781624000,10.11.219.6
1905,-1434,1649330009.783518000,151.101.229.16
1906,-5538,1649330009.783526000,151.101.229.16
1907,66,1649330009.783533000,10.11.219.6
1908,-613,1649330009.783543000,151.101.229.16
1909,78,1649330009.783548000,10.11.219.6
1910,-2802,1649330009.783550000,151.101.229.16
1911,66,1649330009.783552000,10.11.219.6
1912,-2802,1649330009.783558000,151.101.229.16
1913,66,1649330009.783559000,10.11.219.6
1914,-11010,1649330009.784107000,151.101.229.16
1915,66,1649330009.784112000,10.11.219.6
1916,-11010,1649330009.784130000,151.101.229.16
1917,66,1649330009.784133000,10.11.219.6
1918,-4170,1649330009.786045000,151.101.229.16
1919,66,1649330009.786051000,10.11.219.6
1920,-4170,1649330009.786059000,151.101.229.16
1921,66,1649330009.786061000,10.11.219.6
1922,192,1649330009.786160000,10.11.219.6
1923,-11010,1649330009.786499000,151.101.229.16
1924,66,1649330009.786507000,10.11.219.6
1925,-8274,1649330009.786549000,151.101.229.16
1926,66,1649330009.786553000,10.11.219.6
1927,-54,1649330009.786558000,209.54.177.54
1928,-5538,1649330009.786562000,151.101.229.16
1929,66,1649330009.786564000,10.11.219.6
1930,-8274,1649330009.788467000,151.101.229.16
1931,66,1649330009.788482000,10.11.219.6
1932,-12378,1649330009.788931000,151.101.229.16
1933,66,1649330009.788940000,10.11.219.6
1934,-12378,1649330009.788972000,151.101.229.16
1935,66,1649330009.788976000,10.11.219.6
1936,-1434,1649330009.791926000,151.101.229.16
1937,-2802,1649330009.791935000,151.101.229.16
1938,66,1649330009.791940000,10.11.219.6
1939,185,1649330009.792120000,10.11.219.6
1940,-11010,1649330009.792524000,151.101.229.16
1941,66,1649330009.792529000,10.11.219.6
1942,-66,1649330009.792560000,151.101.229.16
1943,-54,1649330009.792575000,209.54.177.54
1944,-66,1649330009.792579000,151.101.229.16
1945,-66,1649330009.792580000,151.101.229.16
1946,-13746,1649330009.792583000,151.101.229.16
1947,66,1649330009.792585000,10.11.219.6
1948,-5538,1649330009.792607000,151.101.229.16
1949,66,1649330009.792609000,10.11.219.6
1950,-6906,1649330009.794506000,151.101.229.16
1951,66,1649330009.794512000,10.11.219.6
1952,-6001,1649330009.794523000,209.54.177.54
1953,54,1649330009.794526000,10.11.219.6
1954,-11010,1649330009.794573000,151.101.229.16
1955,66,1649330009.794576000,10.11.219.6
1956,-66,1649330009.796273000,151.101.229.16
1957,-12378,1649330009.796283000,151.101.229.16
1958,66,1649330009.796288000,10.11.219.6
1959,-2802,1649330009.796312000,151.101.229.16
1960,66,1649330009.796314000,10.11.219.6
1961,180,1649330009.797909000,10.11.219.6
1962,-9642,1649330009.798259000,151.101.229.16
1963,66,1649330009.798265000,10.11.219.6
1964,-4170,1649330009.798273000,151.101.229.16
1965,66,1649330009.798275000,10.11.219.6
1966,-8274,1649330009.799297000,151.101.229.16
1967,66,1649330009.799309000,10.11.219.6
1968,-12378,1649330009.799333000,151.101.229.16
1969,66,1649330009.799336000,10.11.219.6
1970,-5538,1649330009.803566000,151.101.229.16
1971,66,1649330009.803577000,10.11.219.6
1972,-6906,1649330009.804057000,151.101.229.16
1973,66,1649330009.804064000,10.11.219.6
1974,-2802,1649330009.804072000,151.101.229.16
1975,66,1649330009.804074000,10.11.219.6
1976,-12378,1649330009.804081000,151.101.229.16
1977,66,1649330009.804084000,10.11.219.6
1978,-8274,1649330009.804100000,151.101.229.16
1979,66,1649330009.804103000,10.11.219.6
1980,-2802,1649330009.806328000,151.101.229.16
1981,66,1649330009.806337000,10.11.219.6
1982,-5538,1649330009.806348000,151.101.229.16
1983,66,1649330009.806350000,10.11.219.6
1984,-5538,1649330009.806814000,151.101.229.16
1985,66,1649330009.806823000,10.11.219.6
1986,-11010,1649330009.806836000,151.101.229.16
1987,66,1649330009.806840000,10.11.219.6
1988,-8274,1649330009.806873000,151.101.229.16
1989,66,1649330009.806878000,10.11.219.6
1990,-4170,1649330009.808751000,151.101.229.16
1991,66,1649330009.808759000,10.11.219.6
1992,-6906,1649330009.808769000,151.101.229.16
1993,66,1649330009.808772000,10.11.219.6
1994,-6906,1649330009.808787000,151.101.229.16
1995,66,1649330009.808790000,10.11.219.6
1996,-5538,1649330009.809297000,151.101.229.16
1997,66,1649330009.809306000,10.11.219.6
1998,-11010,1649330009.809318000,151.101.229.16
1999,66,1649330009.809322000,10.11.219.6
2000,-1434,1649330009.811717000,151.101.229.16
2001,-66,1649330009.811726000,151.101.229.16
2002,-12378,1649330009.811733000,151.101.229.16
2003,66,1649330009.811750000,10.11.219.6
2004,-1434,1649330009.811766000,151.101.229.16
2005,-11010,1649330009.812182000,151.101.229.16
2006,66,1649330009.812186000,10.11.219.6
2007,-5538,1649330009.812210000,151.101.229.16
2008,66,1649330009.812214000,10.11.219.6
2009,-134,1649330009.812217000,151.101.229.16
2010,78,1649330009.812221000,10.11.219.6
2011,-1434,1649330009.812224000,151.101.229.16
2012,66,1649330009.812227000,10.11.219.6
2013,180,1649330009.817887000,10.11.219.6
2014,174,1649330009.822223000,10.11.219.6
2015,455,1649330009.828221000,10.11.219.6
2016,-66,1649330009.828353000,151.101.229.16
2017,952,1649330009.829249000,10.11.219.6
2018,174,1649330009.830554000,10.11.219.6
2019,-12378,1649330009.832052000,151.101.229.16
2020,66,1649330009.832063000,10.11.219.6
2021,-1242,1649330009.832079000,151.101.229.16
2022,78,1649330009.832084000,10.11.219.6
2023,-1434,1649330009.832086000,151.101.229.16
2024,66,1649330009.832088000,10.11.219.6
2025,-66,1649330009.833708000,151.101.229.16
2026,-311,1649330009.833719000,151.101.229.16
2027,181,1649330009.837718000,10.11.219.6
2028,-66,1649330009.839027000,151.101.229.16
2029,684,1649330009.841616000,10.11.219.6
2030,-2802,1649330009.841698000,151.101.229.16
2031,66,1649330009.841707000,10.11.219.6
2032,-8274,1649330009.843731000,151.101.229.16
2033,66,1649330009.843760000,10.11.219.6
2034,-4170,1649330009.844195000,151.101.229.16
2035,-953,1649330009.844197000,151.101.229.16
2036,-15114,1649330009.844200000,151.101.229.16
2037,66,1649330009.844205000,10.11.219.6
2038,-11010,1649330009.844218000,151.101.229.16
2039,66,1649330009.844329000,10.11.219.6
2040,-2802,1649330009.846307000,151.101.229.16
2041,66,1649330009.846320000,10.11.219.6
2042,-1434,1649330009.846890000,151.101.229.16
2043,-15114,1649330009.846895000,151.101.229.16
2044,66,1649330009.846907000,10.11.219.6
2045,-66,1649330009.846919000,151.101.229.16
2046,-15114,1649330009.846928000,151.101.229.16
2047,-66,1649330009.846932000,151.101.229.16
2048,66,1649330009.846948000,10.11.219.6
2049,184,1649330009.847093000,10.11.219.6
2050,-5538,1649330009.848945000,151.101.229.16
2051,66,1649330009.848980000,10.11.219.6
2052,-5538,1649330009.849293000,151.101.229.16
2053,66,1649330009.849311000,10.11.219.6
2054,-4170,1649330009.850952000,151.101.229.16
2055,66,1649330009.850957000,10.11.219.6
2056,-15114,1649330009.850966000,151.101.229.16
2057,-12378,1649330009.850990000,151.101.229.16
2058,66,1649330009.851062000,10.11.219.6
2059,621,1649330009.854408000,10.11.219.6
2060,-2802,1649330009.855903000,151.101.229.16
2061,66,1649330009.855923000,10.11.219.6
2062,-1434,1649330009.856534000,151.101.229.16
2063,-16482,1649330009.856538000,151.101.229.16
2064,66,1649330009.856542000,10.11.219.6
2065,-12794,1649330009.856558000,151.101.229.16
2066,-66,1649330009.856566000,151.101.229.16
2067,-5538,1649330009.856570000,151.101.229.16
2068,66,1649330009.856577000,10.11.219.6
2069,-8274,1649330009.858759000,151.101.229.16
2070,66,1649330009.858774000,10.11.219.6
2071,-889,1649330009.858793000,151.101.229.16
2072,-1434,1649330009.858796000,151.101.229.16
2073,-2802,1649330009.858804000,151.101.229.16
2074,78,1649330009.858805000,10.11.219.6
2075,66,1649330009.858815000,10.11.219.6
2076,66,1649330009.858820000,10.11.219.6
2077,-13746,1649330009.859160000,151.101.229.16
2078,-5538,1649330009.859181000,151.101.229.16
2079,66,1649330009.859182000,10.11.219.6
2080,66,1649330009.859214000,10.11.219.6
2081,-2802,1649330009.861490000,151.101.229.16
2082,66,1649330009.861508000,10.11.219.6
2083,716,1649330009.861906000,10.11.219.6
2084,-8274,1649330009.862012000,151.101.229.16
2085,-16482,1649330009.862019000,151.101.229.16
2086,66,1649330009.862029000,10.11.219.6
2087,-66,1649330009.862035000,151.101.229.16
2088,-5538,1649330009.862042000,151.101.229.16
2089,66,1649330009.862057000,10.11.219.6
2090,1295,1649330009.863540000,10.11.219.6
2091,-11010,1649330009.864218000,151.101.229.16
2092,-2802,1649330009.864230000,151.101.229.16
2093,66,1649330009.864242000,10.11.219.6
2094,-13746,1649330009.864684000,151.101.229.16
2095,-5538,1649330009.864703000,151.101.229.16
2096,66,1649330009.864705000,10.11.219.6
2097,66,1649330009.864717000,10.11.219.6
2098,-2802,1649330009.867221000,151.101.229.16
2099,66,1649330009.867226000,10.11.219.6
2100,-2802,1649330009.869288000,151.101.229.16
2101,66,1649330009.869291000,10.11.219.6
2102,-5538,1649330009.869910000,151.101.229.16
2103,-15114,1649330009.869915000,151.101.229.16
2104,66,1649330009.869924000,10.11.219.6
2105,-16482,1649330009.869937000,151.101.229.16
2106,-66,1649330009.869941000,151.101.229.16
2107,66,1649330009.869953000,10.11.219.6
2108,-11010,1649330009.871800000,151.101.229.16
2109,66,1649330009.871805000,10.11.219.6
2110,-5538,1649330009.872220000,151.101.229.16
2111,66,1649330009.872228000,10.11.219.6
2112,-15114,1649330009.872239000,151.101.229.16
2113,-740,1649330009.872246000,151.101.229.16
2114,66,1649330009.872249000,10.11.219.6
2115,78,1649330009.872261000,10.11.219.6
2116,-1434,1649330009.874150000,151.101.229.16
2117,66,1649330009.874170000,10.11.219.6
2118,-66,1649330009.874184000,151.101.229.16
2119,-9642,1649330009.874192000,151.101.229.16
2120,66,1649330009.874266000,10.11.219.6
2121,-4170,1649330009.874593000,151.101.229.16
2122,66,1649330009.874600000,10.11.219.6
2123,-926,1649330009.874607000,151.101.229.16
2124,78,1649330009.874612000,10.11.219.6
2125,-1434,1649330009.874615000,151.101.229.16
2126,-13746,1649330009.874622000,151.101.229.16
2127,66,1649330009.874623000,10.11.219.6
2128,-1434,1649330009.874629000,151.101.229.16
2129,66,1649330009.874637000,10.11.219.6
2130,-2802,1649330009.879234000,151.101.229.16
2131,66,1649330009.879256000,10.11.219.6
2132,-9642,1649330009.879833000,151.101.229.16
2133,-12378,1649330009.879843000,151.101.229.16
2134,-13746,1649330009.879874000,151.101.229.16
2135,66,1649330009.879873000,10.11.219.6
2136,-1434,1649330009.879882000,151.101.229.16
2137,66,1649330009.879945000,10.11.219.6
2138,-2802,1649330009.881488000,151.101.229.16
2139,66,1649330009.881503000,10.11.219.6
2140,-9642,1649330009.881983000,151.101.229.16
2141,-66,1649330009.881990000,151.101.229.16
2142,66,1649330009.882020000,10.11.219.6
2143,-12378,1649330009.882026000,151.101.229.16
2144,-8274,1649330009.882044000,151.101.229.16
2145,66,1649330009.882072000,10.11.219.6
2146,1008,1649330009.882245000,10.11.219.6
2147,-2802,1649330009.883770000,151.101.229.16
2148,66,1649330009.883805000,10.11.219.6
2149,-1434,1649330009.884247000,151.101.229.16
2150,-1103,1649330009.884252000,151.101.229.16
2151,-13746,1649330009.884256000,151.101.229.16
2152,66,1649330009.884269000,10.11.219.6
2153,-13746,1649330009.884283000,151.101.229.16
2154,66,1649330009.884364000,10.11.219.6
2155,-8274,1649330009.886407000,151.101.229.16
2156,66,1649330009.886420000,10.11.219.6
2157,-5538,1649330009.886877000,151.101.229.16
2158,66,1649330009.886882000,10.11.219.6
2159,-4170,1649330009.886888000,151.101.229.16
2160,-11010,1649330009.886891000,151.101.229.16
2161,-4170,1649330009.886899000,151.101.229.16
2162,66,1649330009.886906000,10.11.219.6
2163,66,1649330009.887005000,10.11.219.6
2164,184,1649330009.888489000,10.11.219.6
2165,-2802,1649330009.888860000,151.101.229.16
2166,66,1649330009.888891000,10.11.219.6
2167,-5538,1649330009.891299000,151.101.229.16
2168,-12378,1649330009.891311000,151.101.229.16
2169,-2802,1649330009.891329000,151.101.229.16
2170,66,1649330009.891339000,10.11.219.6
2171,66,1649330009.891554000,10.11.219.6
2172,178,1649330009.891722000,10.11.219.6
2173,-9642,1649330009.891806000,151.101.229.16
2174,-9642,1649330009.891813000,151.101.229.16
2175,66,1649330009.891824000,10.11.219.6
2176,-2802,1649330009.894496000,151.101.229.16
2177,66,1649330009.894509000,10.11.219.6
2178,-2802,1649330009.894521000,151.101.229.16
2179,66,1649330009.894534000,10.11.219.6
2180,-1434,1649330009.894900000,151.101.229.16
2181,-12378,1649330009.894903000,151.101.229.16
2182,-12378,1649330009.894917000,151.101.229.16
2183,66,1649330009.894920000,10.11.219.6
2184,66,1649330009.894975000,10.11.219.6
2185,-11010,1649330009.896391000,151.101.229.16
2186,66,1649330009.896405000,10.11.219.6
2187,178,1649330009.897471000,10.11.219.6
2188,-11010,1649330009.898240000,151.101.229.16
2189,66,1649330009.898261000,10.11.219.6
2190,-11010,1649330009.898274000,151.101.229.16
2191,66,1649330009.898313000,10.11.219.6
2192,-66,1649330009.901696000,151.101.229.16
2193,-6906,1649330009.901710000,151.101.229.16
2194,66,1649330009.901717000,10.11.219.6
2195,-4170,1649330009.901725000,151.101.229.16
2196,66,1649330009.901734000,10.11.219.6
2197,-8274,1649330009.902189000,151.101.229.16
2198,66,1649330009.902201000,10.11.219.6
2199,-12378,1649330009.902203000,151.101.229.16
2200,-5538,1649330009.902218000,151.101.229.16
2201,66,1649330009.902246000,10.11.219.6
2202,-6906,1649330009.903596000,151.101.229.16
2203,66,1649330009.903608000,10.11.219.6
2204,-8274,1649330009.905601000,151.101.229.16
2205,66,1649330009.905607000,10.11.219.6
2206,-4170,1649330009.906056000,151.101.229.16
2207,66,1649330009.906062000,10.11.219.6
2208,-12378,1649330009.906070000,151.101.229.16
2209,66,1649330009.906088000,10.11.219.6
2210,-66,1649330009.906094000,151.101.229.16
2211,-2802,1649330009.906096000,151.101.229.16
2212,-5538,1649330009.906098000,151.101.229.16
2213,66,1649330009.906131000,10.11.219.6
2214,-8274,1649330009.910709000,151.101.229.16
2215,66,1649330009.910714000,10.11.219.6
2216,-5538,1649330009.910721000,151.101.229.16
2217,66,1649330009.910766000,10.11.219.6
2218,-8274,1649330009.912714000,151.101.229.16
2219,66,1649330009.912720000,10.11.219.6
2220,-66,1649330009.912728000,151.101.229.16
2221,-13746,1649330009.912731000,151.101.229.16
2222,-6906,1649330009.912736000,151.101.229.16
2223,66,1649330009.912781000,10.11.219.6
2224,-6906,1649330009.913154000,151.101.229.16
2225,66,1649330009.913160000,10.11.219.6
2226,-9642,1649330009.913170000,151.101.229.16
2227,66,1649330009.913190000,10.11.219.6
2228,-13746,1649330009.913199000,151.101.229.16
2229,66,1649330009.913314000,10.11.219.6
2230,-2802,1649330009.915994000,151.101.229.16
2231,66,1649330009.916009000,10.11.219.6
2232,-2802,1649330009.918655000,151.101.229.16
2233,66,1649330009.918659000,10.11.219.6
2234,-2802,1649330009.918799000,151.101.229.16
2235,66,1649330009.918802000,10.11.219.6
2236,-5538,1649330009.921136000,151.101.229.16
2237,-13746,1649330009.921140000,151.101.229.16
2238,-8274,1649330009.921145000,151.101.229.16
2239,66,1649330009.921149000,10.11.219.6
2240,66,1649330009.921211000,10.11.219.6
2241,-5538,1649330009.921629000,151.101.229.16
2242,66,1649330009.921633000,10.11.219.6
2243,-9642,1649330009.921639000,151.101.229.16
2244,66,1649330009.921660000,10.11.219.6
2245,-15114,1649330009.921665000,151.101.229.16
2246,-11010,1649330009.921678000,151.101.229.16
2247,66,1649330009.921699000,10.11.219.6
2248,-4170,1649330009.923541000,151.101.229.16
2249,66,1649330009.923547000,10.11.219.6
2250,-66,1649330009.923554000,151.101.229.16
2251,-12378,1649330009.923559000,151.101.229.16
2252,66,1649330009.923600000,10.11.219.6
2253,-4170,1649330009.924113000,151.101.229.16
2254,66,1649330009.924120000,10.11.219.6
2255,-13746,1649330009.924128000,151.101.229.16
2256,66,1649330009.924150000,10.11.219.6
2257,-2802,1649330009.926042000,151.101.229.16
2258,66,1649330009.926049000,10.11.219.6
2259,-5538,1649330009.926056000,151.101.229.16
2260,66,1649330009.926102000,10.11.219.6
2261,-12378,1649330009.926485000,151.101.229.16
2262,66,1649330009.926499000,10.11.219.6
2263,-12378,1649330009.926514000,151.101.229.16
2264,66,1649330009.926532000,10.11.219.6
2265,-5538,1649330009.930570000,151.101.229.16
2266,66,1649330009.930575000,10.11.219.6
2267,-17850,1649330009.930584000,151.101.229.16
2268,-372,1649330009.930593000,44.240.24.191
2269,66,1649330009.930598000,10.11.219.6
2270,-135,1649330009.930600000,44.240.24.191
2271,66,1649330009.930601000,10.11.219.6
2272,-8274,1649330009.930604000,151.101.229.16
2273,-939,1649330009.930608000,151.101.229.16
2274,-1434,1649330009.930609000,151.101.229.16
2275,66,1649330009.930612000,10.11.219.6
2276,78,1649330009.930619000,10.11.219.6
2277,66,1649330009.930623000,10.11.219.6
2278,243,1649330009.931750000,10.11.219.6
2279,376,1649330009.931772000,10.11.219.6
2280,104,1649330009.932094000,10.11.219.6
2281,-105,1649330009.970720000,209.54.177.54
2282,54,1649330009.970752000,10.11.219.6
2283,1391,1649330009.971364000,10.11.219.6
2284,-66,1649330010.067022000,44.240.24.191
2285,-104,1649330010.067046000,44.240.24.191
2286,66,1649330010.067062000,10.11.219.6
2287,-233,1649330010.067106000,44.240.24.191
2288,66,1649330010.067117000,10.11.219.6
2289,74,1649330010.093165000,10.11.219.6
2290,-4717,1649330010.149899000,209.54.177.54
2291,54,1649330010.149949000,10.11.219.6
2292,-960,1649330010.149979000,209.54.177.54
2293,54,1649330010.149985000,10.11.219.6
2294,74,1649330010.184612000,10.11.219.6
2295,74,1649330010.186454000,10.11.219.6
2296,-74,1649330010.190209000,18.65.116.37
2297,66,1649330010.190226000,10.11.219.6
2298,583,1649330010.193093000,10.11.219.6
2299,-74,1649330010.196755000,54.250.152.22
2300,66,1649330010.196770000,10.11.219.6
2301,-66,1649330010.196780000,18.65.116.37
2302,583,1649330010.199063000,10.11.219.6
2303,-5538,1649330010.200324000,18.65.116.37
2304,66,1649330010.200341000,10.11.219.6
2305,-592,1649330010.200390000,18.65.116.37
2306,66,1649330010.200397000,10.11.219.6
2307,74,1649330010.202391000,10.11.219.6
2308,130,1649330010.204816000,10.11.219.6
2309,236,1649330010.205052000,10.11.219.6
2310,406,1649330010.205268000,10.11.219.6
2311,-74,1649330010.206629000,18.65.148.40
2312,66,1649330010.206643000,10.11.219.6
2313,-66,1649330010.207526000,18.65.116.37
2314,-128,1649330010.207534000,18.65.116.37
2315,66,1649330010.207540000,10.11.219.6
2316,-66,1649330010.208524000,18.65.116.37
2317,-66,1649330010.208528000,18.65.116.37
2318,583,1649330010.209104000,10.11.219.6
2319,97,1649330010.209325000,10.11.219.6
2320,-97,1649330010.210190000,18.65.116.37
2321,66,1649330010.210196000,10.11.219.6
2322,-66,1649330010.211835000,54.250.152.22
2323,-66,1649330010.212967000,18.65.116.37
2324,-66,1649330010.214645000,18.65.148.40
2325,-1434,1649330010.214668000,54.250.152.22
2326,66,1649330010.214676000,10.11.219.6
2327,-487,1649330010.214693000,54.250.152.22
2328,78,1649330010.214696000,10.11.219.6
2329,-5538,1649330010.219032000,18.65.148.40
2330,66,1649330010.219056000,10.11.219.6
2331,-922,1649330010.219070000,18.65.148.40
2332,66,1649330010.219073000,10.11.219.6
2333,-845,1649330010.219076000,18.65.116.37
2334,66,1649330010.219079000,10.11.219.6
2335,-97,1649330010.219082000,18.65.116.37
2336,66,1649330010.219084000,10.11.219.6
2337,-1434,1649330010.219086000,54.250.152.22
2338,66,1649330010.219090000,10.11.219.6
2339,192,1649330010.224639000,10.11.219.6
2340,130,1649330010.233130000,10.11.219.6
2341,-66,1649330010.236639000,18.65.148.40
2342,-324,1649330010.236653000,54.250.152.22
2343,66,1649330010.236667000,10.11.219.6
2344,-135,1649330010.236683000,54.250.152.22
2345,66,1649330010.236687000,10.11.219.6
2346,-128,1649330010.236690000,18.65.148.40
2347,66,1649330010.236693000,10.11.219.6
2348,-74,1649330010.253860000,52.85.84.28
2349,66,1649330010.253881000,10.11.219.6
2350,236,1649330010.260678000,10.11.219.6
2351,388,1649330010.260708000,10.11.219.6
2352,186,1649330010.260886000,10.11.219.6
2353,298,1649330010.261274000,10.11.219.6
2354,280,1649330010.261808000,10.11.219.6
2355,97,1649330010.262106000,10.11.219.6
2356,194,1649330010.262283000,10.11.219.6
2357,-66,1649330010.263252000,18.65.148.40
2358,-97,1649330010.263261000,18.65.148.40
2359,66,1649330010.263266000,10.11.219.6
2360,-66,1649330010.263275000,18.65.148.40
2361,-66,1649330010.264733000,18.65.148.40
2362,583,1649330010.264838000,10.11.219.6
2363,193,1649330010.265115000,10.11.219.6
2364,175,1649330010.265453000,10.11.219.6
2365,-66,1649330010.271936000,151.101.229.16
2366,-66,1649330010.271940000,151.101.229.16
2367,-861,1649330010.274999000,151.101.229.16
2368,78,1649330010.275015000,10.11.219.6
2369,-1434,1649330010.275030000,151.101.229.16
2370,66,1649330010.275043000,10.11.219.6
2371,-66,1649330010.275046000,151.101.229.16
2372,-3054,1649330010.275051000,151.101.229.16
2373,66,1649330010.275054000,10.11.219.6
2374,-5306,1649330010.275057000,151.101.229.16
2375,66,1649330010.275060000,10.11.219.6
2376,-336,1649330010.275092000,151.101.229.16
2377,66,1649330010.275097000,10.11.219.6
2378,-66,1649330010.275102000,151.101.229.16
2379,-476,1649330010.275105000,151.101.229.16
2380,66,1649330010.275108000,10.11.219.6
2381,-66,1649330010.276379000,151.101.229.16
2382,-1109,1649330010.276393000,151.101.229.16
2383,66,1649330010.276402000,10.11.219.6
2384,-66,1649330010.276422000,151.101.229.16
2385,-362,1649330010.277443000,151.101.229.16
2386,66,1649330010.277460000,10.11.219.6
2387,-520,1649330010.319343000,18.65.148.40
2388,66,1649330010.319356000,10.11.219.6
2389,-97,1649330010.319369000,18.65.148.40
2390,66,1649330010.319371000,10.11.219.6
2391,243,1649330010.355577000,10.11.219.6
2392,403,1649330010.355601000,10.11.219.6
2393,104,1649330010.356236000,10.11.219.6
2394,510,1649330010.358123000,10.11.219.6
2395,-66,1649330010.367766000,54.250.152.22
2396,-104,1649330010.367786000,54.250.152.22
2397,66,1649330010.367798000,10.11.219.6
2398,-622,1649330010.368599000,54.250.152.22
2399,66,1649330010.368624000,10.11.219.6
2400,-104,1649330010.368659000,54.250.152.22
2401,66,1649330010.368664000,10.11.219.6
2402,74,1649330010.374307000,10.11.219.6
2403,-66,1649330010.426439000,52.85.84.28
2404,-2802,1649330010.435649000,52.85.84.28
2405,66,1649330010.435665000,10.11.219.6
2406,-2802,1649330010.435681000,52.85.84.28
2407,66,1649330010.435685000,10.11.219.6
2408,-586,1649330010.435687000,52.85.84.28
2409,66,1649330010.435689000,10.11.219.6
2410,130,1649330010.440310000,10.11.219.6
2411,526,1649330010.440610000,10.11.219.6
2412,-639,1649330010.537162000,209.54.177.54
2413,54,1649330010.537214000,10.11.219.6
2414,536,1649330010.538054000,10.11.219.6
2415,-66,1649330010.544583000,209.54.177.54
2416,54,1649330010.544633000,10.11.219.6
2417,571,1649330010.550554000,10.11.219.6
2418,-66,1649330010.600257000,52.85.84.28
2419,-66,1649330010.600269000,52.85.84.28
2420,-576,1649330010.601339000,52.85.84.28
2421,66,1649330010.601353000,10.11.219.6
2422,74,1649330010.640180000,10.11.219.6
2423,74,1649330010.640491000,10.11.219.6
2424,74,1649330010.640964000,10.11.219.6
2425,74,1649330010.641234000,10.11.219.6
2426,74,1649330010.641524000,10.11.219.6
2427,74,1649330010.641717000,10.11.219.6
2428,-74,1649330010.642993000,23.205.97.4
2429,66,1649330010.643012000,10.11.219.6
2430,-74,1649330010.645197000,35.186.254.217
2431,66,1649330010.645207000,10.11.219.6
2432,-74,1649330010.645214000,23.64.8.218
2433,66,1649330010.645218000,10.11.219.6
2434,-74,1649330010.645221000,142.250.76.130
2435,66,1649330010.645225000,10.11.219.6
2436,583,1649330010.648451000,10.11.219.6
2437,74,1649330010.649834000,10.11.219.6
2438,583,1649330010.651555000,10.11.219.6
2439,-66,1649330010.651633000,23.205.97.4
2440,583,1649330010.653265000,10.11.219.6
2441,583,1649330010.654957000,10.11.219.6
2442,74,1649330010.655851000,10.11.219.6
2443,74,1649330010.655922000,10.11.219.6
2444,74,1649330010.656041000,10.11.219.6
2445,74,1649330010.656453000,10.11.219.6
2446,-2802,1649330010.657536000,23.205.97.4
2447,66,1649330010.657543000,10.11.219.6
2448,-1426,1649330010.657553000,23.205.97.4
2449,66,1649330010.657557000,10.11.219.6
2450,-454,1649330010.657559000,23.205.97.4
2451,66,1649330010.657561000,10.11.219.6
2452,-74,1649330010.657563000,35.213.12.39
2453,66,1649330010.657571000,10.11.219.6
2454,-66,1649330010.657574000,35.186.254.217
2455,-74,1649330010.657576000,18.178.22.21
2456,66,1649330010.657579000,10.11.219.6
2457,-66,1649330010.657582000,142.250.76.130
2458,-3485,1649330010.657593000,35.186.254.217
2459,66,1649330010.657597000,10.11.219.6
2460,-66,1649330010.658386000,23.64.8.218
2461,-74,1649330010.660626000,23.64.9.146
2462,66,1649330010.660635000,10.11.219.6
2463,-2802,1649330010.660642000,23.64.8.218
2464,66,1649330010.660644000,10.11.219.6
2465,-1391,1649330010.660646000,23.64.8.218
2466,66,1649330010.660650000,10.11.219.6
2467,192,1649330010.660794000,10.11.219.6
2468,-74,1649330010.661558000,52.194.7.34
2469,66,1649330010.661568000,10.11.219.6
2470,-66,1649330010.663985000,23.205.97.4
2471,-340,1649330010.663992000,23.205.97.4
2472,66,1649330010.664006000,10.11.219.6
2473,583,1649330010.665740000,10.11.219.6
2474,583,1649330010.667567000,10.11.219.6
2475,583,1649330010.669430000,10.11.219.6
2476,-74,1649330010.672047000,104.244.42.3
2477,66,1649330010.672064000,10.11.219.6
2478,583,1649330010.672300000,10.11.219.6
2479,-66,1649330010.673347000,23.64.9.146
2480,583,1649330010.676004000,10.11.219.6
2481,74,1649330010.676913000,10.11.219.6
2482,-2802,1649330010.678816000,23.64.9.146
2483,66,1649330010.678826000,10.11.219.6
2484,-1159,1649330010.678835000,23.64.9.146
2485,66,1649330010.678840000,10.11.219.6
2486,-66,1649330010.678843000,35.213.12.39
2487,-2802,1649330010.681136000,35.213.12.39
2488,66,1649330010.681145000,10.11.219.6
2489,-1426,1649330010.681154000,35.213.12.39
2490,66,1649330010.681158000,10.11.219.6
2491,-958,1649330010.681160000,35.213.12.39
2492,66,1649330010.681162000,10.11.219.6
2493,-66,1649330010.681852000,18.178.22.21
2494,-4045,1649330010.685269000,18.178.22.21
2495,66,1649330010.685275000,10.11.219.6
2496,-66,1649330010.685281000,52.194.7.34
2497,-2802,1649330010.686530000,52.194.7.34
2498,66,1649330010.686544000,10.11.219.6
2499,-1086,1649330010.687454000,52.194.7.34
2500,78,1649330010.687470000,10.11.219.6
2501,-1434,1649330010.687485000,52.194.7.34
2502,66,1649330010.687489000,10.11.219.6
2503,-74,1649330010.688385000,52.198.51.78
2504,66,1649330010.688409000,10.11.219.6
2505,-66,1649330010.689430000,104.244.42.3
2506,-2762,1649330010.692826000,104.244.42.3
2507,66,1649330010.692841000,10.11.219.6
2508,-811,1649330010.692856000,104.244.42.3
2509,66,1649330010.692861000,10.11.219.6
2510,-4599,1649330010.697495000,142.250.76.130
2511,66,1649330010.697510000,10.11.219.6
2512,-54,1649330010.715590000,209.54.177.54
2513,-639,1649330010.716664000,209.54.177.54
2514,-54,1649330010.721162000,209.54.177.54
2515,-6001,1649330010.724838000,209.54.177.54
2516,54,1649330010.724854000,10.11.219.6
2517,180,1649330010.738313000,10.11.219.6
2518,159,1649330010.739591000,10.11.219.6
2519,576,1649330010.739615000,10.11.219.6
2520,-66,1649330010.742772000,23.205.97.4
2521,192,1649330010.746533000,10.11.219.6
2522,192,1649330010.750126000,10.11.219.6
2523,146,1649330010.750477000,10.11.219.6
2524,305,1649330010.750822000,10.11.219.6
2525,418,1649330010.750937000,10.11.219.6
2526,-66,1649330010.752409000,35.213.12.39
2527,-66,1649330010.752418000,23.64.9.146
2528,-66,1649330010.752419000,23.64.8.218
2529,-340,1649330010.752420000,35.213.12.39
2530,66,1649330010.752426000,10.11.219.6
2531,-324,1649330010.753534000,23.64.9.146
2532,66,1649330010.753539000,10.11.219.6
2533,-353,1649330010.753544000,23.64.8.218
2534,66,1649330010.753546000,10.11.219.6
2535,-353,1649330010.753548000,23.64.8.218
2536,66,1649330010.753550000,10.11.219.6
2537,-66,1649330010.753551000,18.65.110.227
2538,583,1649330010.753647000,10.11.219.6
2539,54,1649330010.757445000,10.11.219.6
2540,-340,1649330010.758057000,52.194.7.34
2541,66,1649330010.758090000,10.11.219.6
2542,-135,1649330010.758104000,52.194.7.34
2543,66,1649330010.758106000,10.11.219.6
2544,-66,1649330010.764223000,52.198.51.78
2545,-2802,1649330010.766824000,52.198.51.78
2546,66,1649330010.766840000,10.11.219.6
2547,-326,1649330010.767605000,52.198.51.78
2548,78,1649330010.767623000,10.11.219.6
2549,-1434,1649330010.767639000,52.198.51.78
2550,66,1649330010.767645000,10.11.219.6
2551,-74,1649330010.770591000,8.39.36.142
2552,66,1649330010.770612000,10.11.219.6
2553,530,1649330010.787573000,10.11.219.6
2554,-66,1649330010.789870000,23.64.8.218
2555,192,1649330010.791495000,10.11.219.6
2556,583,1649330010.795308000,10.11.219.6
2557,74,1649330010.796313000,10.11.219.6
2558,74,1649330010.796447000,10.11.219.6
2559,74,1649330010.796612000,10.11.219.6
2560,74,1649330010.796740000,10.11.219.6
2561,74,1649330010.796875000,10.11.219.6
2562,-74,1649330010.799833000,35.227.202.26
2563,66,1649330010.799858000,10.11.219.6
2564,-74,1649330010.799870000,34.98.64.218
2565,66,1649330010.799875000,10.11.219.6
2566,-117,1649330010.801923000,52.198.51.78
2567,66,1649330010.801937000,10.11.219.6
2568,583,1649330010.804279000,10.11.219.6
2569,583,1649330010.806458000,10.11.219.6
2570,74,1649330010.806631000,10.11.219.6
2571,74,1649330010.806736000,10.11.219.6
2572,74,1649330010.806876000,10.11.219.6
2573,-66,1649330010.807505000,34.98.64.218
2574,74,1649330010.808084000,10.11.219.6
2575,-74,1649330010.809411000,23.205.97.4
2576,66,1649330010.809422000,10.11.219.6
2577,-66,1649330010.809429000,35.227.202.26
2578,-1434,1649330010.810694000,34.98.64.218
2579,66,1649330010.810701000,10.11.219.6
2580,-641,1649330010.810710000,34.98.64.218
2581,78,1649330010.810713000,10.11.219.6
2582,-1434,1649330010.810715000,34.98.64.218
2583,66,1649330010.810718000,10.11.219.6
2584,-1434,1649330010.811788000,35.227.202.26
2585,66,1649330010.811793000,10.11.219.6
2586,-956,1649330010.811799000,35.227.202.26
2587,78,1649330010.811801000,10.11.219.6
2588,-1434,1649330010.811803000,35.227.202.26
2589,66,1649330010.811805000,10.11.219.6
2590,583,1649330010.812041000,10.11.219.6
2591,-66,1649330010.814934000,23.205.97.4
2592,-2802,1649330010.816128000,23.205.97.4
2593,66,1649330010.816133000,10.11.219.6
2594,-1426,1649330010.816140000,23.205.97.4
2595,66,1649330010.816143000,10.11.219.6
2596,74,1649330010.818040000,10.11.219.6
2597,-74,1649330010.827493000,103.231.99.80
2598,66,1649330010.827504000,10.11.219.6
2599,-454,1649330010.827517000,23.205.97.4
2600,66,1649330010.827519000,10.11.219.6
2601,-74,1649330010.828723000,54.145.217.35
2602,66,1649330010.828732000,10.11.219.6
2603,192,1649330010.830070000,10.11.219.6
2604,583,1649330010.831774000,10.11.219.6
2605,-66,1649330010.833029000,23.205.97.4
2606,-340,1649330010.833034000,23.205.97.4
2607,66,1649330010.833038000,10.11.219.6
2608,583,1649330010.834138000,10.11.219.6
2609,74,1649330010.834521000,10.11.219.6
2610,74,1649330010.843490000,10.11.219.6
2611,-66,1649330010.843641000,103.231.99.80
2612,-74,1649330010.846089000,52.192.30.216
2613,66,1649330010.846100000,10.11.219.6
2614,-2802,1649330010.846107000,103.231.99.80
2615,66,1649330010.846110000,10.11.219.6
2616,-333,1649330010.846118000,103.231.99.80
2617,78,1649330010.846120000,10.11.219.6
2618,-1434,1649330010.846122000,103.231.99.80
2619,66,1649330010.846124000,10.11.219.6
2620,192,1649330010.849780000,10.11.219.6
2621,583,1649330010.851469000,10.11.219.6
2622,74,1649330010.855635000,10.11.219.6
2623,-74,1649330010.856480000,54.150.10.110
2624,66,1649330010.856494000,10.11.219.6
2625,-1434,1649330010.857670000,103.231.99.80
2626,78,1649330010.857675000,10.11.219.6
2627,583,1649330010.858218000,10.11.219.6
2628,-670,1649330010.858824000,18.65.110.227
2629,66,1649330010.858831000,10.11.219.6
2630,-97,1649330010.858839000,18.65.110.227
2631,66,1649330010.858842000,10.11.219.6
2632,-66,1649330010.860812000,103.231.99.80
2633,-72,1649330010.861937000,103.231.99.80
2634,66,1649330010.861944000,10.11.219.6
2635,-111,1649330010.861954000,103.231.99.80
2636,66,1649330010.861956000,10.11.219.6
2637,-122,1649330010.861958000,103.231.99.80
2638,66,1649330010.861959000,10.11.219.6
2639,-66,1649330010.861960000,52.192.30.216
2640,-5426,1649330010.865482000,52.192.30.216
2641,66,1649330010.865487000,10.11.219.6
2642,-74,1649330010.865492000,119.9.108.180
2643,66,1649330010.865501000,10.11.219.6
2644,-74,1649330010.867341000,31.13.82.36
2645,66,1649330010.867351000,10.11.219.6
2646,-1186,1649330010.867358000,23.205.97.4
2647,66,1649330010.867360000,10.11.219.6
2648,192,1649330010.868645000,10.11.219.6
2649,-70,1649330010.870630000,103.71.26.126
2650,66,1649330010.870656000,10.11.219.6
2651,-74,1649330010.870674000,18.138.31.125
2652,66,1649330010.870683000,10.11.219.6
2653,583,1649330010.870944000,10.11.219.6
2654,-1434,1649330010.871936000,54.150.10.110
2655,66,1649330010.871955000,10.11.219.6
2656,-791,1649330010.871969000,54.150.10.110
2657,78,1649330010.871974000,10.11.219.6
2658,-1434,1649330010.871977000,54.150.10.110
2659,66,1649330010.871982000,10.11.219.6
2660,583,1649330010.873810000,10.11.219.6
2661,-324,1649330010.880355000,52.192.30.216
2662,66,1649330010.880443000,10.11.219.6
2663,192,1649330010.880489000,10.11.219.6
2664,-135,1649330010.880490000,52.192.30.216
2665,66,1649330010.880505000,10.11.219.6
2666,-234,1649330010.880514000,54.184.29.64
2667,66,1649330010.880528000,10.11.219.6
2668,-104,1649330010.880533000,54.184.29.64
2669,66,1649330010.880536000,10.11.219.6
2670,583,1649330010.884005000,10.11.219.6
2671,-66,1649330010.885437000,31.13.82.36
2672,583,1649330010.885952000,10.11.219.6
2673,74,1649330010.886155000,10.11.219.6
2674,74,1649330010.886790000,10.11.219.6
2675,-1434,1649330010.887061000,31.13.82.36
2676,66,1649330010.887069000,10.11.219.6
2677,-763,1649330010.887076000,31.13.82.36
2678,78,1649330010.887080000,10.11.219.6
2679,-1434,1649330010.887082000,31.13.82.36
2680,66,1649330010.887089000,10.11.219.6
2681,-74,1649330010.887579000,103.43.90.181
2682,66,1649330010.887590000,10.11.219.6
2683,-74,1649330010.889760000,142.250.76.130
2684,66,1649330010.889773000,10.11.219.6
2685,-74,1649330010.890805000,172.217.161.226
2686,66,1649330010.890817000,10.11.219.6
2687,583,1649330010.892817000,10.11.219.6
2688,-117,1649330010.892977000,54.150.10.110
2689,66,1649330010.892997000,10.11.219.6
2690,583,1649330010.896104000,10.11.219.6
2691,583,1649330010.899346000,10.11.219.6
2692,-66,1649330010.899453000,142.250.76.130
2693,74,1649330010.899628000,10.11.219.6
2694,-66,1649330010.902683000,172.217.161.226
2695,-105,1649330010.909136000,209.54.177.54
2696,54,1649330010.909146000,10.11.219.6
2697,-74,1649330010.911308000,103.231.99.243
2698,66,1649330010.911330000,10.11.219.6
2699,-743,1649330010.911344000,23.64.8.218
2700,66,1649330010.911347000,10.11.219.6
2701,146,1649330010.911477000,10.11.219.6
2702,-1434,1649330010.913562000,8.39.36.142
2703,66,1649330010.913583000,10.11.219.6
2704,-98,1649330010.913596000,8.39.36.142
2705,66,1649330010.913599000,10.11.219.6
2706,-1430,1649330010.913604000,8.39.36.142
2707,66,1649330010.913607000,10.11.219.6
2708,-716,1649330010.913609000,8.39.36.142
2709,66,1649330010.913611000,10.11.219.6
2710,-369,1649330010.925297000,18.178.22.21
2711,66,1649330010.925313000,10.11.219.6
2712,-369,1649330010.925325000,18.178.22.21
2713,66,1649330010.925328000,10.11.219.6
2714,-109,1649330010.925330000,18.178.22.21
2715,66,1649330010.925333000,10.11.219.6
2716,-1434,1649330010.932924000,119.9.108.180
2717,66,1649330010.932945000,10.11.219.6
2718,-308,1649330010.932959000,119.9.108.180
2719,78,1649330010.932962000,10.11.219.6
2720,-1434,1649330010.932965000,119.9.108.180
2721,66,1649330010.932968000,10.11.219.6
2722,-74,1649330010.936967000,8.39.36.142
2723,66,1649330010.936982000,10.11.219.6
2724,-2802,1649330010.941520000,142.250.76.130
2725,66,1649330010.941540000,10.11.219.6
2726,-494,1649330010.941564000,142.250.76.130
2727,78,1649330010.941575000,10.11.219.6
2728,-1434,1649330010.941592000,142.250.76.130
2729,66,1649330010.941598000,10.11.219.6
2730,-2802,1649330010.942057000,172.217.161.226
2731,66,1649330010.942061000,10.11.219.6
2732,-495,1649330010.942066000,172.217.161.226
2733,78,1649330010.942070000,10.11.219.6
2734,-1434,1649330010.942073000,172.217.161.226
2735,66,1649330010.942076000,10.11.219.6
2736,236,1649330010.947757000,10.11.219.6
2737,369,1649330010.947788000,10.11.219.6
2738,216,1649330010.952956000,10.11.219.6
2739,-66,1649330010.958368000,103.71.26.126
2740,-66,1649330010.961238000,18.138.31.125
2741,-1434,1649330010.961246000,103.71.26.126
2742,66,1649330010.961253000,10.11.219.6
2743,-615,1649330010.961267000,103.71.26.126
2744,78,1649330010.961271000,10.11.219.6
2745,-66,1649330010.961274000,18.178.22.21
2746,-1434,1649330010.961278000,103.71.26.126
2747,66,1649330010.961282000,10.11.219.6
2748,583,1649330010.961758000,10.11.219.6
2749,-97,1649330010.961769000,18.178.22.21
2750,66,1649330010.961774000,10.11.219.6
2751,505,1649330010.961961000,10.11.219.6
2752,580,1649330010.962278000,10.11.219.6
2753,97,1649330010.962949000,10.11.219.6
2754,-66,1649330010.964789000,23.205.97.4
2755,-2802,1649330010.966337000,18.138.31.125
2756,66,1649330010.966343000,10.11.219.6
2757,-1386,1649330010.966352000,18.138.31.125
2758,78,1649330010.966355000,10.11.219.6
2759,-1434,1649330010.966358000,18.138.31.125
2760,66,1649330010.966361000,10.11.219.6
2761,192,1649330010.966664000,10.11.219.6
2762,-551,1649330010.968088000,18.178.22.21
2763,66,1649330010.968091000,10.11.219.6
2764,583,1649330010.968353000,10.11.219.6
2765,-74,1649330010.972277000,34.226.104.236
2766,66,1649330010.972300000,10.11.219.6
2767,192,1649330010.972535000,10.11.219.6
2768,186,1649330010.973202000,10.11.219.6
2769,-66,1649330010.973356000,103.231.99.243
2770,-66,1649330010.973365000,103.43.90.181
2771,243,1649330010.973999000,10.11.219.6
2772,353,1649330010.974019000,10.11.219.6
2773,-2642,1649330010.975409000,103.43.90.181
2774,66,1649330010.975417000,10.11.219.6
2775,-234,1649330010.975425000,103.43.90.181
2776,66,1649330010.975429000,10.11.219.6
2777,583,1649330010.976034000,10.11.219.6
2778,104,1649330010.976636000,10.11.219.6
2779,-4437,1649330010.977712000,103.231.99.243
2780,66,1649330010.977721000,10.11.219.6
2781,159,1649330010.979213000,10.11.219.6
2782,192,1649330010.982051000,10.11.219.6
2783,130,1649330010.983855000,10.11.219.6
2784,-66,1649330010.986791000,18.178.22.21
2785,-66,1649330010.986795000,52.194.7.34
2786,-104,1649330010.986798000,52.194.7.34
2787,66,1649330010.986805000,10.11.219.6
2788,-413,1649330010.986814000,52.194.7.34
2789,66,1649330010.986816000,10.11.219.6
2790,-354,1649330010.993320000,18.178.22.21
2791,-66,1649330010.993327000,103.231.99.243
2792,-117,1649330010.994471000,103.231.99.243
2793,66,1649330010.994486000,10.11.219.6
2794,-122,1649330010.994507000,103.231.99.243
2795,66,1649330010.994512000,10.11.219.6
2796,-66,1649330010.996642000,104.244.42.3
2797,-66,1649330011.004154000,54.145.217.35
2798,-1434,1649330011.010191000,54.145.217.35
2799,66,1649330011.010206000,10.11.219.6
2800,-166,1649330011.010221000,54.145.217.35
2801,78,1649330011.010225000,10.11.219.6
2802,-4170,1649330011.010228000,54.145.217.35
2803,66,1649330011.010232000,10.11.219.6
2804,-676,1649330011.010912000,23.205.97.4
2805,66,1649330011.010928000,10.11.219.6
2806,464,1649330011.029125000,10.11.219.6
2807,-66,1649330011.029199000,52.194.7.34
2808,-66,1649330011.031401000,23.64.9.146
2809,66,1649330011.033420000,10.11.219.6
2810,192,1649330011.034920000,10.11.219.6
2811,506,1649330011.035448000,10.11.219.6
2812,236,1649330011.035641000,10.11.219.6
2813,431,1649330011.035654000,10.11.219.6
2814,171,1649330011.035727000,10.11.219.6
2815,130,1649330011.037242000,10.11.219.6
2816,-66,1649330011.040076000,103.71.26.126
2817,-66,1649330011.040086000,142.250.76.130
2818,-674,1649330011.040089000,142.250.76.130
2819,66,1649330011.040096000,10.11.219.6
2820,-117,1649330011.041080000,103.71.26.126
2821,66,1649330011.041083000,10.11.219.6
2822,-66,1649330011.048899000,52.194.7.34
2823,-66,1649330011.048912000,104.244.42.3
2824,-66,1649330011.048915000,104.244.42.3
2825,-593,1649330011.048917000,104.244.42.3
2826,66,1649330011.048924000,10.11.219.6
2827,-324,1649330011.048936000,18.138.31.125
2828,66,1649330011.048939000,10.11.219.6
2829,-135,1649330011.048941000,18.138.31.125
2830,66,1649330011.048943000,10.11.219.6
2831,-219,1649330011.049761000,52.194.7.34
2832,66,1649330011.049766000,10.11.219.6
2833,-66,1649330011.059475000,103.43.90.181
2834,-340,1649330011.059486000,103.43.90.181
2835,66,1649330011.059493000,10.11.219.6
2836,-141,1649330011.068028000,8.39.36.142
2837,66,1649330011.068049000,10.11.219.6
2838,236,1649330011.087857000,10.11.219.6
2839,357,1649330011.087881000,10.11.219.6
2840,97,1649330011.088772000,10.11.219.6
2841,295,1649330011.089313000,10.11.219.6
2842,408,1649330011.089503000,10.11.219.6
2843,289,1649330011.089851000,10.11.219.6
2844,401,1649330011.090147000,10.11.219.6
2845,289,1649330011.090358000,10.11.219.6
2846,402,1649330011.090466000,10.11.219.6
2847,291,1649330011.090701000,10.11.219.6
2848,403,1649330011.091050000,10.11.219.6
2849,97,1649330011.091768000,10.11.219.6
2850,-1434,1649330011.091824000,8.39.36.142
2851,66,1649330011.091835000,10.11.219.6
2852,-98,1649330011.091840000,8.39.36.142
2853,66,1649330011.091843000,10.11.219.6
2854,-1430,1649330011.091846000,8.39.36.142
2855,66,1649330011.091849000,10.11.219.6
2856,-716,1649330011.091851000,8.39.36.142
2857,66,1649330011.091854000,10.11.219.6
2858,-66,1649330011.091868000,142.250.76.130
2859,293,1649330011.092066000,10.11.219.6
2860,406,1649330011.092277000,10.11.219.6
2861,285,1649330011.092423000,10.11.219.6
2862,-66,1649330011.092689000,18.65.110.227
2863,-97,1649330011.092698000,142.250.76.130
2864,66,1649330011.092706000,10.11.219.6
2865,-66,1649330011.092712000,18.65.110.227
2866,398,1649330011.093039000,10.11.219.6
2867,-66,1649330011.093556000,18.65.110.227
2868,-66,1649330011.093561000,18.65.110.227
2869,-66,1649330011.094584000,18.65.110.227
2870,216,1649330011.095550000,10.11.219.6
2871,-66,1649330011.095726000,18.65.110.227
2872,289,1649330011.095905000,10.11.219.6
2873,402,1649330011.096080000,10.11.219.6
2874,-66,1649330011.098891000,18.65.110.227
2875,573,1649330011.099229000,10.11.219.6
2876,-66,1649330011.100167000,142.250.76.130
2877,545,1649330011.100739000,10.11.219.6
2878,-66,1649330011.101272000,104.244.42.3
2879,-66,1649330011.104486000,23.205.97.4
2880,-787,1649330011.104490000,23.64.9.146
2881,66,1649330011.104494000,10.11.219.6
2882,74,1649330011.107417000,10.11.219.6
2883,-924,1649330011.110815000,52.198.51.78
2884,66,1649330011.110833000,10.11.219.6
2885,-718,1649330011.133268000,142.250.76.130
2886,66,1649330011.133275000,10.11.219.6
2887,-428,1649330011.134278000,142.250.76.130
2888,66,1649330011.134282000,10.11.219.6
2889,-105,1649330011.134286000,142.250.76.130
2890,66,1649330011.134288000,10.11.219.6
2891,-639,1649330011.142876000,209.54.177.54
2892,54,1649330011.142897000,10.11.219.6
2893,-442,1649330011.147136000,104.244.42.3
2894,66,1649330011.147150000,10.11.219.6
2895,-1120,1649330011.148281000,23.205.97.4
2896,66,1649330011.148295000,10.11.219.6
2897,-66,1649330011.152404000,34.226.104.236
2898,-3622,1649330011.153778000,34.226.104.236
2899,66,1649330011.153786000,10.11.219.6
2900,130,1649330011.183740000,10.11.219.6
2901,-646,1649330011.187771000,34.98.64.218
2902,66,1649330011.187792000,10.11.219.6
2903,192,1649330011.188666000,10.11.219.6
2904,243,1649330011.188932000,10.11.219.6
2905,470,1649330011.188945000,10.11.219.6
2906,562,1649330011.190700000,10.11.219.6
2907,130,1649330011.191202000,10.11.219.6
2908,105,1649330011.191879000,10.11.219.6
2909,104,1649330011.191927000,10.11.219.6
2910,236,1649330011.194805000,10.11.219.6
2911,412,1649330011.194842000,10.11.219.6
2912,236,1649330011.194924000,10.11.219.6
2913,401,1649330011.194941000,10.11.219.6
2914,-646,1649330011.195409000,35.227.202.26
2915,66,1649330011.195432000,10.11.219.6
2916,-668,1649330011.197700000,18.65.110.227
2917,66,1649330011.197709000,10.11.219.6
2918,-97,1649330011.197716000,18.65.110.227
2919,66,1649330011.197719000,10.11.219.6
2920,-670,1649330011.197722000,18.65.110.227
2921,66,1649330011.197724000,10.11.219.6
2922,-97,1649330011.197726000,18.65.110.227
2923,66,1649330011.197729000,10.11.219.6
2924,-97,1649330011.197732000,34.98.64.218
2925,66,1649330011.197736000,10.11.219.6
2926,-667,1649330011.197738000,18.65.110.227
2927,66,1649330011.197740000,10.11.219.6
2928,-97,1649330011.197742000,18.65.110.227
2929,66,1649330011.197743000,10.11.219.6
2930,-66,1649330011.197745000,35.227.202.26
2931,-97,1649330011.198568000,35.227.202.26
2932,66,1649330011.198572000,10.11.219.6
2933,-66,1649330011.198576000,142.250.76.130
2934,-668,1649330011.199941000,18.65.110.227
2935,66,1649330011.199945000,10.11.219.6
2936,-97,1649330011.199949000,18.65.110.227
2937,66,1649330011.199951000,10.11.219.6
2938,-66,1649330011.199953000,103.231.99.80
2939,-104,1649330011.202171000,103.231.99.80
2940,66,1649330011.202175000,10.11.219.6
2941,-668,1649330011.202179000,18.65.110.227
2942,66,1649330011.202182000,10.11.219.6
2943,-97,1649330011.202184000,18.65.110.227
2944,66,1649330011.202185000,10.11.219.6
2945,-668,1649330011.202187000,18.65.110.227
2946,66,1649330011.202188000,10.11.219.6
2947,-603,1649330011.202190000,103.231.99.80
2948,66,1649330011.202192000,10.11.219.6
2949,-104,1649330011.202194000,103.231.99.80
2950,66,1649330011.202196000,10.11.219.6
2951,-97,1649330011.202198000,18.65.110.227
2952,66,1649330011.202200000,10.11.219.6
2953,-66,1649330011.204581000,34.98.64.218
2954,-66,1649330011.204584000,103.231.99.80
2955,-669,1649330011.204586000,18.65.110.227
2956,66,1649330011.204588000,10.11.219.6
2957,-97,1649330011.204592000,18.65.110.227
2958,66,1649330011.204594000,10.11.219.6
2959,-117,1649330011.204596000,54.145.217.35
2960,66,1649330011.204598000,10.11.219.6
2961,-135,1649330011.204600000,54.145.217.35
2962,66,1649330011.204602000,10.11.219.6
2963,-639,1649330011.212102000,209.54.177.54
2964,54,1649330011.212112000,10.11.219.6
2965,-141,1649330011.216520000,8.39.36.142
2966,66,1649330011.216539000,10.11.219.6
2967,-66,1649330011.217832000,54.184.29.64
2968,-66,1649330011.217845000,54.184.29.64
2969,-235,1649330011.218890000,54.184.29.64
2970,66,1649330011.218900000,10.11.219.6
2971,-104,1649330011.218910000,54.184.29.64
2972,66,1649330011.218913000,10.11.219.6
2973,-66,1649330011.219971000,54.184.29.64
2974,-235,1649330011.219975000,54.184.29.64
2975,66,1649330011.219978000,10.11.219.6
2976,-104,1649330011.219982000,54.184.29.64
2977,66,1649330011.219983000,10.11.219.6
2978,-235,1649330011.219985000,54.184.29.64
2979,66,1649330011.219986000,10.11.219.6
2980,-104,1649330011.219988000,54.184.29.64
2981,66,1649330011.219989000,10.11.219.6
2982,-235,1649330011.221021000,54.184.29.64
2983,66,1649330011.221027000,10.11.219.6
2984,-104,1649330011.221033000,54.184.29.64
2985,66,1649330011.221036000,10.11.219.6
2986,-235,1649330011.222137000,54.184.29.64
2987,66,1649330011.222152000,10.11.219.6
2988,-104,1649330011.222169000,54.184.29.64
2989,66,1649330011.222173000,10.11.219.6
2990,174,1649330011.235451000,10.11.219.6
2991,595,1649330011.235549000,10.11.219.6
2992,-66,1649330011.238162000,142.250.76.130
2993,549,1649330011.238340000,10.11.219.6
2994,97,1649330011.238721000,10.11.219.6
2995,97,1649330011.238754000,10.11.219.6
2996,531,1649330011.241359000,10.11.219.6
2997,-472,1649330011.241446000,34.98.64.218
2998,66,1649330011.241459000,10.11.219.6
2999,-66,1649330011.241469000,23.205.97.4
3000,-655,1649330011.241480000,35.227.202.26
3001,66,1649330011.241488000,10.11.219.6
3002,-66,1649330011.241495000,34.98.64.218
3003,-66,1649330011.246814000,35.227.202.26
3004,105,1649330011.247165000,10.11.219.6
3005,105,1649330011.247201000,10.11.219.6
3006,-66,1649330011.251631000,34.98.64.218
3007,-66,1649330011.251640000,35.227.202.26
3008,-705,1649330011.251644000,52.198.51.78
3009,66,1649330011.251653000,10.11.219.6
3010,-66,1649330011.255612000,35.213.12.39
3011,-923,1649330011.259699000,35.213.12.39
3012,66,1649330011.259717000,10.11.219.6
3013,130,1649330011.259998000,10.11.219.6
3014,243,1649330011.260857000,10.11.219.6
3015,343,1649330011.260882000,10.11.219.6
3016,236,1649330011.263126000,10.11.219.6
3017,474,1649330011.263160000,10.11.219.6
3018,531,1649330011.263817000,10.11.219.6
3019,-66,1649330011.265124000,54.184.29.64
3020,535,1649330011.265321000,10.11.219.6
3021,229,1649330011.267099000,10.11.219.6
3022,537,1649330011.268182000,10.11.219.6
3023,-66,1649330011.269313000,34.98.64.218
3024,74,1649330011.270284000,10.11.219.6
3025,-66,1649330011.270880000,31.13.82.36
3026,130,1649330011.271213000,10.11.219.6
3027,-237,1649330011.271462000,31.13.82.36
3028,66,1649330011.271470000,10.11.219.6
3029,-146,1649330011.271478000,31.13.82.36
3030,66,1649330011.271482000,10.11.219.6
3031,97,1649330011.271760000,10.11.219.6
3032,130,1649330011.272076000,10.11.219.6
3033,253,1649330011.272405000,10.11.219.6
3034,172,1649330011.273033000,10.11.219.6
3035,236,1649330011.273363000,10.11.219.6
3036,389,1649330011.273388000,10.11.219.6
3037,-66,1649330011.277043000,54.150.10.110
3038,-119,1649330011.277052000,54.150.10.110
3039,66,1649330011.277059000,10.11.219.6
3040,-936,1649330011.277073000,54.150.10.110
3041,66,1649330011.277084000,10.11.219.6
3042,-66,1649330011.277088000,142.250.76.130
3043,-66,1649330011.277092000,31.13.82.36
3044,-66,1649330011.277095000,31.13.82.36
3045,-674,1649330011.277115000,142.250.76.130
3046,66,1649330011.277118000,10.11.219.6
3047,-110,1649330011.277122000,31.13.82.36
3048,66,1649330011.277124000,10.11.219.6
3049,-674,1649330011.277127000,172.217.161.226
3050,66,1649330011.277131000,10.11.219.6
3051,-97,1649330011.277134000,142.250.76.130
3052,66,1649330011.277138000,10.11.219.6
3053,-66,1649330011.277140000,142.250.76.130
3054,104,1649330011.277147000,10.11.219.6
3055,-66,1649330011.278146000,172.217.161.226
3056,-97,1649330011.278158000,172.217.161.226
3057,66,1649330011.278166000,10.11.219.6
3058,97,1649330011.278716000,10.11.219.6
3059,90,1649330011.278766000,10.11.219.6
3060,66,1649330011.278780000,10.11.219.6
3061,165,1649330011.279899000,10.11.219.6
3062,-190,1649330011.281499000,142.250.76.130
3063,66,1649330011.281503000,10.11.219.6
3064,-366,1649330011.281509000,142.250.76.130
3065,66,1649330011.281513000,10.11.219.6
3066,-97,1649330011.281516000,142.250.76.130
3067,66,1649330011.281518000,10.11.219.6
3068,-105,1649330011.281520000,142.250.76.130
3069,66,1649330011.281523000,10.11.219.6
3070,130,1649330011.282421000,10.11.219.6
3071,-66,1649330011.282456000,142.250.76.130
3072,-66,1649330011.282478000,142.250.76.130
3073,66,1649330011.282492000,10.11.219.6
3074,-330,1649330011.282502000,35.213.12.39
3075,66,1649330011.282510000,10.11.219.6
3076,105,1649330011.283049000,10.11.219.6
3077,-66,1649330011.286940000,209.54.177.54
3078,54,1649330011.286945000,10.11.219.6
3079,-771,1649330011.286954000,23.205.97.4
3080,66,1649330011.286957000,10.11.219.6
3081,-66,1649330011.287961000,172.217.161.226
3082,-66,1649330011.290116000,142.250.76.130
3083,-66,1649330011.292212000,54.150.10.110
3084,-419,1649330011.293315000,54.150.10.110
3085,66,1649330011.293320000,10.11.219.6
3086,-355,1649330011.313525000,34.98.64.218
3087,66,1649330011.313539000,10.11.219.6
3088,539,1649330011.316879000,10.11.219.6
3089,105,1649330011.317356000,10.11.219.6
3090,550,1649330011.317517000,10.11.219.6
3091,571,1649330011.319933000,10.11.219.6
3092,74,1649330011.320378000,10.11.219.6
3093,-315,1649330011.322868000,142.250.76.130
3094,-396,1649330011.322879000,142.250.76.130
3095,-97,1649330011.322882000,142.250.76.130
3096,-105,1649330011.322883000,142.250.76.130
3097,-66,1649330011.322885000,34.98.64.218
3098,-755,1649330011.322892000,172.217.161.226
3099,66,1649330011.322902000,10.11.219.6
3100,-139,1649330011.322917000,172.217.161.226
3101,66,1649330011.322922000,10.11.219.6
3102,-66,1649330011.322926000,31.13.82.36
3103,243,1649330011.323734000,10.11.219.6
3104,407,1649330011.323760000,10.11.219.6
3105,-97,1649330011.324317000,172.217.161.226
3106,66,1649330011.324328000,10.11.219.6
3107,-105,1649330011.324339000,172.217.161.226
3108,66,1649330011.324358000,10.11.219.6
3109,66,1649330011.324602000,10.11.219.6
3110,105,1649330011.325598000,10.11.219.6
3111,104,1649330011.325689000,10.11.219.6
3112,105,1649330011.326524000,10.11.219.6
3113,-66,1649330011.332755000,142.250.76.130
3114,-66,1649330011.333840000,172.217.161.226
3115,-66,1649330011.336245000,103.231.99.243
3116,-66,1649330011.336261000,103.231.99.243
3117,-104,1649330011.336265000,103.231.99.243
3118,66,1649330011.336277000,10.11.219.6
3119,-407,1649330011.336296000,103.231.99.243
3120,66,1649330011.336302000,10.11.219.6
3121,-66,1649330011.337019000,103.231.99.243
3122,-145,1649330011.341316000,119.9.108.180
3123,66,1649330011.341335000,10.11.219.6
3124,-145,1649330011.341352000,119.9.108.180
3125,66,1649330011.341357000,10.11.219.6
3126,-481,1649330011.345606000,54.184.29.64
3127,66,1649330011.345625000,10.11.219.6
3128,-324,1649330011.366137000,34.226.104.236
3129,66,1649330011.366156000,10.11.219.6
3130,-135,1649330011.366170000,34.226.104.236
3131,66,1649330011.366172000,10.11.219.6
3132,501,1649330011.367656000,10.11.219.6
3133,179,1649330011.368436000,10.11.219.6
3134,-639,1649330011.369127000,209.54.177.54
3135,54,1649330011.369141000,10.11.219.6
3136,74,1649330011.369678000,10.11.219.6
3137,74,1649330011.369748000,10.11.219.6
3138,551,1649330011.370038000,10.11.219.6
3139,487,1649330011.370833000,10.11.219.6
3140,-66,1649330011.371371000,142.250.76.130
3141,-74,1649330011.373344000,142.250.206.228
3142,66,1649330011.373373000,10.11.219.6
3143,583,1649330011.375226000,10.11.219.6
3144,-66,1649330011.378723000,142.250.206.228
3145,-710,1649330011.380042000,119.9.108.180
3146,66,1649330011.380058000,10.11.219.6
3147,-903,1649330011.380871000,8.39.36.142
3148,66,1649330011.380887000,10.11.219.6
3149,-66,1649330011.390478000,103.71.26.126
3150,-766,1649330011.392920000,103.71.26.126
3151,66,1649330011.392938000,10.11.219.6
3152,-190,1649330011.414312000,142.250.76.130
3153,-367,1649330011.414321000,142.250.76.130
3154,-136,1649330011.414322000,142.250.76.130
3155,243,1649330011.414836000,10.11.219.6
3156,349,1649330011.414852000,10.11.219.6
3157,66,1649330011.415465000,10.11.219.6
3158,105,1649330011.415646000,10.11.219.6
3159,104,1649330011.415678000,10.11.219.6
3160,-248,1649330011.421412000,142.250.206.228
3161,78,1649330011.421432000,10.11.219.6
3162,-66,1649330011.421458000,142.250.76.130
3163,-4170,1649330011.421478000,142.250.206.228
3164,66,1649330011.421486000,10.11.219.6
3165,-66,1649330011.425583000,52.192.30.216
3166,-104,1649330011.425588000,52.192.30.216
3167,66,1649330011.425590000,10.11.219.6
3168,221,1649330011.427255000,10.11.219.6
3169,540,1649330011.427347000,10.11.219.6
3170,-698,1649330011.428593000,52.192.30.216
3171,66,1649330011.428613000,10.11.219.6
3172,243,1649330011.432507000,10.11.219.6
3173,401,1649330011.432537000,10.11.219.6
3174,243,1649330011.432626000,10.11.219.6
3175,339,1649330011.432641000,10.11.219.6
3176,104,1649330011.435559000,10.11.219.6
3177,104,1649330011.435605000,10.11.219.6
3178,612,1649330011.436144000,10.11.219.6
3179,-2772,1649330011.437814000,31.13.82.36
3180,66,1649330011.437825000,10.11.219.6
3181,525,1649330011.438305000,10.11.219.6
3182,-66,1649330011.439188000,103.231.99.243
3183,-136,1649330011.439196000,103.231.99.243
3184,66,1649330011.439202000,10.11.219.6
3185,-639,1649330011.441350000,209.54.177.54
3186,54,1649330011.441376000,10.11.219.6
3187,543,1649330011.441686000,10.11.219.6
3188,105,1649330011.446865000,10.11.219.6
3189,105,1649330011.446962000,10.11.219.6
3190,105,1649330011.447012000,10.11.219.6
3191,112,1649330011.447041000,10.11.219.6
3192,112,1649330011.447055000,10.11.219.6
3193,112,1649330011.447085000,10.11.219.6
3194,112,1649330011.447099000,10.11.219.6
3195,112,1649330011.447123000,10.11.219.6
3196,105,1649330011.447202000,10.11.219.6
3197,112,1649330011.447226000,10.11.219.6
3198,105,1649330011.447248000,10.11.219.6
3199,112,1649330011.447270000,10.11.219.6
3200,112,1649330011.447283000,10.11.219.6
3201,105,1649330011.447313000,10.11.219.6
3202,105,1649330011.447327000,10.11.219.6
3203,105,1649330011.447382000,10.11.219.6
3204,105,1649330011.447405000,10.11.219.6
3205,105,1649330011.447419000,10.11.219.6
3206,105,1649330011.447456000,10.11.219.6
3207,112,1649330011.447470000,10.11.219.6
3208,105,1649330011.447494000,10.11.219.6
3209,105,1649330011.447521000,10.11.219.6
3210,97,1649330011.447642000,10.11.219.6
3211,66,1649330011.447650000,10.11.219.6
3212,97,1649330011.447719000,10.11.219.6
3213,66,1649330011.447726000,10.11.219.6
3214,119,1649330011.447818000,10.11.219.6
3215,66,1649330011.447833000,10.11.219.6
3216,97,1649330011.447947000,10.11.219.6
3217,66,1649330011.447958000,10.11.219.6
3218,90,1649330011.448034000,10.11.219.6
3219,66,1649330011.448042000,10.11.219.6
3220,-66,1649330011.448103000,103.43.90.181
3221,97,1649330011.448152000,10.11.219.6
3222,66,1649330011.448160000,10.11.219.6
3223,97,1649330011.448337000,10.11.219.6
3224,66,1649330011.448344000,10.11.219.6
3225,90,1649330011.448414000,10.11.219.6
3226,66,1649330011.448421000,10.11.219.6
3227,-1044,1649330011.449171000,103.43.90.181
3228,66,1649330011.449189000,10.11.219.6
3229,-66,1649330011.449202000,209.54.177.54
3230,54,1649330011.449220000,10.11.219.6
3231,107,1649330011.449265000,10.11.219.6
3232,54,1649330011.449278000,10.11.219.6
3233,85,1649330011.449443000,10.11.219.6
3234,54,1649330011.449456000,10.11.219.6
3235,85,1649330011.449607000,10.11.219.6
3236,54,1649330011.449619000,10.11.219.6
3237,85,1649330011.450046000,10.11.219.6
3238,54,1649330011.450063000,10.11.219.6
3239,85,1649330011.450176000,10.11.219.6
3240,54,1649330011.450191000,10.11.219.6
3241,85,1649330011.450323000,10.11.219.6
3242,54,1649330011.450337000,10.11.219.6
3243,85,1649330011.450471000,10.11.219.6
3244,54,1649330011.450484000,10.11.219.6
3245,85,1649330011.450631000,10.11.219.6
3246,54,1649330011.450646000,10.11.219.6
3247,85,1649330011.450903000,10.11.219.6
3248,54,1649330011.450935000,10.11.219.6
3249,85,1649330011.451064000,10.11.219.6
3250,54,1649330011.451078000,10.11.219.6
3251,97,1649330011.451330000,10.11.219.6
3252,66,1649330011.451342000,10.11.219.6
3253,-66,1649330011.452152000,35.227.202.26
3254,-66,1649330011.452164000,18.65.156.177
3255,-66,1649330011.452167000,18.65.148.40
3256,-66,1649330011.452170000,18.65.110.227
3257,-66,1649330011.452172000,18.65.116.85
3258,-66,1649330011.452174000,34.98.64.218
3259,-66,1649330011.452176000,142.250.76.130
3260,-66,1649330011.452179000,18.65.116.37
3261,-66,1649330011.452186000,172.217.161.226
3262,-66,1649330011.452188000,23.205.97.4
3263,-97,1649330011.452192000,23.205.97.4
3264,54,1649330011.452208000,10.11.219.6
3265,-66,1649330011.452224000,23.205.97.4
3266,-66,1649330011.452228000,23.205.97.4
3267,54,1649330011.452234000,10.11.219.6
3268,-66,1649330011.452238000,23.64.8.218
3269,-66,1649330011.452244000,23.64.9.146
3270,-90,1649330011.452246000,23.64.8.218
3271,54,1649330011.452251000,10.11.219.6
3272,-66,1649330011.452291000,23.64.8.218
3273,54,1649330011.452295000,10.11.219.6
3274,-97,1649330011.452298000,23.205.97.4
3275,54,1649330011.452303000,10.11.219.6
3276,-66,1649330011.452307000,23.205.97.4
3277,54,1649330011.452310000,10.11.219.6
3278,90,1649330011.452778000,10.11.219.6
3279,66,1649330011.452796000,10.11.219.6
3280,97,1649330011.453013000,10.11.219.6
3281,66,1649330011.453025000,10.11.219.6
3282,90,1649330011.453336000,10.11.219.6
3283,66,1649330011.453349000,10.11.219.6
3284,90,1649330011.453502000,10.11.219.6
3285,66,1649330011.453531000,10.11.219.6
3286,97,1649330011.453634000,10.11.219.6
3287,66,1649330011.453646000,10.11.219.6
3288,90,1649330011.453745000,10.11.219.6
3289,66,1649330011.453757000,10.11.219.6
3290,90,1649330011.454139000,10.11.219.6
3291,66,1649330011.454153000,10.11.219.6
3292,97,1649330011.454343000,10.11.219.6
3293,66,1649330011.454358000,10.11.219.6
3294,-97,1649330011.454413000,23.64.9.146
3295,54,1649330011.454436000,10.11.219.6
3296,-66,1649330011.454447000,23.64.9.146
3297,54,1649330011.454452000,10.11.219.6
3298,-66,1649330011.454486000,18.65.116.79
3299,-66,1649330011.454502000,18.65.116.79
3300,66,1649330011.454506000,10.11.219.6
3301,90,1649330011.454678000,10.11.219.6
3302,66,1649330011.454694000,10.11.219.6
3303,97,1649330011.454917000,10.11.219.6
3304,66,1649330011.454933000,10.11.219.6
3305,90,1649330011.455251000,10.11.219.6
3306,66,1649330011.455266000,10.11.219.6
3307,97,1649330011.455462000,10.11.219.6
3308,66,1649330011.455477000,10.11.219.6
3309,97,1649330011.455629000,10.11.219.6
3310,66,1649330011.455641000,10.11.219.6
3311,90,1649330011.455770000,10.11.219.6
3312,66,1649330011.455782000,10.11.219.6
3313,97,1649330011.455995000,10.11.219.6
3314,66,1649330011.456007000,10.11.219.6
3315,97,1649330011.456360000,10.11.219.6
3316,66,1649330011.456375000,10.11.219.6
3317,97,1649330011.456591000,10.11.219.6
3318,66,1649330011.456605000,10.11.219.6
3319,90,1649330011.456794000,10.11.219.6
3320,66,1649330011.456807000,10.11.219.6
3321,90,1649330011.457088000,10.11.219.6
3322,66,1649330011.457102000,10.11.219.6
3323,-66,1649330011.457458000,18.65.148.40
3324,-66,1649330011.457468000,18.65.148.40
3325,66,1649330011.457474000,10.11.219.6
3326,-66,1649330011.457484000,142.250.76.130
3327,66,1649330011.457488000,10.11.219.6
3328,-66,1649330011.457491000,151.101.229.16
3329,90,1649330011.457668000,10.11.219.6
3330,66,1649330011.457880000,10.11.219.6
3331,90,1649330011.458088000,10.11.219.6
3332,66,1649330011.458142000,10.11.219.6
3333,90,1649330011.458378000,10.11.219.6
3334,66,1649330011.458391000,10.11.219.6
3335,97,1649330011.458600000,10.11.219.6
3336,66,1649330011.458612000,10.11.219.6
3337,-66,1649330011.458664000,18.65.116.37
3338,-66,1649330011.458671000,172.217.161.226
3339,-66,1649330011.458673000,172.217.161.226
3340,-66,1649330011.458680000,172.217.161.226
3341,66,1649330011.458690000,10.11.219.6
3342,-66,1649330011.458694000,31.13.82.36
3343,-66,1649330011.458696000,18.65.116.37
3344,66,1649330011.458699000,10.11.219.6
3345,-66,1649330011.458702000,103.231.99.243
3346,-105,1649330011.458704000,31.13.82.36
3347,54,1649330011.458708000,10.11.219.6
3348,-112,1649330011.458720000,103.231.99.243
3349,54,1649330011.458724000,10.11.219.6
3350,-66,1649330011.458727000,103.231.99.243
3351,54,1649330011.458729000,10.11.219.6
3352,-66,1649330011.458731000,31.13.82.36
3353,54,1649330011.458732000,10.11.219.6
3354,-97,1649330011.458734000,52.198.51.78
3355,54,1649330011.458739000,10.11.219.6
3356,-66,1649330011.458742000,103.231.99.80
3357,-66,1649330011.458744000,151.101.229.16
3358,-66,1649330011.458745000,52.198.51.78
3359,54,1649330011.458747000,10.11.219.6
3360,-66,1649330011.459536000,18.65.156.177
3361,-66,1649330011.459543000,54.150.10.110
3362,66,1649330011.459550000,10.11.219.6
3363,-66,1649330011.459558000,18.65.156.177
3364,66,1649330011.459562000,10.11.219.6
3365,-66,1649330011.459569000,104.244.42.3
3366,-66,1649330011.459572000,35.227.202.26
3367,-66,1649330011.459575000,35.227.202.26
3368,66,1649330011.459578000,10.11.219.6
3369,-66,1649330011.460593000,34.98.64.218
3370,-66,1649330011.460611000,34.98.64.218
3371,66,1649330011.460618000,10.11.219.6
3372,-90,1649330011.460626000,18.178.22.21
3373,54,1649330011.460641000,10.11.219.6
3374,-66,1649330011.460650000,18.178.22.21
3375,54,1649330011.460655000,10.11.219.6
3376,-66,1649330011.461695000,35.213.12.39
3377,66,1649330011.461707000,10.11.219.6
3378,-66,1649330011.461720000,34.98.64.218
3379,-66,1649330011.461729000,18.65.116.85
3380,-66,1649330011.461733000,18.65.110.227
3381,-66,1649330011.461736000,18.65.110.227
3382,66,1649330011.461740000,10.11.219.6
3383,-66,1649330011.461746000,18.65.116.85
3384,66,1649330011.461750000,10.11.219.6
3385,571,1649330011.462466000,10.11.219.6
3386,-54,1649330011.462699000,209.54.177.54
3387,74,1649330011.462901000,10.11.219.6
3388,74,1649330011.462984000,10.11.219.6
3389,-66,1649330011.464875000,52.194.7.34
3390,-66,1649330011.464889000,52.194.7.34
3391,66,1649330011.464904000,10.11.219.6
3392,-66,1649330011.465970000,104.244.42.3
3393,-90,1649330011.465980000,104.244.42.3
3394,54,1649330011.465996000,10.11.219.6
3395,-66,1649330011.466011000,104.244.42.3
3396,54,1649330011.466018000,10.11.219.6
3397,-66,1649330011.466022000,104.244.42.3
3398,54,1649330011.466025000,10.11.219.6
3399,-66,1649330011.466028000,54.250.152.22
3400,-66,1649330011.466033000,54.250.152.22
3401,66,1649330011.466039000,10.11.219.6
3402,-74,1649330011.467024000,18.65.110.227
3403,66,1649330011.467052000,10.11.219.6
3404,-66,1649330011.467065000,52.192.30.216
3405,-66,1649330011.467072000,52.192.30.216
3406,-66,1649330011.467083000,52.192.30.216
3407,66,1649330011.467091000,10.11.219.6
3408,-66,1649330011.468125000,103.231.99.80
3409,-66,1649330011.468139000,103.231.99.80
3410,-66,1649330011.468153000,103.231.99.80
3411,66,1649330011.468167000,10.11.219.6
3412,-66,1649330011.468182000,151.101.229.16
3413,-66,1649330011.468187000,151.101.229.16
3414,-90,1649330011.468193000,151.101.229.16
3415,54,1649330011.468198000,10.11.219.6
3416,-66,1649330011.468203000,151.101.229.16
3417,54,1649330011.468207000,10.11.219.6
3418,-66,1649330011.469161000,151.101.229.16
3419,-90,1649330011.469174000,151.101.229.16
3420,54,1649330011.469193000,10.11.219.6
3421,-66,1649330011.469213000,151.101.229.16
3422,54,1649330011.469219000,10.11.219.6
3423,-66,1649330011.469223000,151.101.229.16
3424,54,1649330011.469226000,10.11.219.6
3425,-54,1649330011.471288000,54.150.10.110
3426,583,1649330011.472652000,10.11.219.6
3427,-66,1649330011.475532000,18.65.110.227
3428,-4170,1649330011.478101000,18.65.110.227
3429,66,1649330011.478128000,10.11.219.6
3430,-1217,1649330011.478146000,18.65.110.227
3431,66,1649330011.478152000,10.11.219.6
3432,-291,1649330011.490847000,119.9.108.180
3433,66,1649330011.490868000,10.11.219.6
3434,-887,1649330011.492198000,8.39.36.142
3435,66,1649330011.492220000,10.11.219.6
3436,-66,1649330011.494460000,209.54.177.54
3437,54,1649330011.494487000,10.11.219.6
3438,-54,1649330011.496663000,209.54.177.54
3439,119,1649330011.497262000,10.11.219.6
3440,66,1649330011.497283000,10.11.219.6
3441,90,1649330011.499175000,10.11.219.6
3442,66,1649330011.499208000,10.11.219.6
3443,-5494,1649330011.499242000,209.54.177.54
3444,54,1649330011.499256000,10.11.219.6
3445,-561,1649330011.501449000,209.54.177.54
3446,54,1649330011.501469000,10.11.219.6
3447,-66,1649330011.506452000,18.138.31.125
3448,-104,1649330011.506473000,18.138.31.125
3449,66,1649330011.506485000,10.11.219.6
3450,-66,1649330011.509702000,103.71.26.126
3451,-702,1649330011.509712000,103.71.26.126
3452,66,1649330011.509720000,10.11.219.6
3453,-993,1649330011.510831000,18.138.31.125
3454,66,1649330011.510852000,10.11.219.6
3455,-104,1649330011.510868000,18.138.31.125
3456,66,1649330011.510871000,10.11.219.6
3457,180,1649330011.514500000,10.11.219.6
3458,571,1649330011.519170000,10.11.219.6
3459,112,1649330011.520765000,10.11.219.6
3460,97,1649330011.521560000,10.11.219.6
3461,66,1649330011.521585000,10.11.219.6
3462,97,1649330011.521695000,10.11.219.6
3463,66,1649330011.521707000,10.11.219.6
3464,74,1649330011.524418000,10.11.219.6
3465,130,1649330011.525246000,10.11.219.6
3466,236,1649330011.526828000,10.11.219.6
3467,819,1649330011.527047000,10.11.219.6
3468,130,1649330011.527768000,10.11.219.6
3469,-66,1649330011.527948000,18.65.110.227
3470,-128,1649330011.527956000,18.65.110.227
3471,66,1649330011.527960000,10.11.219.6
3472,97,1649330011.528033000,10.11.219.6
3473,236,1649330011.528101000,10.11.219.6
3474,394,1649330011.528260000,10.11.219.6
3475,-66,1649330011.530114000,18.65.110.227
3476,-97,1649330011.530123000,18.65.110.227
3477,66,1649330011.530128000,10.11.219.6
3478,-66,1649330011.530135000,18.65.110.227
3479,-66,1649330011.531250000,142.250.206.228
3480,-674,1649330011.531256000,142.250.206.228
3481,66,1649330011.531260000,10.11.219.6
3482,-66,1649330011.531267000,18.65.110.227
3483,-97,1649330011.531269000,142.250.206.228
3484,66,1649330011.531272000,10.11.219.6
3485,97,1649330011.531780000,10.11.219.6
3486,-66,1649330011.537680000,103.43.90.181
3487,66,1649330011.537702000,10.11.219.6
3488,-66,1649330011.537723000,209.54.177.54
3489,54,1649330011.537734000,10.11.219.6
3490,-66,1649330011.539827000,142.250.206.228
3491,571,1649330011.541812000,10.11.219.6
3492,-639,1649330011.549540000,209.54.177.54
3493,54,1649330011.549563000,10.11.219.6
3494,85,1649330011.549977000,10.11.219.6
3495,54,1649330011.550000000,10.11.219.6
3496,74,1649330011.558086000,10.11.219.6
3497,-90,1649330011.558109000,119.9.108.180
3498,54,1649330011.558133000,10.11.219.6
3499,-66,1649330011.558148000,119.9.108.180
3500,54,1649330011.558155000,10.11.219.6
3501,-54,1649330011.560274000,52.119.175.30
3502,-66,1649330011.561339000,8.39.36.142
3503,74,1649330011.562191000,10.11.219.6
3504,-66,1649330011.562449000,8.39.36.142
3505,66,1649330011.562465000,10.11.219.6
3506,-54,1649330011.573229000,54.240.252.146
3507,54,1649330011.573252000,10.11.219.6
3508,-54,1649330011.573274000,52.94.210.112
3509,54,1649330011.573279000,10.11.219.6
3510,-66,1649330011.574261000,54.184.29.64
3511,243,1649330011.574990000,10.11.219.6
3512,408,1649330011.575013000,10.11.219.6
3513,104,1649330011.575577000,10.11.219.6
3514,-682,1649330011.577570000,142.250.206.228
3515,66,1649330011.577581000,10.11.219.6
3516,-139,1649330011.577592000,142.250.206.228
3517,66,1649330011.577594000,10.11.219.6
3518,-97,1649330011.578641000,142.250.206.228
3519,66,1649330011.578657000,10.11.219.6
3520,-105,1649330011.578670000,142.250.206.228
3521,66,1649330011.578672000,10.11.219.6
3522,-54,1649330011.578674000,52.119.169.237
3523,54,1649330011.578681000,10.11.219.6
3524,105,1649330011.580041000,10.11.219.6
3525,-66,1649330011.583017000,142.250.206.228
3526,-66,1649330011.583697000,54.184.29.64
3527,-66,1649330011.583720000,54.184.29.64
3528,66,1649330011.583745000,10.11.219.6
3529,-54,1649330011.583812000,52.119.175.30
3530,-54,1649330011.583828000,52.119.175.30
3531,54,1649330011.583839000,10.11.219.6
3532,-54,1649330011.585176000,52.119.175.30
3533,54,1649330011.585197000,10.11.219.6
3534,-54,1649330011.585216000,52.119.174.17
3535,54,1649330011.585222000,10.11.219.6
3536,90,1649330011.587211000,10.11.219.6
3537,66,1649330011.587247000,10.11.219.6
3538,-66,1649330011.587788000,44.240.24.191
3539,-66,1649330011.587804000,44.240.24.191
3540,-66,1649330011.587819000,44.240.24.191
3541,66,1649330011.587841000,10.11.219.6
3542,-54,1649330011.588918000,52.94.210.112
3543,54,1649330011.588941000,10.11.219.6
3544,-54,1649330011.589790000,54.240.252.146
3545,54,1649330011.589812000,10.11.219.6
3546,-66,1649330011.589831000,142.250.206.228
3547,-66,1649330011.589838000,142.250.206.228
3548,66,1649330011.589842000,10.11.219.6
3549,-54,1649330011.589848000,52.119.175.30
3550,54,1649330011.589853000,10.11.219.6
3551,-66,1649330011.594309000,103.71.26.126
3552,-66,1649330011.594321000,103.71.26.126
3553,-66,1649330011.594337000,103.71.26.126
3554,66,1649330011.594351000,10.11.219.6
3555,-66,1649330011.595377000,18.138.31.125
3556,-66,1649330011.595388000,18.138.31.125
3557,66,1649330011.595397000,10.11.219.6
3558,-66,1649330011.595409000,18.138.31.125
3559,-66,1649330011.602869000,52.119.175.30
3560,54,1649330011.602895000,10.11.219.6
3561,-66,1649330011.608189000,34.226.104.236
3562,-104,1649330011.608203000,34.226.104.236
3563,66,1649330011.608214000,10.11.219.6
3564,571,1649330011.608812000,10.11.219.6
3565,-66,1649330011.609361000,52.85.84.28
3566,-66,1649330011.609370000,52.85.84.28
3567,66,1649330011.609378000,10.11.219.6
3568,-255,1649330011.611450000,34.226.104.236
3569,66,1649330011.611470000,10.11.219.6
3570,112,1649330011.611685000,10.11.219.6
3571,97,1649330011.611843000,10.11.219.6
3572,-66,1649330011.616077000,8.39.36.142
3573,-66,1649330011.616159000,8.39.36.142
3574,66,1649330011.616211000,10.11.219.6
3575,-639,1649330011.619238000,209.54.177.54
3576,54,1649330011.619257000,10.11.219.6
3577,85,1649330011.619558000,10.11.219.6
3578,54,1649330011.619584000,10.11.219.6
3579,-54,1649330011.627794000,209.54.177.54
3580,-107,1649330011.627804000,52.94.234.174
3581,54,1649330011.627824000,10.11.219.6
3582,-54,1649330011.627847000,52.94.234.174
3583,54,1649330011.627853000,10.11.219.6
3584,-670,1649330011.634377000,18.65.110.227
3585,66,1649330011.634392000,10.11.219.6
3586,-97,1649330011.634409000,18.65.110.227
3587,66,1649330011.634413000,10.11.219.6
3588,105,1649330011.636868000,10.11.219.6
3589,90,1649330011.637125000,10.11.219.6
3590,-639,1649330011.638730000,52.119.175.30
3591,54,1649330011.638746000,10.11.219.6
3592,85,1649330011.638986000,10.11.219.6
3593,54,1649330011.639009000,10.11.219.6
3594,-66,1649330011.639859000,18.65.110.227
3595,-66,1649330011.639872000,18.65.110.227
3596,66,1649330011.639879000,10.11.219.6
3597,-54,1649330011.641943000,209.54.177.54
3598,-6001,1649330011.646509000,209.54.177.54
3599,54,1649330011.646595000,10.11.219.6
3600,180,1649330011.658272000,10.11.219.6
3601,-74,1649330011.658943000,54.184.29.64
3602,66,1649330011.658965000,10.11.219.6
3603,-54,1649330011.669651000,209.54.177.54
3604,583,1649330011.686225000,10.11.219.6
3605,-105,1649330011.690942000,209.54.177.54
3606,54,1649330011.690962000,10.11.219.6
3607,-54,1649330011.694199000,209.54.177.54
3608,-6001,1649330011.697849000,209.54.177.54
3609,54,1649330011.697907000,10.11.219.6
3610,-66,1649330011.697962000,52.94.210.112
3611,54,1649330011.698014000,10.11.219.6
3612,-66,1649330011.702130000,52.94.210.112
3613,54,1649330011.702157000,10.11.219.6
3614,-54,1649330011.705379000,209.54.177.54
3615,180,1649330011.706566000,10.11.219.6
3616,524,1649330011.706644000,10.11.219.6
3617,-54,1649330011.709901000,209.54.177.54
3618,571,1649330011.710574000,10.11.219.6
3619,-6001,1649330011.714485000,209.54.177.54
3620,54,1649330011.714503000,10.11.219.6
3621,571,1649330011.715053000,10.11.219.6
3622,180,1649330011.720024000,10.11.219.6
3623,74,1649330011.720160000,10.11.219.6
3624,-54,1649330011.721469000,209.54.177.54
3625,-54,1649330011.721495000,209.54.177.54
3626,54,1649330011.721514000,10.11.219.6
3627,66,1649330011.728765000,10.11.219.6
3628,74,1649330011.731532000,10.11.219.6
3629,-54,1649330011.741752000,52.119.175.30
3630,-66,1649330011.743918000,54.145.217.35
3631,-104,1649330011.743931000,54.145.217.35
3632,66,1649330011.743940000,10.11.219.6
3633,-492,1649330011.745038000,54.145.217.35
3634,66,1649330011.745059000,10.11.219.6
3635,112,1649330011.745569000,10.11.219.6
3636,97,1649330011.745806000,10.11.219.6
3637,66,1649330011.746942000,10.11.219.6
3638,85,1649330011.747549000,10.11.219.6
3639,54,1649330011.747575000,10.11.219.6
3640,54,1649330011.747959000,10.11.219.6
3641,54,1649330011.748078000,10.11.219.6
3642,-54,1649330011.748202000,52.119.175.30
3643,54,1649330011.748458000,10.11.219.6
3644,54,1649330011.748632000,10.11.219.6
3645,-66,1649330011.749394000,35.186.254.217
3646,66,1649330011.749425000,10.11.219.6
3647,-5950,1649330011.751772000,52.119.175.30
3648,54,1649330011.751808000,10.11.219.6
3649,74,1649330011.753480000,10.11.219.6
3650,74,1649330011.753870000,10.11.219.6
3651,74,1649330011.759109000,10.11.219.6
3652,-54,1649330011.761163000,52.119.175.30
3653,-54,1649330011.761206000,52.119.175.30
3654,54,1649330011.761245000,10.11.219.6
3655,-66,1649330011.788144000,34.226.104.236
3656,-66,1649330011.788172000,34.226.104.236
3657,66,1649330011.788192000,10.11.219.6
3658,54,1649330011.792087000,10.11.219.6
3659,54,1649330011.792150000,10.11.219.6
3660,-54,1649330011.792614000,209.54.177.54
3661,54,1649330011.792629000,10.11.219.6
3662,-54,1649330011.792637000,209.54.177.54
3663,-74,1649330011.799443000,103.43.90.181
3664,54,1649330011.799465000,10.11.219.6
3665,-66,1649330011.820143000,54.184.29.64
3666,-5511,1649330011.828515000,54.184.29.64
3667,54,1649330011.828535000,10.11.219.6
3668,-54,1649330011.837893000,52.94.210.112
3669,-105,1649330011.837900000,209.54.177.54
3670,54,1649330011.837915000,10.11.219.6
3671,-54,1649330011.842208000,52.94.210.112
3672,-54,1649330011.849685000,52.94.210.112
3673,-6079,1649330011.855317000,52.94.210.112
3674,54,1649330011.855332000,10.11.219.6
3675,-54,1649330011.855350000,52.94.210.112
3676,-2774,1649330011.857493000,52.94.210.112
3677,54,1649330011.857511000,10.11.219.6
3678,-3359,1649330011.857537000,52.94.210.112
3679,54,1649330011.857544000,10.11.219.6
3680,-74,1649330011.865813000,54.184.29.64
3681,54,1649330011.865827000,10.11.219.6
3682,-105,1649330011.882233000,209.54.177.54
3683,54,1649330011.882254000,10.11.219.6
3684,-105,1649330011.888693000,209.54.177.54
3685,54,1649330011.888707000,10.11.219.6
3686,-639,1649330011.892238000,209.54.177.54
3687,54,1649330011.892254000,10.11.219.6
3688,-66,1649330011.894084000,52.94.210.112
3689,54,1649330011.894089000,10.11.219.6
3690,-66,1649330011.915473000,54.145.217.35
3691,-66,1649330011.915495000,54.145.217.35
3692,66,1649330011.915510000,10.11.219.6
3693,-66,1649330011.925102000,209.54.177.54
3694,54,1649330011.925114000,10.11.219.6
3695,-66,1649330011.928254000,209.54.177.54
3696,54,1649330011.928261000,10.11.219.6
