0.07777126150303193
