0.1499425998214532
