index,size,time,ip
0,-4170,1649322648.679263000,13.224.141.96
1,66,1649322648.679274000,10.11.219.6
2,-1434,1649322648.679295000,13.224.141.96
3,-9642,1649322648.679451000,13.224.141.96
4,-6906,1649322648.679461000,13.224.141.96
5,-74,1649322648.679488000,18.65.110.227
6,66,1649322648.679498000,10.11.219.6
7,66,1649322648.679511000,10.11.219.6
8,-2802,1649322648.679521000,13.224.141.96
9,66,1649322648.679560000,10.11.219.6
10,-2802,1649322648.681606000,13.224.141.96
11,66,1649322648.681622000,10.11.219.6
12,-1434,1649322648.681850000,13.224.141.96
13,-8274,1649322648.681859000,13.224.141.96
14,-9642,1649322648.681864000,13.224.141.96
15,-4170,1649322648.681884000,13.224.141.96
16,583,1649322648.683927000,10.11.219.6
17,-2802,1649322648.684041000,13.224.141.96
18,-2802,1649322648.684270000,13.224.141.96
19,66,1649322648.684274000,10.11.219.6
20,-74,1649322648.684275000,18.65.116.118
21,66,1649322648.684305000,10.11.219.6
22,-9642,1649322648.684322000,13.224.141.96
23,66,1649322648.684348000,10.11.219.6
24,-9642,1649322648.684369000,13.224.141.96
25,66,1649322648.684377000,10.11.219.6
26,284,1649322648.684571000,10.11.219.6
27,-4170,1649322648.686917000,13.224.141.96
28,66,1649322648.686955000,10.11.219.6
29,-9642,1649322648.687152000,13.224.141.96
30,-9642,1649322648.687170000,13.224.141.96
31,-2802,1649322648.687198000,13.224.141.96
32,66,1649322648.687225000,10.11.219.6
33,-5538,1649322648.689473000,13.224.141.96
34,66,1649322648.689481000,10.11.219.6
35,-1434,1649322648.689622000,13.224.141.96
36,66,1649322648.689626000,10.11.219.6
37,-9642,1649322648.689635000,13.224.141.96
38,66,1649322648.689661000,10.11.219.6
39,-8274,1649322648.689666000,13.224.141.96
40,66,1649322648.689704000,10.11.219.6
41,-1434,1649322648.692118000,13.224.141.96
42,-4170,1649322648.692129000,13.224.141.96
43,66,1649322648.692138000,10.11.219.6
44,-5538,1649322648.692330000,13.224.141.96
45,66,1649322648.692335000,10.11.219.6
46,-6906,1649322648.692344000,13.224.141.96
47,66,1649322648.692365000,10.11.219.6
48,-8274,1649322648.692369000,13.224.141.96
49,66,1649322648.692420000,10.11.219.6
50,-1434,1649322648.695177000,13.224.141.96
51,-6906,1649322648.695186000,13.224.141.96
52,66,1649322648.695192000,10.11.219.6
53,-2802,1649322648.695388000,13.224.141.96
54,66,1649322648.695392000,10.11.219.6
55,-9642,1649322648.695400000,13.224.141.96
56,-5538,1649322648.695419000,13.224.141.96
57,66,1649322648.695421000,10.11.219.6
58,66,1649322648.695466000,10.11.219.6
59,-4170,1649322648.697772000,13.224.141.96
60,66,1649322648.697781000,10.11.219.6
61,-4170,1649322648.697797000,13.224.141.96
62,66,1649322648.697855000,10.11.219.6
63,-5538,1649322648.697955000,13.224.141.96
64,-9642,1649322648.697965000,13.224.141.96
65,66,1649322648.697974000,10.11.219.6
66,-1434,1649322648.697979000,13.224.141.96
67,66,1649322648.698005000,10.11.219.6
68,-5538,1649322648.700260000,13.224.141.96
69,66,1649322648.700283000,10.11.219.6
70,-2802,1649322648.700323000,13.224.141.96
71,66,1649322648.700410000,10.11.219.6
72,-6906,1649322648.700435000,13.224.141.96
73,-66,1649322648.700441000,18.65.110.227
74,66,1649322648.700450000,10.11.219.6
75,-9642,1649322648.700457000,13.224.141.96
76,-66,1649322648.700471000,18.65.116.118
77,66,1649322648.700566000,10.11.219.6
78,-4170,1649322648.703171000,18.65.110.227
79,66,1649322648.703208000,10.11.219.6
80,-1434,1649322648.703234000,18.65.116.118
81,66,1649322648.703242000,10.11.219.6
82,-1434,1649322648.703311000,18.65.116.118
83,66,1649322648.703322000,10.11.219.6
84,-9642,1649322648.703335000,13.224.141.96
85,66,1649322648.703341000,10.11.219.6
86,-8274,1649322648.703399000,13.224.141.96
87,66,1649322648.704085000,10.11.219.6
88,-1434,1649322648.704967000,13.224.141.96
89,-1242,1649322648.704982000,18.65.116.118
90,66,1649322648.704994000,10.11.219.6
91,-1217,1649322648.705013000,18.65.110.227
92,66,1649322648.705020000,10.11.219.6
93,-5538,1649322648.705030000,13.224.141.96
94,66,1649322648.705040000,10.11.219.6
95,-4170,1649322648.705505000,13.224.141.96
96,-12378,1649322648.705531000,13.224.141.96
97,159,1649322648.706649000,10.11.219.6
98,66,1649322648.706828000,10.11.219.6
99,-4170,1649322648.707429000,13.224.141.96
100,66,1649322648.707446000,10.11.219.6
101,-6906,1649322648.707464000,13.224.141.96
102,-5538,1649322648.707830000,13.224.141.96
103,-8274,1649322648.707837000,13.224.141.96
104,66,1649322648.708523000,10.11.219.6
105,-2802,1649322648.709773000,13.224.141.96
106,66,1649322648.709783000,10.11.219.6
107,-1434,1649322648.710414000,13.224.141.96
108,-12378,1649322648.710420000,13.224.141.96
109,-6906,1649322648.710446000,13.224.141.96
110,-2802,1649322648.710448000,13.224.141.96
111,66,1649322648.710637000,10.11.219.6
112,130,1649322648.711491000,10.11.219.6
113,-4170,1649322648.712342000,13.224.141.96
114,66,1649322648.712355000,10.11.219.6
115,-4170,1649322648.712367000,13.224.141.96
116,-5538,1649322648.712883000,13.224.141.96
117,-4170,1649322648.712887000,13.224.141.96
118,-8274,1649322648.712889000,13.224.141.96
119,-1434,1649322648.715169000,13.224.141.96
120,-2802,1649322648.715171000,13.224.141.96
121,-6906,1649322648.715392000,13.224.141.96
122,-9642,1649322648.715395000,13.224.141.96
123,-5538,1649322648.715411000,13.224.141.96
124,-4170,1649322648.717935000,13.224.141.96
125,-9642,1649322648.717983000,13.224.141.96
126,-9642,1649322648.718063000,13.224.141.96
127,-1434,1649322648.718074000,13.224.141.96
128,-2802,1649322648.719456000,13.224.141.96
129,-2802,1649322648.720030000,13.224.141.96
130,-9642,1649322648.720040000,13.224.141.96
131,-9642,1649322648.720074000,13.224.141.96
132,-1434,1649322648.720077000,13.224.141.96
133,-8274,1649322648.722095000,13.224.141.96
134,-9642,1649322648.722102000,13.224.141.96
135,-66,1649322648.722112000,18.65.116.118
136,-2284,1649322648.722116000,13.224.141.96
137,-237,1649322648.722119000,18.65.116.118
138,66,1649322648.722128000,10.11.219.6
139,-66,1649322648.722140000,18.65.110.227
140,-128,1649322648.722142000,18.65.110.227
141,66,1649322648.722143000,10.11.219.6
142,66,1649322648.731586000,10.11.219.6
143,236,1649322648.731985000,10.11.219.6
144,712,1649322648.732053000,10.11.219.6
145,90,1649322648.732600000,10.11.219.6
146,66,1649322648.732632000,10.11.219.6
147,97,1649322648.732784000,10.11.219.6
148,538,1649322648.733228000,10.11.219.6
149,-66,1649322648.734711000,18.65.110.227
150,-97,1649322648.734727000,18.65.110.227
151,66,1649322648.734739000,10.11.219.6
152,-66,1649322648.734761000,18.65.110.227
153,-54,1649322648.734766000,13.224.141.96
154,-66,1649322648.735790000,18.65.110.227
155,-66,1649322648.735812000,18.65.116.118
156,-1060,1649322648.736908000,18.65.116.118
157,66,1649322648.736920000,10.11.219.6
158,74,1649322648.738411000,10.11.219.6
159,-74,1649322648.741099000,13.224.141.96
160,66,1649322648.741125000,10.11.219.6
161,583,1649322648.743588000,10.11.219.6
162,561,1649322648.743718000,10.11.219.6
163,-66,1649322648.746505000,13.224.141.96
164,-66,1649322648.746514000,18.65.116.118
165,-83,1649322648.747892000,18.65.116.118
166,78,1649322648.747900000,10.11.219.6
167,-2802,1649322648.747908000,13.224.141.96
168,66,1649322648.747916000,10.11.219.6
169,-1434,1649322648.747919000,18.65.116.118
170,66,1649322648.747921000,10.11.219.6
171,-1328,1649322648.748694000,13.224.141.96
172,66,1649322648.748703000,10.11.219.6
173,130,1649322648.753741000,10.11.219.6
174,499,1649322648.754018000,10.11.219.6
175,-66,1649322648.756115000,13.224.141.96
176,-66,1649322648.756126000,13.224.141.96
177,-610,1649322648.757230000,13.224.141.96
178,66,1649322648.757237000,10.11.219.6
179,-90,1649322648.757249000,13.224.141.96
180,90,1649322648.757490000,10.11.219.6
181,66,1649322648.757505000,10.11.219.6
182,74,1649322648.759086000,10.11.219.6
183,-54,1649322648.760404000,13.224.141.96
184,-74,1649322648.762533000,13.224.141.96
185,66,1649322648.762549000,10.11.219.6
186,583,1649322648.764429000,10.11.219.6
187,-66,1649322648.768142000,13.224.141.96
188,-2802,1649322648.768160000,13.224.141.96
189,66,1649322648.768174000,10.11.219.6
190,-1328,1649322648.770132000,13.224.141.96
191,66,1649322648.770151000,10.11.219.6
192,130,1649322648.772893000,10.11.219.6
193,500,1649322648.773009000,10.11.219.6
194,-66,1649322648.775393000,13.224.141.96
195,-66,1649322648.775404000,13.224.141.96
196,-610,1649322648.776506000,13.224.141.96
197,66,1649322648.776516000,10.11.219.6
198,-90,1649322648.776533000,13.224.141.96
199,90,1649322648.776812000,10.11.219.6
200,66,1649322648.776844000,10.11.219.6
201,-54,1649322648.779785000,13.224.141.96
202,-97,1649322648.786135000,54.244.16.100
203,54,1649322648.786180000,10.11.219.6
204,-66,1649322648.786206000,54.244.16.100
205,54,1649322648.786212000,10.11.219.6
206,74,1649322648.812067000,10.11.219.6
207,-74,1649322648.815308000,13.224.141.96
208,66,1649322648.815348000,10.11.219.6
209,583,1649322648.817497000,10.11.219.6
210,-66,1649322648.821093000,13.224.141.96
211,-2802,1649322648.821107000,13.224.141.96
212,66,1649322648.821116000,10.11.219.6
213,-1328,1649322648.823038000,13.224.141.96
214,66,1649322648.823058000,10.11.219.6
215,130,1649322648.827192000,10.11.219.6
216,494,1649322648.827401000,10.11.219.6
217,-66,1649322648.829368000,13.224.141.96
218,-66,1649322648.830523000,13.224.141.96
219,-5538,1649322648.832353000,13.224.141.96
220,66,1649322648.832379000,10.11.219.6
221,-366,1649322648.832433000,13.224.141.96
222,78,1649322648.832444000,10.11.219.6
223,-1434,1649322648.832452000,13.224.141.96
224,66,1649322648.832460000,10.11.219.6
225,-90,1649322648.832466000,13.224.141.96
226,90,1649322648.832847000,10.11.219.6
227,66,1649322648.832885000,10.11.219.6
228,-54,1649322648.835824000,13.224.141.96
229,74,1649322648.835867000,10.11.219.6
230,-74,1649322648.839061000,13.224.141.96
231,66,1649322648.839084000,10.11.219.6
232,583,1649322648.842321000,10.11.219.6
233,-66,1649322648.845496000,13.224.141.96
234,-2802,1649322648.846863000,13.224.141.96
235,66,1649322648.846880000,10.11.219.6
236,-1328,1649322648.847727000,13.224.141.96
237,66,1649322648.847742000,10.11.219.6
238,130,1649322648.851922000,10.11.219.6
239,495,1649322648.852134000,10.11.219.6
240,-66,1649322648.855234000,13.224.141.96
241,-66,1649322648.855246000,13.224.141.96
242,-642,1649322648.855250000,13.224.141.96
243,66,1649322648.855262000,10.11.219.6
244,90,1649322648.855582000,10.11.219.6
245,66,1649322648.855609000,10.11.219.6
246,-90,1649322648.856324000,13.224.141.96
247,54,1649322648.856346000,10.11.219.6
248,74,1649322648.857853000,10.11.219.6
249,-74,1649322648.860475000,13.224.141.96
250,66,1649322648.860494000,10.11.219.6
251,583,1649322648.863524000,10.11.219.6
252,-66,1649322648.866878000,13.224.141.96
253,-2802,1649322648.868148000,13.224.141.96
254,66,1649322648.868164000,10.11.219.6
255,-1328,1649322648.869095000,13.224.141.96
256,66,1649322648.869115000,10.11.219.6
257,130,1649322648.872753000,10.11.219.6
258,500,1649322648.872942000,10.11.219.6
259,-66,1649322648.875427000,13.224.141.96
260,-66,1649322648.875437000,13.224.141.96
261,-12378,1649322648.878455000,13.224.141.96
262,66,1649322648.878479000,10.11.219.6
263,-4160,1649322648.880380000,13.224.141.96
264,66,1649322648.880396000,10.11.219.6
265,-9642,1649322648.880419000,13.224.141.96
266,66,1649322648.880422000,10.11.219.6
267,-9642,1649322648.880451000,13.224.141.96
268,66,1649322648.880454000,10.11.219.6
269,-2802,1649322648.880457000,13.224.141.96
270,66,1649322648.880461000,10.11.219.6
271,-4170,1649322648.884514000,13.224.141.96
272,66,1649322648.884536000,10.11.219.6
273,-5538,1649322648.886298000,13.224.141.96
274,66,1649322648.886335000,10.11.219.6
275,-15114,1649322648.886804000,13.224.141.96
276,66,1649322648.886826000,10.11.219.6
277,-6906,1649322648.886909000,13.224.141.96
278,66,1649322648.886920000,10.11.219.6
279,-2802,1649322648.886935000,13.224.141.96
280,66,1649322648.886943000,10.11.219.6
281,-210,1649322648.886954000,13.224.141.96
282,78,1649322648.886966000,10.11.219.6
283,-1434,1649322648.886997000,13.224.141.96
284,66,1649322648.887017000,10.11.219.6
285,90,1649322648.887512000,10.11.219.6
286,66,1649322648.887540000,10.11.219.6
287,74,1649322648.889274000,10.11.219.6
288,-54,1649322648.890609000,13.224.141.96
289,-74,1649322648.892737000,13.224.141.96
290,66,1649322648.892753000,10.11.219.6
291,583,1649322648.895187000,10.11.219.6
292,-66,1649322648.898164000,13.224.141.96
293,-2802,1649322648.899339000,13.224.141.96
294,66,1649322648.899358000,10.11.219.6
295,-1328,1649322648.900303000,13.224.141.96
296,66,1649322648.900323000,10.11.219.6
297,130,1649322648.907090000,10.11.219.6
298,501,1649322648.907271000,10.11.219.6
299,-66,1649322648.909902000,13.224.141.96
300,-66,1649322648.909915000,13.224.141.96
301,-675,1649322648.911021000,13.224.141.96
302,66,1649322648.911035000,10.11.219.6
303,-90,1649322648.911058000,13.224.141.96
304,90,1649322648.911326000,10.11.219.6
305,66,1649322648.911348000,10.11.219.6
306,74,1649322648.913099000,10.11.219.6
307,-54,1649322648.914168000,13.224.141.96
308,-74,1649322648.916305000,13.224.141.96
309,66,1649322648.916333000,10.11.219.6
310,583,1649322648.920133000,10.11.219.6
311,-66,1649322648.922766000,13.224.141.96
312,-2802,1649322648.924036000,13.224.141.96
313,66,1649322648.924049000,10.11.219.6
314,-1328,1649322648.926138000,13.224.141.96
315,66,1649322648.926166000,10.11.219.6
316,130,1649322648.929587000,10.11.219.6
317,508,1649322648.929774000,10.11.219.6
318,-66,1649322648.932599000,13.224.141.96
319,-66,1649322648.932618000,13.224.141.96
320,-4102,1649322648.935198000,13.224.141.96
321,66,1649322648.935216000,10.11.219.6
322,-90,1649322648.935241000,13.224.141.96
323,90,1649322648.935644000,10.11.219.6
324,66,1649322648.935680000,10.11.219.6
325,-54,1649322648.938072000,13.224.141.96
326,74,1649322648.938488000,10.11.219.6
327,-74,1649322648.941131000,13.224.141.96
328,66,1649322648.941155000,10.11.219.6
329,583,1649322648.944309000,10.11.219.6
330,-66,1649322648.948008000,13.224.141.96
331,-2802,1649322648.948020000,13.224.141.96
332,66,1649322648.948028000,10.11.219.6
333,-1328,1649322648.950048000,13.224.141.96
334,66,1649322648.950068000,10.11.219.6
335,130,1649322648.953281000,10.11.219.6
336,506,1649322648.953691000,10.11.219.6
337,-66,1649322648.956442000,13.224.141.96
338,-66,1649322648.957489000,13.224.141.96
339,-1434,1649322648.958805000,13.224.141.96
340,66,1649322648.958817000,10.11.219.6
341,-86,1649322648.958838000,13.224.141.96
342,78,1649322648.958843000,10.11.219.6
343,-1434,1649322648.958847000,13.224.141.96
344,66,1649322648.958851000,10.11.219.6
345,-90,1649322648.958854000,13.224.141.96
346,90,1649322648.959108000,10.11.219.6
347,66,1649322648.959133000,10.11.219.6
348,-54,1649322648.961768000,13.224.141.96
349,74,1649322648.961833000,10.11.219.6
350,-74,1649322648.964967000,13.224.141.96
351,66,1649322648.964992000,10.11.219.6
352,583,1649322648.969585000,10.11.219.6
353,-66,1649322648.972463000,13.224.141.96
354,-2802,1649322648.973712000,13.224.141.96
355,66,1649322648.973725000,10.11.219.6
356,-1328,1649322648.976038000,13.224.141.96
357,66,1649322648.976066000,10.11.219.6
358,130,1649322648.980575000,10.11.219.6
359,518,1649322648.980842000,10.11.219.6
360,-66,1649322648.984763000,13.224.141.96
361,-66,1649322648.984784000,13.224.141.96
362,-996,1649322648.985855000,13.224.141.96
363,66,1649322648.985872000,10.11.219.6
364,90,1649322648.986407000,10.11.219.6
365,66,1649322648.986444000,10.11.219.6
366,-90,1649322648.987993000,13.224.141.96
367,54,1649322648.988083000,10.11.219.6
368,74,1649322648.989039000,10.11.219.6
369,-74,1649322648.992251000,13.224.141.96
370,66,1649322648.992270000,10.11.219.6
371,583,1649322648.994955000,10.11.219.6
372,-66,1649322648.997634000,13.224.141.96
373,-2802,1649322649.002249000,13.224.141.96
374,66,1649322649.002264000,10.11.219.6
375,-1328,1649322649.002286000,13.224.141.96
376,66,1649322649.002294000,10.11.219.6
377,130,1649322649.008118000,10.11.219.6
378,518,1649322649.008381000,10.11.219.6
379,-66,1649322649.010541000,13.224.141.96
380,-66,1649322649.011614000,13.224.141.96
381,-675,1649322649.011629000,13.224.141.96
382,66,1649322649.011640000,10.11.219.6
383,90,1649322649.012065000,10.11.219.6
384,66,1649322649.012100000,10.11.219.6
385,-90,1649322649.012606000,13.224.141.96
386,54,1649322649.012632000,10.11.219.6
387,74,1649322649.014422000,10.11.219.6
388,-74,1649322649.018013000,13.224.141.96
389,66,1649322649.018040000,10.11.219.6
390,583,1649322649.021292000,10.11.219.6
391,-66,1649322649.024380000,13.224.141.96
392,-2802,1649322649.032227000,13.224.141.96
393,66,1649322649.032254000,10.11.219.6
394,-1328,1649322649.032289000,13.224.141.96
395,66,1649322649.032304000,10.11.219.6
396,130,1649322649.039022000,10.11.219.6
397,517,1649322649.039245000,10.11.219.6
398,-66,1649322649.042118000,13.224.141.96
399,-66,1649322649.042127000,13.224.141.96
400,-772,1649322649.042130000,13.224.141.96
401,66,1649322649.042134000,10.11.219.6
402,90,1649322649.042314000,10.11.219.6
403,66,1649322649.042331000,10.11.219.6
404,-90,1649322649.043145000,13.224.141.96
405,54,1649322649.043164000,10.11.219.6
406,-1319,1649322649.577118000,18.65.110.227
407,66,1649322649.577165000,10.11.219.6
408,-4170,1649322649.588105000,18.65.110.227
409,66,1649322649.588120000,10.11.219.6
410,-4170,1649322649.588140000,18.65.110.227
411,66,1649322649.588148000,10.11.219.6
412,-1434,1649322649.588154000,18.65.110.227
413,66,1649322649.588158000,10.11.219.6
414,-716,1649322649.588162000,18.65.110.227
415,78,1649322649.588167000,10.11.219.6
416,-1434,1649322649.588182000,18.65.110.227
417,66,1649322649.588196000,10.11.219.6
418,547,1649322649.658075000,10.11.219.6
419,-1069,1649322649.660855000,18.65.116.118
420,570,1649322649.663606000,10.11.219.6
421,74,1649322649.664967000,10.11.219.6
422,74,1649322649.665157000,10.11.219.6
423,74,1649322649.665249000,10.11.219.6
424,74,1649322649.665344000,10.11.219.6
425,74,1649322649.665448000,10.11.219.6
426,-468,1649322649.667468000,18.65.116.118
427,78,1649322649.667563000,10.11.219.6
428,-1434,1649322649.667621000,18.65.116.118
429,66,1649322649.667646000,10.11.219.6
430,-74,1649322649.668598000,18.65.156.210
431,66,1649322649.668680000,10.11.219.6
432,-74,1649322649.668745000,18.65.156.210
433,66,1649322649.668789000,10.11.219.6
434,-74,1649322649.668812000,18.65.156.210
435,66,1649322649.668843000,10.11.219.6
436,-74,1649322649.668861000,18.65.156.210
437,66,1649322649.668885000,10.11.219.6
438,-74,1649322649.668899000,18.65.156.210
439,66,1649322649.668921000,10.11.219.6
440,583,1649322649.674963000,10.11.219.6
441,583,1649322649.677143000,10.11.219.6
442,-66,1649322649.677854000,18.65.156.210
443,-4170,1649322649.679270000,18.65.156.210
444,66,1649322649.679278000,10.11.219.6
445,583,1649322649.679846000,10.11.219.6
446,-1177,1649322649.680104000,18.65.156.210
447,66,1649322649.680110000,10.11.219.6
448,-66,1649322649.680115000,18.65.156.210
449,-4170,1649322649.682486000,18.65.156.210
450,66,1649322649.682499000,10.11.219.6
451,-1177,1649322649.682508000,18.65.156.210
452,66,1649322649.682512000,10.11.219.6
453,583,1649322649.683070000,10.11.219.6
454,-66,1649322649.683230000,18.65.156.210
455,-4170,1649322649.684767000,18.65.156.210
456,66,1649322649.684837000,10.11.219.6
457,-1177,1649322649.685579000,18.65.156.210
458,66,1649322649.685626000,10.11.219.6
459,583,1649322649.686136000,10.11.219.6
460,-66,1649322649.687010000,18.65.156.210
461,-4170,1649322649.687916000,18.65.156.210
462,66,1649322649.687966000,10.11.219.6
463,-1177,1649322649.688814000,18.65.156.210
464,66,1649322649.688831000,10.11.219.6
465,-66,1649322649.690010000,18.65.156.210
466,-4170,1649322649.690024000,18.65.156.210
467,66,1649322649.690033000,10.11.219.6
468,-1177,1649322649.692134000,18.65.156.210
469,66,1649322649.692147000,10.11.219.6
470,130,1649322649.695454000,10.11.219.6
471,130,1649322649.695613000,10.11.219.6
472,130,1649322649.696062000,10.11.219.6
473,236,1649322649.696715000,10.11.219.6
474,897,1649322649.696740000,10.11.219.6
475,236,1649322649.696845000,10.11.219.6
476,394,1649322649.696864000,10.11.219.6
477,130,1649322649.697147000,10.11.219.6
478,253,1649322649.697684000,10.11.219.6
479,178,1649322649.697822000,10.11.219.6
480,-66,1649322649.698315000,18.65.156.210
481,-128,1649322649.698327000,18.65.156.210
482,66,1649322649.698334000,10.11.219.6
483,-66,1649322649.698342000,18.65.156.210
484,-128,1649322649.698346000,18.65.156.210
485,66,1649322649.698349000,10.11.219.6
486,-66,1649322649.698352000,18.65.156.210
487,-128,1649322649.698355000,18.65.156.210
488,66,1649322649.698358000,10.11.219.6
489,97,1649322649.698455000,10.11.219.6
490,253,1649322649.698561000,10.11.219.6
491,90,1649322649.698592000,10.11.219.6
492,66,1649322649.698606000,10.11.219.6
493,97,1649322649.698625000,10.11.219.6
494,443,1649322649.699054000,10.11.219.6
495,130,1649322649.699286000,10.11.219.6
496,253,1649322649.699512000,10.11.219.6
497,333,1649322649.699722000,10.11.219.6
498,-66,1649322649.702510000,18.65.156.210
499,-97,1649322649.702536000,18.65.156.210
500,66,1649322649.702548000,10.11.219.6
501,-66,1649322649.702574000,18.65.156.210
502,-66,1649322649.702586000,18.65.156.210
503,-66,1649322649.702592000,18.65.156.210
504,-97,1649322649.702594000,18.65.156.210
505,66,1649322649.702602000,10.11.219.6
506,-4170,1649322649.702611000,18.65.156.210
507,66,1649322649.702616000,10.11.219.6
508,-66,1649322649.702686000,18.65.156.210
509,-12368,1649322649.702698000,18.65.156.210
510,66,1649322649.702705000,10.11.219.6
511,-128,1649322649.702732000,18.65.156.210
512,66,1649322649.702737000,10.11.219.6
513,-6906,1649322649.702744000,18.65.156.210
514,66,1649322649.702747000,10.11.219.6
515,90,1649322649.703368000,10.11.219.6
516,66,1649322649.703397000,10.11.219.6
517,-8274,1649322649.705395000,18.65.156.210
518,66,1649322649.705415000,10.11.219.6
519,-1424,1649322649.705511000,18.65.156.210
520,66,1649322649.705516000,10.11.219.6
521,-66,1649322649.705524000,18.65.156.210
522,-12063,1649322649.705537000,18.65.156.210
523,66,1649322649.705541000,10.11.219.6
524,-97,1649322649.705562000,18.65.156.210
525,54,1649322649.705582000,10.11.219.6
526,-2802,1649322649.705594000,18.65.156.210
527,66,1649322649.705598000,10.11.219.6
528,-2802,1649322649.707687000,18.65.156.210
529,66,1649322649.707702000,10.11.219.6
530,-11000,1649322649.707826000,18.65.156.210
531,66,1649322649.707831000,10.11.219.6
532,-785,1649322649.707854000,18.65.156.210
533,-66,1649322649.707856000,18.65.156.210
534,-66,1649322649.707862000,18.65.156.210
535,-66,1649322649.707867000,18.65.156.210
536,54,1649322649.707882000,10.11.219.6
537,-66,1649322649.707889000,18.65.156.210
538,-97,1649322649.707893000,18.65.156.210
539,54,1649322649.707903000,10.11.219.6
540,-66,1649322649.707913000,18.65.156.210
541,-66,1649322649.707918000,18.65.156.210
542,-66,1649322649.707940000,18.65.156.210
543,66,1649322649.707941000,10.11.219.6
544,54,1649322649.707949000,10.11.219.6
545,-128,1649322649.707953000,18.65.156.210
546,66,1649322649.707957000,10.11.219.6
547,-5538,1649322649.707961000,18.65.156.210
548,-66,1649322649.707963000,18.65.156.210
549,-97,1649322649.707967000,18.65.156.210
550,66,1649322649.707970000,10.11.219.6
551,-66,1649322649.707986000,18.65.156.210
552,-2802,1649322649.707990000,18.65.156.210
553,66,1649322649.707994000,10.11.219.6
554,66,1649322649.708024000,10.11.219.6
555,90,1649322649.708171000,10.11.219.6
556,66,1649322649.708192000,10.11.219.6
557,-2802,1649322649.710690000,18.65.156.210
558,66,1649322649.710705000,10.11.219.6
559,-5538,1649322649.710842000,18.65.156.210
560,66,1649322649.710847000,10.11.219.6
561,-2802,1649322649.710861000,18.65.156.210
562,66,1649322649.710864000,10.11.219.6
563,-2802,1649322649.710869000,18.65.156.210
564,66,1649322649.710873000,10.11.219.6
565,-11010,1649322649.710905000,18.65.156.210
566,66,1649322649.710909000,10.11.219.6
567,-8274,1649322649.712975000,18.65.156.210
568,66,1649322649.712989000,10.11.219.6
569,-9381,1649322649.713038000,18.65.156.210
570,66,1649322649.713043000,10.11.219.6
571,-66,1649322649.713047000,18.65.156.210
572,54,1649322649.713063000,10.11.219.6
573,-66,1649322649.713073000,18.65.156.210
574,54,1649322649.713077000,10.11.219.6
575,-327,1649322649.715377000,18.65.156.210
576,66,1649322649.715395000,10.11.219.6
577,-1434,1649322649.715417000,18.65.156.210
578,66,1649322649.715425000,10.11.219.6
579,-21954,1649322649.715555000,18.65.156.210
580,66,1649322649.715567000,10.11.219.6
581,-4170,1649322649.718129000,18.65.156.210
582,66,1649322649.718146000,10.11.219.6
583,-1434,1649322649.718375000,18.65.156.210
584,66,1649322649.718383000,10.11.219.6
585,-4075,1649322649.718395000,18.65.156.210
586,66,1649322649.718398000,10.11.219.6
587,-66,1649322649.718402000,18.65.156.210
588,-16482,1649322649.718414000,18.65.156.210
589,66,1649322649.718417000,10.11.219.6
590,-3979,1649322649.720057000,18.65.156.210
591,66,1649322649.720105000,10.11.219.6
592,-66,1649322649.720167000,18.65.156.210
593,66,1649322649.720198000,10.11.219.6
594,-6906,1649322649.720232000,18.65.156.210
595,66,1649322649.720238000,10.11.219.6
596,-1434,1649322649.724883000,18.65.156.210
597,66,1649322649.724898000,10.11.219.6
598,-1434,1649322649.724978000,18.65.156.210
599,66,1649322649.724983000,10.11.219.6
600,-257,1649322649.724991000,18.65.156.210
601,78,1649322649.724996000,10.11.219.6
602,-1434,1649322649.724999000,18.65.156.210
603,66,1649322649.725002000,10.11.219.6
604,-1434,1649322649.725004000,18.65.156.210
605,66,1649322649.725006000,10.11.219.6
606,-754,1649322649.725009000,18.65.156.210
607,78,1649322649.725011000,10.11.219.6
608,-1434,1649322649.725014000,18.65.156.210
609,66,1649322649.725017000,10.11.219.6
610,-2802,1649322649.725020000,18.65.156.210
611,66,1649322649.725022000,10.11.219.6
612,-786,1649322649.725048000,18.65.156.210
613,78,1649322649.725054000,10.11.219.6
614,-1434,1649322649.725057000,18.65.156.210
615,66,1649322649.725060000,10.11.219.6
616,-9827,1649322649.725064000,18.65.156.210
617,66,1649322649.725066000,10.11.219.6
618,-1142,1649322649.777985000,18.65.110.227
619,66,1649322649.777999000,10.11.219.6
620,-4170,1649322649.779515000,18.65.110.227
621,66,1649322649.779523000,10.11.219.6
622,-4170,1649322649.779537000,18.65.110.227
623,66,1649322649.779539000,10.11.219.6
624,-2366,1649322649.780232000,18.65.110.227
625,66,1649322649.780237000,10.11.219.6
626,-4170,1649322649.781636000,18.65.110.227
627,66,1649322649.781648000,10.11.219.6
628,-4170,1649322649.781666000,18.65.110.227
629,66,1649322649.781675000,10.11.219.6
630,-4170,1649322649.782714000,18.65.110.227
631,66,1649322649.782755000,10.11.219.6
632,-1270,1649322649.782796000,18.65.110.227
633,66,1649322649.782807000,10.11.219.6
634,-12378,1649322649.877791000,18.65.110.227
635,66,1649322649.877809000,10.11.219.6
636,-4170,1649322649.877857000,18.65.110.227
637,66,1649322649.877868000,10.11.219.6
638,-331,1649322649.878017000,18.65.110.227
639,78,1649322649.878029000,10.11.219.6
640,-1434,1649322649.878040000,18.65.110.227
641,66,1649322649.878048000,10.11.219.6
642,-8274,1649322649.880195000,18.65.110.227
643,66,1649322649.880206000,10.11.219.6
644,-4170,1649322649.880323000,18.65.110.227
645,66,1649322649.880332000,10.11.219.6
646,-2802,1649322649.880347000,18.65.110.227
647,66,1649322649.880353000,10.11.219.6
648,-90,1649322649.880360000,18.65.110.227
649,78,1649322649.880367000,10.11.219.6
650,-1434,1649322649.880373000,18.65.110.227
651,-5538,1649322649.880377000,18.65.110.227
652,66,1649322649.880388000,10.11.219.6
653,66,1649322649.880402000,10.11.219.6
654,-2802,1649322649.882436000,18.65.110.227
655,66,1649322649.882456000,10.11.219.6
656,-8006,1649322649.882484000,18.65.110.227
657,66,1649322649.882491000,10.11.219.6
658,174,1649322649.893563000,10.11.219.6
659,190,1649322649.894479000,10.11.219.6
660,169,1649322649.895065000,10.11.219.6
661,219,1649322649.896049000,10.11.219.6
662,1285,1649322649.896784000,10.11.219.6
663,-66,1649322649.897383000,18.65.156.210
664,-6906,1649322649.897402000,18.65.156.210
665,66,1649322649.897417000,10.11.219.6
666,-275,1649322649.897428000,18.65.156.210
667,78,1649322649.897433000,10.11.219.6
668,-1434,1649322649.897436000,18.65.156.210
669,66,1649322649.897440000,10.11.219.6
670,-66,1649322649.897448000,18.65.156.210
671,187,1649322649.897913000,10.11.219.6
672,-883,1649322649.898467000,18.65.156.210
673,66,1649322649.898478000,10.11.219.6
674,-66,1649322649.898487000,18.65.156.210
675,-4170,1649322649.898495000,18.65.156.210
676,66,1649322649.898498000,10.11.219.6
677,-104,1649322649.898501000,18.65.156.210
678,78,1649322649.898506000,10.11.219.6
679,-1434,1649322649.898509000,18.65.156.210
680,66,1649322649.898512000,10.11.219.6
681,181,1649322649.900183000,10.11.219.6
682,193,1649322649.900308000,10.11.219.6
683,-66,1649322649.900410000,18.65.156.210
684,-16472,1649322649.900426000,18.65.156.210
685,66,1649322649.900435000,10.11.219.6
686,-9642,1649322649.901041000,18.65.156.210
687,66,1649322649.901056000,10.11.219.6
688,180,1649322649.901525000,10.11.219.6
689,183,1649322649.904139000,10.11.219.6
690,-2802,1649322649.904237000,18.65.156.210
691,66,1649322649.904251000,10.11.219.6
692,-1434,1649322649.905851000,18.65.156.210
693,66,1649322649.905859000,10.11.219.6
694,-819,1649322649.905873000,18.65.156.210
695,78,1649322649.905880000,10.11.219.6
696,-1434,1649322649.905885000,18.65.156.210
697,66,1649322649.905889000,10.11.219.6
698,-66,1649322649.905893000,18.65.156.210
699,-66,1649322649.905894000,18.65.156.210
700,-16472,1649322649.905899000,18.65.156.210
701,66,1649322649.905907000,10.11.219.6
702,-1434,1649322649.905910000,18.65.156.210
703,66,1649322649.905916000,10.11.219.6
704,-2802,1649322649.908497000,18.65.156.210
705,66,1649322649.908510000,10.11.219.6
706,-2802,1649322649.908689000,18.65.156.210
707,66,1649322649.908694000,10.11.219.6
708,-389,1649322649.908704000,18.65.156.210
709,78,1649322649.908719000,10.11.219.6
710,-1434,1649322649.908723000,18.65.156.210
711,66,1649322649.908727000,10.11.219.6
712,-16472,1649322649.908733000,18.65.156.210
713,66,1649322649.908736000,10.11.219.6
714,-2802,1649322649.911882000,18.65.156.210
715,66,1649322649.911901000,10.11.219.6
716,-21954,1649322649.912061000,18.65.156.210
717,66,1649322649.912069000,10.11.219.6
718,-2802,1649322649.914768000,18.65.156.210
719,66,1649322649.914780000,10.11.219.6
720,-2802,1649322649.914961000,18.65.156.210
721,66,1649322649.914968000,10.11.219.6
722,-19218,1649322649.914988000,18.65.156.210
723,66,1649322649.914993000,10.11.219.6
724,-2802,1649322649.917660000,18.65.156.210
725,66,1649322649.917676000,10.11.219.6
726,-8274,1649322649.917857000,18.65.156.210
727,66,1649322649.917864000,10.11.219.6
728,-13746,1649322649.917886000,18.65.156.210
729,66,1649322649.917889000,10.11.219.6
730,-5538,1649322649.920587000,18.65.156.210
731,66,1649322649.920627000,10.11.219.6
732,-1434,1649322649.920820000,18.65.156.210
733,66,1649322649.920846000,10.11.219.6
734,-66,1649322649.920865000,18.65.156.210
735,-17850,1649322649.920901000,18.65.156.210
736,66,1649322649.920917000,10.11.219.6
737,-2802,1649322649.923340000,18.65.156.210
738,66,1649322649.923355000,10.11.219.6
739,-9642,1649322649.923553000,18.65.156.210
740,66,1649322649.923561000,10.11.219.6
741,-66,1649322649.923571000,18.65.156.210
742,-6906,1649322649.923613000,18.65.156.210
743,-6906,1649322649.923616000,18.65.156.210
744,66,1649322649.923629000,10.11.219.6
745,66,1649322649.923714000,10.11.219.6
746,-2802,1649322649.926255000,18.65.156.210
747,66,1649322649.926269000,10.11.219.6
748,-15114,1649322649.926461000,18.65.156.210
749,66,1649322649.926471000,10.11.219.6
750,-2802,1649322649.926503000,18.65.156.210
751,-5538,1649322649.926507000,18.65.156.210
752,66,1649322649.926534000,10.11.219.6
753,-2802,1649322649.929077000,18.65.156.210
754,66,1649322649.929087000,10.11.219.6
755,-13746,1649322649.929250000,18.65.156.210
756,-8274,1649322649.929281000,18.65.156.210
757,66,1649322649.929303000,10.11.219.6
758,-2802,1649322649.931906000,18.65.156.210
759,66,1649322649.931923000,10.11.219.6
760,-13746,1649322649.932048000,18.65.156.210
761,-8274,1649322649.932101000,18.65.156.210
762,66,1649322649.932181000,10.11.219.6
763,-9642,1649322649.934281000,18.65.156.210
764,66,1649322649.934296000,10.11.219.6
765,-15114,1649322649.934320000,18.65.156.210
766,66,1649322649.934370000,10.11.219.6
767,-5538,1649322649.936391000,18.65.156.210
768,66,1649322649.936422000,10.11.219.6
769,-9642,1649322649.936679000,18.65.156.210
770,-11010,1649322649.936696000,18.65.156.210
771,66,1649322649.936772000,10.11.219.6
772,-2802,1649322649.938874000,18.65.156.210
773,66,1649322649.938885000,10.11.219.6
774,-12378,1649322649.939102000,18.65.156.210
775,-8274,1649322649.939126000,18.65.156.210
776,-2802,1649322649.939128000,18.65.156.210
777,66,1649322649.939131000,10.11.219.6
778,66,1649322649.939213000,10.11.219.6
779,-2802,1649322649.941485000,18.65.156.210
780,66,1649322649.941497000,10.11.219.6
781,-21954,1649322649.941671000,18.65.156.210
782,66,1649322649.941690000,10.11.219.6
783,-2802,1649322649.944109000,18.65.156.210
784,66,1649322649.944120000,10.11.219.6
785,-21954,1649322649.944282000,18.65.156.210
786,66,1649322649.944317000,10.11.219.6
787,-5538,1649322649.946456000,18.65.156.210
788,66,1649322649.946463000,10.11.219.6
789,-2802,1649322649.946688000,18.65.156.210
790,66,1649322649.946691000,10.11.219.6
791,-4170,1649322649.946699000,18.65.156.210
792,-13746,1649322649.946703000,18.65.156.210
793,66,1649322649.946729000,10.11.219.6
794,-2802,1649322649.948958000,18.65.156.210
795,66,1649322649.948974000,10.11.219.6
796,-9642,1649322649.949293000,18.65.156.210
797,-13746,1649322649.949327000,18.65.156.210
798,66,1649322649.949529000,10.11.219.6
799,-2802,1649322649.951536000,18.65.156.210
800,66,1649322649.951547000,10.11.219.6
801,-13746,1649322649.951714000,18.65.156.210
802,-8274,1649322649.951744000,18.65.156.210
803,66,1649322649.951749000,10.11.219.6
804,66,1649322649.951841000,10.11.219.6
805,-5538,1649322649.953996000,18.65.156.210
806,66,1649322649.954032000,10.11.219.6
807,-19218,1649322649.954246000,18.65.156.210
808,66,1649322649.954310000,10.11.219.6
809,-2802,1649322649.956344000,18.65.156.210
810,66,1649322649.956357000,10.11.219.6
811,-2802,1649322649.956510000,18.65.156.210
812,66,1649322649.956518000,10.11.219.6
813,-16482,1649322649.956534000,18.65.156.210
814,66,1649322649.956561000,10.11.219.6
815,-5538,1649322649.958740000,18.65.156.210
816,66,1649322649.958750000,10.11.219.6
817,-8274,1649322649.958902000,18.65.156.210
818,-4170,1649322649.958910000,18.65.156.210
819,-6906,1649322649.958925000,18.65.156.210
820,66,1649322649.958935000,10.11.219.6
821,-2802,1649322649.961214000,18.65.156.210
822,66,1649322649.961227000,10.11.219.6
823,-13746,1649322649.963236000,18.65.156.210
824,-8274,1649322649.963259000,18.65.156.210
825,66,1649322649.963280000,10.11.219.6
826,-2242,1649322649.966040000,18.65.156.210
827,66,1649322649.966061000,10.11.219.6
828,-6906,1649322649.972201000,18.65.110.227
829,66,1649322649.972220000,10.11.219.6
830,-884,1649322649.972243000,18.65.110.227
831,78,1649322649.972249000,10.11.219.6
832,-1434,1649322649.972252000,18.65.110.227
833,66,1649322649.972256000,10.11.219.6
834,-5538,1649322649.974623000,18.65.110.227
835,66,1649322649.974641000,10.11.219.6
836,-11000,1649322649.974765000,18.65.110.227
837,66,1649322649.974771000,10.11.219.6
838,-4170,1649322649.974800000,18.65.110.227
839,-67,1649322649.974803000,18.65.110.227
840,-1434,1649322649.974804000,18.65.110.227
841,66,1649322649.974814000,10.11.219.6
842,78,1649322649.974829000,10.11.219.6
843,66,1649322649.974835000,10.11.219.6
844,-9642,1649322649.976877000,18.65.110.227
845,66,1649322649.976893000,10.11.219.6
846,-195,1649322649.976913000,18.65.110.227
847,78,1649322649.976921000,10.11.219.6
848,-1434,1649322649.976960000,18.65.110.227
849,66,1649322649.976968000,10.11.219.6
850,-6906,1649322649.976975000,18.65.110.227
851,66,1649322649.976980000,10.11.219.6
852,-7998,1649322649.978268000,18.65.110.227
853,66,1649322649.978279000,10.11.219.6
854,211,1649322649.986533000,10.11.219.6
855,198,1649322649.987005000,10.11.219.6
856,74,1649322649.987259000,10.11.219.6
857,-66,1649322649.988515000,18.65.156.210
858,175,1649322649.988652000,10.11.219.6
859,173,1649322649.989370000,10.11.219.6
860,204,1649322649.989650000,10.11.219.6
861,-11315,1649322649.990930000,18.65.156.210
862,66,1649322649.990956000,10.11.219.6
863,-66,1649322649.990986000,18.65.156.210
864,-2802,1649322649.990994000,18.65.156.210
865,66,1649322649.990998000,10.11.219.6
866,-843,1649322649.991002000,18.65.156.210
867,78,1649322649.991005000,10.11.219.6
868,-1434,1649322649.991008000,18.65.156.210
869,66,1649322649.991011000,10.11.219.6
870,-66,1649322649.993547000,18.65.156.210
871,-5538,1649322649.993561000,18.65.156.210
872,66,1649322649.993568000,10.11.219.6
873,-11000,1649322649.993639000,18.65.156.210
874,66,1649322649.993644000,10.11.219.6
875,-1434,1649322649.993658000,18.65.156.210
876,66,1649322649.993661000,10.11.219.6
877,-105,1649322649.993665000,18.65.156.210
878,78,1649322649.993673000,10.11.219.6
879,-1434,1649322649.993675000,18.65.156.210
880,66,1649322649.993679000,10.11.219.6
881,-66,1649322649.994459000,18.65.156.210
882,-319,1649322649.994470000,18.65.156.210
883,78,1649322649.994479000,10.11.219.6
884,-1434,1649322649.994487000,18.65.156.210
885,66,1649322649.994493000,10.11.219.6
886,-2471,1649322649.994507000,18.65.156.210
887,66,1649322649.994513000,10.11.219.6
888,169,1649322650.006843000,10.11.219.6
889,-66,1649322650.010709000,18.65.156.210
890,-3838,1649322650.010721000,18.65.156.210
891,66,1649322650.010728000,10.11.219.6
892,-179,1649322650.010741000,18.65.156.210
893,78,1649322650.010744000,10.11.219.6
894,-1434,1649322650.010746000,18.65.156.210
895,66,1649322650.010748000,10.11.219.6
896,-97,1649322650.010749000,18.65.156.210
897,200,1649322650.016834000,10.11.219.6
898,74,1649322650.016911000,10.11.219.6
899,-5538,1649322650.020085000,18.65.156.210
900,66,1649322650.020111000,10.11.219.6
901,-4170,1649322650.020147000,18.65.156.210
902,66,1649322650.020151000,10.11.219.6
903,-2802,1649322650.022169000,18.65.156.210
904,66,1649322650.022176000,10.11.219.6
905,-4160,1649322650.022351000,18.65.156.210
906,66,1649322650.022354000,10.11.219.6
907,-16472,1649322650.022361000,18.65.156.210
908,66,1649322650.022365000,10.11.219.6
909,-74,1649322650.022372000,18.65.156.210
910,66,1649322650.022385000,10.11.219.6
911,-1434,1649322650.022392000,18.65.156.210
912,-2802,1649322650.025343000,18.65.156.210
913,66,1649322650.025355000,10.11.219.6
914,-12378,1649322650.025459000,18.65.156.210
915,66,1649322650.025464000,10.11.219.6
916,-1028,1649322650.025474000,18.65.156.210
917,78,1649322650.025478000,10.11.219.6
918,-1434,1649322650.025481000,18.65.156.210
919,66,1649322650.025485000,10.11.219.6
920,583,1649322650.026687000,10.11.219.6
921,-66,1649322650.030585000,18.65.156.210
922,-4170,1649322650.030594000,18.65.156.210
923,66,1649322650.030607000,10.11.219.6
924,-1177,1649322650.031411000,18.65.156.210
925,66,1649322650.031428000,10.11.219.6
926,130,1649322650.036234000,10.11.219.6
927,253,1649322650.036638000,10.11.219.6
928,-66,1649322650.038830000,18.65.156.210
929,-128,1649322650.038838000,18.65.156.210
930,66,1649322650.038843000,10.11.219.6
931,-66,1649322650.038856000,18.65.156.210
932,90,1649322650.038960000,10.11.219.6
933,66,1649322650.038975000,10.11.219.6
934,-97,1649322650.039870000,18.65.156.210
935,54,1649322650.039882000,10.11.219.6
936,-264,1649322650.110968000,18.65.110.227
937,78,1649322650.110995000,10.11.219.6
938,-1434,1649322650.111021000,18.65.110.227
939,66,1649322650.111044000,10.11.219.6
940,193,1649322650.121986000,10.11.219.6
941,-14601,1649322650.126898000,18.65.156.210
942,-74,1649322650.126927000,54.148.152.248
943,66,1649322650.126947000,10.11.219.6
944,66,1649322650.126983000,10.11.219.6
945,583,1649322650.130204000,10.11.219.6
946,-422,1649322650.185395000,18.65.110.227
947,66,1649322650.185500000,10.11.219.6
948,-368,1649322650.185596000,18.65.110.227
949,78,1649322650.185633000,10.11.219.6
950,-1434,1649322650.185650000,18.65.110.227
951,66,1649322650.185669000,10.11.219.6
952,-456,1649322650.185677000,18.65.110.227
953,78,1649322650.185682000,10.11.219.6
954,-1434,1649322650.185693000,18.65.110.227
955,66,1649322650.185702000,10.11.219.6
956,-2802,1649322650.185833000,18.65.110.227
957,66,1649322650.185853000,10.11.219.6
958,-337,1649322650.185867000,18.65.110.227
959,78,1649322650.185878000,10.11.219.6
960,-1434,1649322650.185882000,18.65.110.227
961,66,1649322650.185886000,10.11.219.6
962,-1156,1649322650.185895000,18.65.110.227
963,66,1649322650.185905000,10.11.219.6
964,-388,1649322650.185909000,18.65.110.227
965,78,1649322650.185917000,10.11.219.6
966,-1434,1649322650.185926000,18.65.110.227
967,66,1649322650.185932000,10.11.219.6
968,-7685,1649322650.187436000,18.65.110.227
969,66,1649322650.187473000,10.11.219.6
970,-2802,1649322650.195771000,18.65.110.227
971,66,1649322650.195790000,10.11.219.6
972,-6356,1649322650.195839000,18.65.110.227
973,66,1649322650.195845000,10.11.219.6
974,-13746,1649322650.197349000,18.65.110.227
975,66,1649322650.197363000,10.11.219.6
976,-2792,1649322650.200034000,18.65.110.227
977,66,1649322650.200107000,10.11.219.6
978,-100,1649322650.200199000,18.65.110.227
979,-10704,1649322650.200225000,18.65.110.227
980,66,1649322650.200239000,10.11.219.6
981,-11010,1649322650.200399000,18.65.110.227
982,66,1649322650.200491000,10.11.219.6
983,-5528,1649322650.200720000,18.65.110.227
984,66,1649322650.200728000,10.11.219.6
985,-540,1649322650.200735000,18.65.110.227
986,66,1649322650.200892000,10.11.219.6
987,156,1649322650.205006000,10.11.219.6
988,156,1649322650.206160000,10.11.219.6
989,-2281,1649322650.206352000,18.65.110.227
990,66,1649322650.206360000,10.11.219.6
991,156,1649322650.206647000,10.11.219.6
992,74,1649322650.207199000,10.11.219.6
993,156,1649322650.207837000,10.11.219.6
994,-1214,1649322650.208463000,18.65.156.210
995,-97,1649322650.208479000,18.65.156.210
996,66,1649322650.208711000,10.11.219.6
997,-66,1649322650.209370000,18.65.156.210
998,157,1649322650.209430000,10.11.219.6
999,198,1649322650.209601000,10.11.219.6
1000,242,1649322650.209879000,10.11.219.6
1001,153,1649322650.210654000,10.11.219.6
1002,-1322,1649322650.210921000,18.65.156.210
1003,-97,1649322650.210930000,18.65.156.210
1004,-74,1649322650.210931000,18.65.156.210
1005,66,1649322650.210943000,10.11.219.6
1006,-178,1649322650.210949000,18.65.156.210
1007,78,1649322650.210952000,10.11.219.6
1008,-1434,1649322650.210954000,18.65.156.210
1009,66,1649322650.210957000,10.11.219.6
1010,-97,1649322650.210958000,18.65.156.210
1011,155,1649322650.211230000,10.11.219.6
1012,-248,1649322650.211883000,18.65.156.210
1013,78,1649322650.211896000,10.11.219.6
1014,-1434,1649322650.211908000,18.65.156.210
1015,66,1649322650.211911000,10.11.219.6
1016,-97,1649322650.211914000,18.65.156.210
1017,-66,1649322650.212636000,18.65.156.210
1018,-695,1649322650.212650000,18.65.156.210
1019,-99,1649322650.214003000,18.65.156.210
1020,78,1649322650.214021000,10.11.219.6
1021,-1434,1649322650.214034000,18.65.156.210
1022,66,1649322650.214038000,10.11.219.6
1023,-97,1649322650.214041000,18.65.156.210
1024,-1180,1649322650.214042000,18.65.156.210
1025,-97,1649322650.214044000,18.65.156.210
1026,-1165,1649322650.214046000,18.65.156.210
1027,66,1649322650.214050000,10.11.219.6
1028,-97,1649322650.214053000,18.65.156.210
1029,583,1649322650.214854000,10.11.219.6
1030,-314,1649322650.214921000,18.65.156.210
1031,78,1649322650.214932000,10.11.219.6
1032,-1434,1649322650.214941000,18.65.156.210
1033,66,1649322650.214946000,10.11.219.6
1034,-97,1649322650.214950000,18.65.156.210
1035,-588,1649322650.214952000,18.65.156.210
1036,-97,1649322650.215805000,18.65.156.210
1037,-66,1649322650.217923000,18.65.156.210
1038,154,1649322650.218676000,10.11.219.6
1039,-2802,1649322650.219369000,18.65.156.210
1040,66,1649322650.219404000,10.11.219.6
1041,242,1649322650.219471000,10.11.219.6
1042,-1434,1649322650.220302000,18.65.156.210
1043,66,1649322650.220316000,10.11.219.6
1044,-1177,1649322650.220326000,18.65.156.210
1045,66,1649322650.220329000,10.11.219.6
1046,153,1649322650.220333000,10.11.219.6
1047,154,1649322650.222338000,10.11.219.6
1048,-66,1649322650.223566000,18.65.156.210
1049,-1141,1649322650.223583000,18.65.156.210
1050,-97,1649322650.223586000,18.65.156.210
1051,-1167,1649322650.223587000,18.65.156.210
1052,66,1649322650.223595000,10.11.219.6
1053,-97,1649322650.223614000,18.65.156.210
1054,-1149,1649322650.223615000,18.65.156.210
1055,194,1649322650.224293000,10.11.219.6
1056,-97,1649322650.224426000,18.65.156.210
1057,-1139,1649322650.224435000,18.65.156.210
1058,-97,1649322650.224436000,18.65.156.210
1059,-1286,1649322650.228324000,18.65.156.210
1060,66,1649322650.228352000,10.11.219.6
1061,-97,1649322650.228369000,18.65.156.210
1062,178,1649322650.228754000,10.11.219.6
1063,130,1649322650.229527000,10.11.219.6
1064,-9642,1649322650.230110000,18.65.156.210
1065,66,1649322650.230132000,10.11.219.6
1066,-164,1649322650.230150000,18.65.156.210
1067,78,1649322650.230156000,10.11.219.6
1068,-1434,1649322650.230165000,18.65.156.210
1069,66,1649322650.230169000,10.11.219.6
1070,169,1649322650.230690000,10.11.219.6
1071,253,1649322650.230999000,10.11.219.6
1072,-934,1649322650.235458000,18.65.156.210
1073,-66,1649322650.235517000,18.65.156.210
1074,-128,1649322650.235527000,18.65.156.210
1075,66,1649322650.235557000,10.11.219.6
1076,-5534,1649322650.235602000,18.65.156.210
1077,-66,1649322650.235617000,18.65.156.210
1078,-97,1649322650.235645000,18.65.156.210
1079,66,1649322650.235654000,10.11.219.6
1080,66,1649322650.236698000,10.11.219.6
1081,90,1649322650.237283000,10.11.219.6
1082,66,1649322650.237309000,10.11.219.6
1083,184,1649322650.237523000,10.11.219.6
1084,-740,1649322650.239371000,18.65.110.227
1085,66,1649322650.239617000,10.11.219.6
1086,181,1649322650.240029000,10.11.219.6
1087,-66,1649322650.240790000,18.65.156.210
1088,-66,1649322650.240802000,18.65.156.210
1089,66,1649322650.240813000,10.11.219.6
1090,-2802,1649322650.240834000,18.65.156.210
1091,169,1649322650.240924000,10.11.219.6
1092,-1995,1649322650.241627000,18.65.156.210
1093,66,1649322650.241636000,10.11.219.6
1094,-12378,1649322650.243617000,18.65.156.210
1095,66,1649322650.243672000,10.11.219.6
1096,155,1649322650.245065000,10.11.219.6
1097,-4160,1649322650.245256000,18.65.156.210
1098,66,1649322650.245266000,10.11.219.6
1099,-9642,1649322650.245275000,18.65.156.210
1100,66,1649322650.245389000,10.11.219.6
1101,-6896,1649322650.245675000,18.65.156.210
1102,66,1649322650.245682000,10.11.219.6
1103,-4170,1649322650.245692000,18.65.156.210
1104,66,1649322650.245717000,10.11.219.6
1105,155,1649322650.245998000,10.11.219.6
1106,-2802,1649322650.247649000,18.65.156.210
1107,66,1649322650.247661000,10.11.219.6
1108,-9642,1649322650.247759000,18.65.156.210
1109,-300,1649322650.247766000,18.65.156.210
1110,78,1649322650.247773000,10.11.219.6
1111,-1434,1649322650.247802000,18.65.156.210
1112,66,1649322650.247808000,10.11.219.6
1113,-2802,1649322650.247812000,18.65.156.210
1114,-595,1649322650.247817000,18.65.156.210
1115,78,1649322650.247821000,10.11.219.6
1116,-1434,1649322650.247824000,18.65.156.210
1117,66,1649322650.247827000,10.11.219.6
1118,-6906,1649322650.249737000,18.65.156.210
1119,66,1649322650.249765000,10.11.219.6
1120,-547,1649322650.249784000,18.65.156.210
1121,78,1649322650.249790000,10.11.219.6
1122,-1434,1649322650.249794000,18.65.156.210
1123,66,1649322650.249797000,10.11.219.6
1124,-5538,1649322650.253782000,18.65.156.210
1125,66,1649322650.253851000,10.11.219.6
1126,-11000,1649322650.253987000,18.65.156.210
1127,66,1649322650.254001000,10.11.219.6
1128,-517,1649322650.254025000,18.65.156.210
1129,-66,1649322650.270317000,54.148.152.248
1130,-5511,1649322650.272775000,54.148.152.248
1131,66,1649322650.272801000,10.11.219.6
1132,192,1649322650.279396000,10.11.219.6
1133,155,1649322650.279788000,10.11.219.6
1134,155,1649322650.280189000,10.11.219.6
1135,-978,1649322650.283351000,18.65.156.210
1136,-1434,1649322650.283363000,18.65.156.210
1137,66,1649322650.283368000,10.11.219.6
1138,-1434,1649322650.283384000,18.65.156.210
1139,-2802,1649322650.285493000,18.65.156.210
1140,66,1649322650.285508000,10.11.219.6
1141,-11000,1649322650.285621000,18.65.156.210
1142,66,1649322650.285626000,10.11.219.6
1143,-4170,1649322650.285665000,18.65.156.210
1144,66,1649322650.285669000,10.11.219.6
1145,-365,1649322650.285673000,18.65.156.210
1146,78,1649322650.285679000,10.11.219.6
1147,-1434,1649322650.285683000,18.65.156.210
1148,66,1649322650.285688000,10.11.219.6
1149,-324,1649322650.418483000,54.148.152.248
1150,66,1649322650.418509000,10.11.219.6
1151,-135,1649322650.418526000,54.148.152.248
1152,66,1649322650.418530000,10.11.219.6
1153,243,1649322650.438171000,10.11.219.6
1154,506,1649322650.438208000,10.11.219.6
1155,104,1649322650.438663000,10.11.219.6
1156,157,1649322650.454857000,10.11.219.6
1157,-5538,1649322650.459907000,18.65.156.210
1158,66,1649322650.459938000,10.11.219.6
1159,-5538,1649322650.459974000,18.65.156.210
1160,66,1649322650.459980000,10.11.219.6
1161,-5528,1649322650.461270000,18.65.156.210
1162,66,1649322650.461292000,10.11.219.6
1163,-1434,1649322650.461316000,18.65.156.210
1164,-730,1649322650.461319000,18.65.156.210
1165,78,1649322650.461324000,10.11.219.6
1166,-1434,1649322650.461328000,18.65.156.210
1167,66,1649322650.461332000,10.11.219.6
1168,-398,1649322650.461335000,18.65.156.210
1169,66,1649322650.505423000,10.11.219.6
1170,194,1649322650.547946000,10.11.219.6
1171,181,1649322650.548414000,10.11.219.6
1172,-2802,1649322650.551108000,18.65.156.210
1173,66,1649322650.551135000,10.11.219.6
1174,-4170,1649322650.551171000,18.65.156.210
1175,66,1649322650.551180000,10.11.219.6
1176,-8274,1649322650.553361000,18.65.156.210
1177,66,1649322650.553383000,10.11.219.6
1178,-1424,1649322650.553482000,18.65.156.210
1179,66,1649322650.553497000,10.11.219.6
1180,-15114,1649322650.553504000,18.65.156.210
1181,66,1649322650.553625000,10.11.219.6
1182,-1424,1649322650.555832000,18.65.156.210
1183,66,1649322650.555853000,10.11.219.6
1184,-1434,1649322650.555878000,18.65.156.210
1185,66,1649322650.555882000,10.11.219.6
1186,-17850,1649322650.556005000,18.65.156.210
1187,-101,1649322650.556016000,18.65.156.210
1188,78,1649322650.556020000,10.11.219.6
1189,-1434,1649322650.556024000,18.65.156.210
1190,66,1649322650.556026000,10.11.219.6
1191,-2802,1649322650.556028000,18.65.156.210
1192,-809,1649322650.556029000,18.65.156.210
1193,78,1649322650.556030000,10.11.219.6
1194,-1434,1649322650.558323000,18.65.156.210
1195,66,1649322650.558364000,10.11.219.6
1196,-66,1649322650.576671000,54.148.152.248
1197,-104,1649322650.576694000,54.148.152.248
1198,66,1649322650.576706000,10.11.219.6
1199,-236,1649322650.579839000,54.148.152.248
1200,66,1649322650.579863000,10.11.219.6
1201,-104,1649322650.579879000,54.148.152.248
1202,66,1649322650.579885000,10.11.219.6
1203,188,1649322650.681786000,10.11.219.6
1204,-673,1649322650.685250000,18.65.156.210
1205,78,1649322650.685280000,10.11.219.6
1206,-1434,1649322650.685306000,18.65.156.210
1207,66,1649322650.685318000,10.11.219.6
1208,155,1649322650.694778000,10.11.219.6
1209,-1408,1649322650.698012000,18.65.156.210
1210,66,1649322650.698089000,10.11.219.6
1211,-782,1649322650.765841000,18.65.110.227
1212,66,1649322650.765861000,10.11.219.6
1213,-2509,1649322650.765887000,18.65.110.227
1214,66,1649322650.765895000,10.11.219.6
1215,-1190,1649322650.765900000,18.65.110.227
1216,66,1649322650.765904000,10.11.219.6
1217,-421,1649322650.767233000,18.65.110.227
1218,78,1649322650.767305000,10.11.219.6
1219,-1434,1649322650.767366000,18.65.110.227
1220,66,1649322650.767398000,10.11.219.6
1221,-4170,1649322650.767422000,18.65.110.227
1222,66,1649322650.767439000,10.11.219.6
1223,-514,1649322650.767450000,18.65.110.227
1224,78,1649322650.767463000,10.11.219.6
1225,-1434,1649322650.767471000,18.65.110.227
1226,66,1649322650.767487000,10.11.219.6
1227,-6906,1649322650.773579000,18.65.110.227
1228,66,1649322650.773597000,10.11.219.6
1229,-499,1649322650.773618000,18.65.110.227
1230,78,1649322650.773626000,10.11.219.6
1231,-1434,1649322650.773630000,18.65.110.227
1232,66,1649322650.773634000,10.11.219.6
1233,-2802,1649322650.780181000,18.65.110.227
1234,66,1649322650.780196000,10.11.219.6
1235,-4170,1649322650.780224000,18.65.110.227
1236,66,1649322650.780227000,10.11.219.6
1237,-884,1649322650.780229000,18.65.110.227
1238,78,1649322650.780232000,10.11.219.6
1239,-1434,1649322650.780234000,18.65.110.227
1240,66,1649322650.780236000,10.11.219.6
1241,-2802,1649322650.786503000,18.65.110.227
1242,66,1649322650.786516000,10.11.219.6
1243,-4170,1649322650.786682000,18.65.110.227
1244,66,1649322650.786686000,10.11.219.6
1245,-890,1649322650.786691000,18.65.110.227
1246,78,1649322650.786694000,10.11.219.6
1247,-1434,1649322650.786696000,18.65.110.227
1248,66,1649322650.786698000,10.11.219.6
1249,-13746,1649322650.786701000,18.65.110.227
1250,-1424,1649322650.786710000,18.65.110.227
1251,78,1649322650.786713000,10.11.219.6
1252,-1434,1649322650.786717000,18.65.110.227
1253,66,1649322650.786720000,10.11.219.6
1254,-100,1649322650.786723000,18.65.110.227
1255,66,1649322650.786814000,10.11.219.6
1256,-335,1649322650.788801000,18.65.110.227
1257,78,1649322650.788817000,10.11.219.6
1258,-1434,1649322650.788829000,18.65.110.227
1259,66,1649322650.788837000,10.11.219.6
1260,-16472,1649322650.788942000,18.65.110.227
1261,66,1649322650.788957000,10.11.219.6
1262,-369,1649322650.788958000,18.65.110.227
1263,-1434,1649322650.788960000,18.65.110.227
1264,78,1649322650.788966000,10.11.219.6
1265,66,1649322650.788971000,10.11.219.6
1266,164,1649322650.829074000,10.11.219.6
1267,165,1649322650.833191000,10.11.219.6
1268,-2377,1649322650.833257000,18.65.156.210
1269,-97,1649322650.833271000,18.65.156.210
1270,66,1649322650.833347000,10.11.219.6
1271,-2075,1649322650.837357000,18.65.156.210
1272,66,1649322650.837372000,10.11.219.6
1273,-97,1649322650.837388000,18.65.156.210
1274,66,1649322650.837704000,10.11.219.6
1275,164,1649322650.839163000,10.11.219.6
1276,160,1649322650.841139000,10.11.219.6
1277,-1434,1649322650.842846000,18.65.156.210
1278,-167,1649322650.842864000,18.65.156.210
1279,78,1649322650.842874000,10.11.219.6
1280,-1434,1649322650.842888000,18.65.156.210
1281,66,1649322650.842896000,10.11.219.6
1282,-97,1649322650.842900000,18.65.156.210
1283,66,1649322650.843127000,10.11.219.6
1284,-2166,1649322650.844944000,18.65.156.210
1285,-97,1649322650.844962000,18.65.156.210
1286,66,1649322650.844989000,10.11.219.6
1287,160,1649322650.847043000,10.11.219.6
1288,-1434,1649322650.850359000,18.65.156.210
1289,-394,1649322650.850375000,18.65.156.210
1290,78,1649322650.850383000,10.11.219.6
1291,-1434,1649322650.850395000,18.65.156.210
1292,66,1649322650.850398000,10.11.219.6
1293,-97,1649322650.850399000,18.65.156.210
1294,160,1649322650.850874000,10.11.219.6
1295,160,1649322650.854466000,10.11.219.6
1296,-1434,1649322650.854550000,18.65.156.210
1297,-319,1649322650.854560000,18.65.156.210
1298,78,1649322650.854566000,10.11.219.6
1299,-1434,1649322650.854615000,18.65.156.210
1300,66,1649322650.854620000,10.11.219.6
1301,-97,1649322650.854624000,18.65.156.210
1302,-3840,1649322650.859049000,18.65.156.210
1303,66,1649322650.859066000,10.11.219.6
1304,-509,1649322650.859090000,18.65.156.210
1305,-97,1649322650.859096000,18.65.156.210
1306,66,1649322650.859351000,10.11.219.6
1307,160,1649322650.861770000,10.11.219.6
1308,160,1649322650.862448000,10.11.219.6
1309,160,1649322650.863115000,10.11.219.6
1310,-9642,1649322650.863997000,18.65.110.227
1311,66,1649322650.864020000,10.11.219.6
1312,-1427,1649322650.864038000,18.65.110.227
1313,78,1649322650.864046000,10.11.219.6
1314,-1434,1649322650.864064000,18.65.110.227
1315,66,1649322650.864073000,10.11.219.6
1316,-66,1649322650.865375000,18.65.156.210
1317,-2657,1649322650.865390000,18.65.156.210
1318,-97,1649322650.865393000,18.65.156.210
1319,-764,1649322650.866546000,18.65.156.210
1320,78,1649322650.866638000,10.11.219.6
1321,-1434,1649322650.866709000,18.65.156.210
1322,66,1649322650.866732000,10.11.219.6
1323,-97,1649322650.866745000,18.65.156.210
1324,-3775,1649322650.867612000,18.65.156.210
1325,-97,1649322650.867623000,18.65.156.210
1326,66,1649322650.868157000,10.11.219.6
1327,160,1649322650.871867000,10.11.219.6
1328,160,1649322650.872209000,10.11.219.6
1329,160,1649322650.874635000,10.11.219.6
1330,-66,1649322650.874752000,18.65.156.210
1331,160,1649322650.876235000,10.11.219.6
1332,-2700,1649322650.876351000,18.65.156.210
1333,-97,1649322650.876360000,18.65.156.210
1334,-1434,1649322650.876362000,18.65.156.210
1335,-227,1649322650.876363000,18.65.156.210
1336,78,1649322650.876372000,10.11.219.6
1337,-1434,1649322650.876381000,18.65.156.210
1338,66,1649322650.876386000,10.11.219.6
1339,-97,1649322650.876389000,18.65.156.210
1340,160,1649322650.877395000,10.11.219.6
1341,160,1649322650.877985000,10.11.219.6
1342,-1434,1649322650.878260000,18.65.156.210
1343,-416,1649322650.878273000,18.65.156.210
1344,78,1649322650.878279000,10.11.219.6
1345,-1434,1649322650.878288000,18.65.156.210
1346,66,1649322650.878292000,10.11.219.6
1347,-97,1649322650.878295000,18.65.156.210
1348,159,1649322650.878675000,10.11.219.6
1349,160,1649322650.879023000,10.11.219.6
1350,159,1649322650.879509000,10.11.219.6
1351,-3839,1649322650.880589000,18.65.156.210
1352,-315,1649322650.880602000,18.65.156.210
1353,78,1649322650.880613000,10.11.219.6
1354,-1434,1649322650.880628000,18.65.156.210
1355,66,1649322650.880633000,10.11.219.6
1356,160,1649322650.881295000,10.11.219.6
1357,-66,1649322650.881722000,18.65.156.210
1358,-1434,1649322650.881741000,18.65.156.210
1359,-1103,1649322650.881746000,18.65.156.210
1360,78,1649322650.881756000,10.11.219.6
1361,-1434,1649322650.881769000,18.65.156.210
1362,66,1649322650.881773000,10.11.219.6
1363,-785,1649322650.881775000,18.65.156.210
1364,78,1649322650.881778000,10.11.219.6
1365,-1434,1649322650.881781000,18.65.156.210
1366,66,1649322650.881783000,10.11.219.6
1367,-97,1649322650.881785000,18.65.156.210
1368,-1434,1649322650.882576000,18.65.156.210
1369,-536,1649322650.882593000,18.65.156.210
1370,78,1649322650.882602000,10.11.219.6
1371,-1434,1649322650.882613000,18.65.156.210
1372,66,1649322650.882621000,10.11.219.6
1373,-97,1649322650.882625000,18.65.156.210
1374,159,1649322650.883789000,10.11.219.6
1375,-2802,1649322650.885021000,18.65.156.210
1376,-933,1649322650.885068000,18.65.156.210
1377,78,1649322650.885096000,10.11.219.6
1378,-1434,1649322650.885136000,18.65.156.210
1379,66,1649322650.885147000,10.11.219.6
1380,-97,1649322650.885155000,18.65.156.210
1381,-1434,1649322650.885157000,18.65.156.210
1382,-431,1649322650.885160000,18.65.156.210
1383,78,1649322650.885169000,10.11.219.6
1384,-1434,1649322650.885176000,18.65.156.210
1385,66,1649322650.885182000,10.11.219.6
1386,-97,1649322650.885241000,18.65.156.210
1387,-6803,1649322650.885248000,18.65.156.210
1388,-97,1649322650.885253000,18.65.156.210
1389,160,1649322650.885741000,10.11.219.6
1390,-4170,1649322650.886195000,18.65.156.210
1391,66,1649322650.886211000,10.11.219.6
1392,-784,1649322650.886220000,18.65.156.210
1393,78,1649322650.886225000,10.11.219.6
1394,-1434,1649322650.886228000,18.65.156.210
1395,66,1649322650.886231000,10.11.219.6
1396,-97,1649322650.886234000,18.65.156.210
1397,214,1649322650.886697000,10.11.219.6
1398,214,1649322650.887504000,10.11.219.6
1399,-5538,1649322650.889388000,18.65.156.210
1400,-198,1649322650.889411000,18.65.156.210
1401,78,1649322650.889422000,10.11.219.6
1402,-1434,1649322650.889441000,18.65.156.210
1403,66,1649322650.889446000,10.11.219.6
1404,-442,1649322650.889449000,18.65.156.210
1405,-97,1649322650.889451000,18.65.156.210
1406,-676,1649322650.889468000,18.65.156.210
1407,-3658,1649322650.890236000,18.65.156.210
1408,-4088,1649322650.891199000,18.65.156.210
1409,66,1649322650.901476000,10.11.219.6
1410,214,1649322650.905834000,10.11.219.6
1411,361,1649322650.906082000,10.11.219.6
1412,361,1649322650.906454000,10.11.219.6
1413,362,1649322650.906627000,10.11.219.6
1414,214,1649322650.906806000,10.11.219.6
1415,361,1649322650.907177000,10.11.219.6
1416,361,1649322650.907464000,10.11.219.6
1417,509,1649322650.907740000,10.11.219.6
1418,214,1649322650.908085000,10.11.219.6
1419,214,1649322650.908441000,10.11.219.6
1420,-66,1649322650.909306000,18.65.156.210
1421,-1434,1649322650.909322000,18.65.156.210
1422,-415,1649322650.909330000,18.65.156.210
1423,78,1649322650.909339000,10.11.219.6
1424,-1434,1649322650.909350000,18.65.156.210
1425,66,1649322650.909354000,10.11.219.6
1426,214,1649322650.909829000,10.11.219.6
1427,361,1649322650.910077000,10.11.219.6
1428,-2802,1649322650.911300000,18.65.156.210
1429,214,1649322650.911330000,10.11.219.6
1430,-9642,1649322650.911624000,18.65.156.210
1431,-1328,1649322650.911630000,18.65.156.210
1432,78,1649322650.911637000,10.11.219.6
1433,-1434,1649322650.911679000,18.65.156.210
1434,66,1649322650.911684000,10.11.219.6
1435,-2802,1649322650.911689000,18.65.156.210
1436,-382,1649322650.911692000,18.65.156.210
1437,78,1649322650.911696000,10.11.219.6
1438,-1434,1649322650.911699000,18.65.156.210
1439,66,1649322650.911702000,10.11.219.6
1440,-4170,1649322650.911705000,18.65.156.210
1441,66,1649322650.911748000,10.11.219.6
1442,184,1649322650.912802000,10.11.219.6
1443,-4170,1649322650.913473000,18.65.156.210
1444,66,1649322650.913488000,10.11.219.6
1445,-102,1649322650.913508000,18.65.156.210
1446,78,1649322650.913516000,10.11.219.6
1447,-1434,1649322650.913522000,18.65.156.210
1448,66,1649322650.913527000,10.11.219.6
1449,-66,1649322650.913530000,18.65.156.210
1450,-6906,1649322650.913539000,18.65.156.210
1451,-397,1649322650.913555000,18.65.156.210
1452,78,1649322650.913560000,10.11.219.6
1453,-1434,1649322650.913565000,18.65.156.210
1454,66,1649322650.913569000,10.11.219.6
1455,-1308,1649322650.915784000,18.65.156.210
1456,-2802,1649322650.915798000,18.65.156.210
1457,66,1649322650.915808000,10.11.219.6
1458,-547,1649322650.915828000,18.65.156.210
1459,78,1649322650.915842000,10.11.219.6
1460,-1434,1649322650.915927000,18.65.156.210
1461,66,1649322650.915934000,10.11.219.6
1462,-5530,1649322650.915952000,18.65.156.210
1463,-10939,1649322650.915959000,18.65.156.210
1464,-2802,1649322650.915971000,18.65.156.210
1465,66,1649322650.916823000,10.11.219.6
1466,178,1649322650.917205000,10.11.219.6
1467,239,1649322650.917342000,10.11.219.6
1468,-2748,1649322650.918118000,18.65.156.210
1469,66,1649322650.918130000,10.11.219.6
1470,-5538,1649322650.918142000,18.65.156.210
1471,66,1649322650.918252000,10.11.219.6
1472,-9537,1649322650.918592000,18.65.156.210
1473,-6906,1649322650.918601000,18.65.156.210
1474,66,1649322650.918847000,10.11.219.6
1475,470,1649322650.918962000,10.11.219.6
1476,152,1649322650.920425000,10.11.219.6
1477,-1097,1649322650.920570000,18.65.156.210
1478,-5538,1649322650.920581000,18.65.156.210
1479,66,1649322650.920588000,10.11.219.6
1480,-553,1649322650.920597000,18.65.156.210
1481,166,1649322650.920604000,10.11.219.6
1482,-1434,1649322650.921392000,18.65.156.210
1483,66,1649322650.921415000,10.11.219.6
1484,-8274,1649322650.921430000,18.65.156.210
1485,-860,1649322650.921434000,18.65.156.210
1486,78,1649322650.921448000,10.11.219.6
1487,-1434,1649322650.921472000,18.65.156.210
1488,66,1649322650.921477000,10.11.219.6
1489,-5538,1649322650.921481000,18.65.156.210
1490,-283,1649322650.921488000,18.65.156.210
1491,78,1649322650.921491000,10.11.219.6
1492,-1434,1649322650.921494000,18.65.156.210
1493,66,1649322650.921497000,10.11.219.6
1494,240,1649322650.921973000,10.11.219.6
1495,-2691,1649322650.924276000,18.65.156.210
1496,66,1649322650.924292000,10.11.219.6
1497,-1434,1649322650.924486000,18.65.156.210
1498,-1162,1649322650.924494000,18.65.156.210
1499,78,1649322650.924502000,10.11.219.6
1500,-1434,1649322650.924510000,18.65.156.210
1501,66,1649322650.924517000,10.11.219.6
1502,-4089,1649322650.924522000,18.65.156.210
1503,-3796,1649322650.924524000,18.65.156.210
1504,-5054,1649322650.924553000,18.65.156.210
1505,-2802,1649322650.924558000,18.65.156.210
1506,-841,1649322650.924559000,18.65.156.210
1507,78,1649322650.924563000,10.11.219.6
1508,-1434,1649322650.924568000,18.65.156.210
1509,66,1649322650.924572000,10.11.219.6
1510,-1434,1649322650.924580000,18.65.156.210
1511,-2447,1649322650.926812000,18.65.156.210
1512,66,1649322650.926833000,10.11.219.6
1513,-16472,1649322650.927000000,18.65.156.210
1514,-6729,1649322650.927033000,18.65.156.210
1515,66,1649322650.927254000,10.11.219.6
1516,-66,1649322650.929343000,18.65.156.210
1517,-2802,1649322650.929357000,18.65.156.210
1518,66,1649322650.929394000,10.11.219.6
1519,-5379,1649322650.929461000,18.65.156.210
1520,-1434,1649322650.929464000,18.65.156.210
1521,-668,1649322650.929466000,18.65.156.210
1522,78,1649322650.929474000,10.11.219.6
1523,-1434,1649322650.929480000,18.65.156.210
1524,66,1649322650.929484000,10.11.219.6
1525,-66,1649322650.929488000,18.65.156.210
1526,-1434,1649322650.929519000,18.65.156.210
1527,-251,1649322650.929523000,18.65.156.210
1528,78,1649322650.929526000,10.11.219.6
1529,-1434,1649322650.929531000,18.65.156.210
1530,66,1649322650.929536000,10.11.219.6
1531,-5538,1649322650.929540000,18.65.156.210
1532,66,1649322650.929619000,10.11.219.6
1533,-1434,1649322650.930429000,18.65.156.210
1534,-93,1649322650.930442000,18.65.156.210
1535,78,1649322650.930452000,10.11.219.6
1536,-1434,1649322650.930484000,18.65.156.210
1537,66,1649322650.930489000,10.11.219.6
1538,-97,1649322650.930493000,18.65.156.210
1539,-4170,1649322650.930495000,18.65.156.210
1540,-490,1649322650.930497000,18.65.156.210
1541,78,1649322650.930500000,10.11.219.6
1542,-1434,1649322650.930518000,18.65.156.210
1543,66,1649322650.930522000,10.11.219.6
1544,-97,1649322650.930527000,18.65.156.210
1545,-1434,1649322650.930529000,18.65.156.210
1546,66,1649322650.930572000,10.11.219.6
1547,-3680,1649322650.932591000,18.65.156.210
1548,66,1649322650.932657000,10.11.219.6
1549,-97,1649322650.932727000,18.65.156.210
1550,-5538,1649322650.932753000,18.65.156.210
1551,-343,1649322650.932817000,18.65.156.210
1552,78,1649322650.932857000,10.11.219.6
1553,-1434,1649322650.932886000,18.65.156.210
1554,-97,1649322650.932899000,18.65.156.210
1555,-1434,1649322650.932905000,18.65.156.210
1556,66,1649322650.932922000,10.11.219.6
1557,-956,1649322650.933051000,18.65.156.210
1558,-97,1649322650.933059000,18.65.156.210
1559,-1434,1649322650.933066000,18.65.156.210
1560,-330,1649322650.933067000,18.65.156.210
1561,-1434,1649322650.933070000,18.65.156.210
1562,-97,1649322650.933075000,18.65.156.210
1563,-2592,1649322650.933083000,18.65.156.210
1564,-97,1649322650.933153000,18.65.156.210
1565,78,1649322650.933275000,10.11.219.6
1566,66,1649322650.933293000,10.11.219.6
1567,66,1649322650.933538000,10.11.219.6
1568,251,1649322650.970991000,10.11.219.6
1569,-16472,1649322650.976593000,18.65.156.210
1570,-950,1649322650.976619000,18.65.156.210
1571,66,1649322650.976675000,10.11.219.6
1572,164,1649322650.983191000,10.11.219.6
1573,-864,1649322650.986287000,18.65.156.210
1574,180,1649322650.991373000,10.11.219.6
1575,-371,1649322650.994839000,18.65.156.210
1576,78,1649322650.994863000,10.11.219.6
1577,-1434,1649322650.994887000,18.65.156.210
1578,66,1649322650.994894000,10.11.219.6
1579,66,1649322651.029419000,10.11.219.6
1580,240,1649322651.054538000,10.11.219.6
1581,-2802,1649322651.059108000,18.65.156.210
1582,66,1649322651.059163000,10.11.219.6
1583,-11937,1649322651.059192000,18.65.156.210
1584,66,1649322651.059214000,10.11.219.6
1585,166,1649322651.076591000,10.11.219.6
1586,-85,1649322651.080477000,18.65.156.210
1587,78,1649322651.080499000,10.11.219.6
1588,-1434,1649322651.080515000,18.65.156.210
1589,66,1649322651.080525000,10.11.219.6
1590,155,1649322651.091499000,10.11.219.6
1591,-360,1649322651.094397000,18.65.156.210
1592,78,1649322651.094413000,10.11.219.6
1593,-1434,1649322651.094423000,18.65.156.210
1594,66,1649322651.094429000,10.11.219.6
1595,-2187,1649322651.143769000,18.65.110.227
1596,66,1649322651.143781000,10.11.219.6
1597,-2773,1649322651.157754000,18.65.110.227
1598,66,1649322651.157768000,10.11.219.6
1599,-2802,1649322651.161286000,18.65.110.227
1600,66,1649322651.161304000,10.11.219.6
1601,-4170,1649322651.163935000,18.65.110.227
1602,66,1649322651.163958000,10.11.219.6
1603,-884,1649322651.163981000,18.65.110.227
1604,78,1649322651.163987000,10.11.219.6
1605,-1434,1649322651.163991000,18.65.110.227
1606,66,1649322651.163999000,10.11.219.6
1607,-16472,1649322651.164538000,18.65.110.227
1608,66,1649322651.164554000,10.11.219.6
1609,-5538,1649322651.164595000,18.65.110.227
1610,66,1649322651.164600000,10.11.219.6
1611,-71,1649322651.164605000,18.65.110.227
1612,78,1649322651.164610000,10.11.219.6
1613,-1434,1649322651.164614000,18.65.110.227
1614,66,1649322651.164618000,10.11.219.6
1615,-293,1649322651.164622000,18.65.110.227
1616,66,1649322651.164625000,10.11.219.6
1617,-138,1649322651.164629000,18.65.110.227
1618,66,1649322651.164632000,10.11.219.6
1619,177,1649322651.172615000,10.11.219.6
1620,74,1649322651.175238000,10.11.219.6
1621,-9498,1649322651.177270000,18.65.156.210
1622,66,1649322651.177307000,10.11.219.6
1623,171,1649322651.184991000,10.11.219.6
1624,-679,1649322651.188772000,18.65.156.210
1625,66,1649322651.189046000,10.11.219.6
1626,157,1649322651.225150000,10.11.219.6
1627,-5538,1649322651.231933000,18.65.156.210
1628,-11000,1649322651.232078000,18.65.156.210
1629,-11010,1649322651.232123000,18.65.156.210
1630,66,1649322651.233024000,10.11.219.6
1631,-5528,1649322651.233895000,18.65.156.210
1632,66,1649322651.233911000,10.11.219.6
1633,-5538,1649322651.233934000,18.65.156.210
1634,-13648,1649322651.234457000,18.65.156.210
1635,-222,1649322651.234470000,18.65.156.210
1636,66,1649322651.234679000,10.11.219.6
1637,178,1649322651.296933000,10.11.219.6
1638,-1297,1649322651.300679000,18.65.156.210
1639,66,1649322651.300746000,10.11.219.6
1640,-66,1649322651.310442000,52.119.171.205
1641,54,1649322651.310493000,10.11.219.6
1642,571,1649322651.312772000,10.11.219.6
1643,626,1649322651.403706000,10.11.219.6
1644,-66,1649322651.406692000,18.65.110.227
1645,-1434,1649322651.409116000,18.65.110.227
1646,66,1649322651.409128000,10.11.219.6
1647,-330,1649322651.409145000,18.65.110.227
1648,78,1649322651.409148000,10.11.219.6
1649,-1434,1649322651.409150000,18.65.110.227
1650,66,1649322651.409153000,10.11.219.6
1651,-54,1649322651.445446000,52.119.171.205
1652,-54,1649322651.446519000,52.119.171.205
1653,-2774,1649322651.449142000,52.119.171.205
1654,54,1649322651.449158000,10.11.219.6
1655,-3236,1649322651.449300000,52.119.171.205
1656,54,1649322651.449307000,10.11.219.6
1657,180,1649322651.454082000,10.11.219.6
1658,273,1649322651.588017000,10.11.219.6
1659,-105,1649322651.588419000,52.119.171.205
1660,54,1649322651.588434000,10.11.219.6
1661,524,1649322651.588715000,10.11.219.6
1662,-5538,1649322651.592506000,18.65.156.210
1663,66,1649322651.592533000,10.11.219.6
1664,-4170,1649322651.592562000,18.65.156.210
1665,66,1649322651.592565000,10.11.219.6
1666,-412,1649322651.592568000,18.65.156.210
1667,-1434,1649322651.592569000,18.65.156.210
1668,78,1649322651.592580000,10.11.219.6
1669,66,1649322651.592595000,10.11.219.6
1670,171,1649322651.600933000,10.11.219.6
1671,-5538,1649322651.604045000,18.65.156.210
1672,66,1649322651.604350000,10.11.219.6
1673,-4170,1649322651.605036000,18.65.156.210
1674,66,1649322651.605050000,10.11.219.6
1675,-412,1649322651.605067000,18.65.156.210
1676,78,1649322651.605072000,10.11.219.6
1677,-1434,1649322651.605076000,18.65.156.210
1678,66,1649322651.605080000,10.11.219.6
1679,171,1649322651.610545000,10.11.219.6
1680,-2802,1649322651.613801000,18.65.156.210
1681,-8274,1649322651.613846000,18.65.156.210
1682,171,1649322651.613847000,10.11.219.6
1683,66,1649322651.613932000,10.11.219.6
1684,-412,1649322651.618409000,18.65.156.210
1685,-11354,1649322651.619785000,18.65.156.210
1686,66,1649322651.620077000,10.11.219.6
1687,171,1649322651.652514000,10.11.219.6
1688,351,1649322651.652897000,10.11.219.6
1689,-4170,1649322651.655514000,18.65.156.210
1690,66,1649322651.655583000,10.11.219.6
1691,-2802,1649322651.657579000,18.65.156.210
1692,66,1649322651.657600000,10.11.219.6
1693,-2802,1649322651.657737000,18.65.156.210
1694,66,1649322651.657743000,10.11.219.6
1695,-412,1649322651.657752000,18.65.156.210
1696,78,1649322651.657757000,10.11.219.6
1697,-16472,1649322651.657763000,18.65.156.210
1698,-1434,1649322651.657777000,18.65.156.210
1699,66,1649322651.657781000,10.11.219.6
1700,66,1649322651.658774000,10.11.219.6
1701,-11010,1649322651.659567000,18.65.156.210
1702,66,1649322651.659584000,10.11.219.6
1703,-5528,1649322651.659959000,18.65.156.210
1704,66,1649322651.659971000,10.11.219.6
1705,-8274,1649322651.659985000,18.65.156.210
1706,66,1649322651.660012000,10.11.219.6
1707,-2802,1649322651.662105000,18.65.156.210
1708,66,1649322651.662124000,10.11.219.6
1709,-19218,1649322651.662256000,18.65.156.210
1710,-2802,1649322651.662272000,18.65.156.210
1711,66,1649322651.662283000,10.11.219.6
1712,-8274,1649322651.665134000,18.65.156.210
1713,66,1649322651.665203000,10.11.219.6
1714,-16482,1649322651.665494000,18.65.156.210
1715,66,1649322651.665674000,10.11.219.6
1716,-2802,1649322651.668218000,18.65.156.210
1717,66,1649322651.668263000,10.11.219.6
1718,-17850,1649322651.668412000,18.65.156.210
1719,-888,1649322651.668436000,18.65.156.210
1720,78,1649322651.668450000,10.11.219.6
1721,-1434,1649322651.668457000,18.65.156.210
1722,66,1649322651.668463000,10.11.219.6
1723,163,1649322651.678835000,10.11.219.6
1724,-1186,1649322651.682393000,18.65.156.210
1725,66,1649322651.729425000,10.11.219.6
1726,178,1649322651.736860000,10.11.219.6
1727,229,1649322651.737147000,10.11.219.6
1728,149,1649322651.739890000,10.11.219.6
1729,-2802,1649322651.740445000,18.65.156.210
1730,-1434,1649322651.740472000,18.65.156.210
1731,-142,1649322651.740474000,18.65.156.210
1732,-1434,1649322651.740476000,18.65.156.210
1733,66,1649322651.740476000,10.11.219.6
1734,78,1649322651.740490000,10.11.219.6
1735,66,1649322651.740494000,10.11.219.6
1736,-2802,1649322651.741575000,18.65.156.210
1737,66,1649322651.741589000,10.11.219.6
1738,-934,1649322651.741608000,18.65.156.210
1739,78,1649322651.741615000,10.11.219.6
1740,-1434,1649322651.741618000,18.65.156.210
1741,66,1649322651.741623000,10.11.219.6
1742,204,1649322651.742668000,10.11.219.6
1743,-11010,1649322651.743243000,18.65.156.210
1744,66,1649322651.743289000,10.11.219.6
1745,-5528,1649322651.743744000,18.65.156.210
1746,66,1649322651.743752000,10.11.219.6
1747,-8274,1649322651.743769000,18.65.156.210
1748,66,1649322651.743797000,10.11.219.6
1749,-2802,1649322651.746097000,18.65.156.210
1750,66,1649322651.746111000,10.11.219.6
1751,-5528,1649322651.746262000,18.65.156.210
1752,-6598,1649322651.746271000,18.65.156.210
1753,-9642,1649322651.746285000,18.65.156.210
1754,66,1649322651.746308000,10.11.219.6
1755,-6896,1649322651.748660000,18.65.156.210
1756,66,1649322651.748714000,10.11.219.6
1757,-1434,1649322651.748770000,18.65.156.210
1758,-16482,1649322651.748987000,18.65.156.210
1759,-2802,1649322651.750910000,18.65.156.210
1760,-9642,1649322651.751097000,18.65.156.210
1761,-12378,1649322651.751103000,18.65.156.210
1762,66,1649322651.751254000,10.11.219.6
1763,-5538,1649322651.753672000,18.65.156.210
1764,66,1649322651.753687000,10.11.219.6
1765,-12378,1649322651.753818000,18.65.156.210
1766,66,1649322651.753842000,10.11.219.6
1767,-6906,1649322651.753844000,18.65.156.210
1768,66,1649322651.753903000,10.11.219.6
1769,-5538,1649322651.756378000,18.65.156.210
1770,66,1649322651.756398000,10.11.219.6
1771,-17850,1649322651.756528000,18.65.156.210
1772,-503,1649322651.756536000,52.119.171.205
1773,54,1649322651.756548000,10.11.219.6
1774,66,1649322651.756554000,10.11.219.6
1775,-2802,1649322651.758886000,18.65.156.210
1776,66,1649322651.758900000,10.11.219.6
1777,-890,1649322651.759033000,18.65.156.210
1778,78,1649322651.759040000,10.11.219.6
1779,-1434,1649322651.759044000,18.65.156.210
1780,66,1649322651.759050000,10.11.219.6
1781,-15114,1649322651.759055000,18.65.156.210
1782,-945,1649322651.759068000,18.65.156.210
1783,78,1649322651.759071000,10.11.219.6
1784,-1434,1649322651.759074000,18.65.156.210
1785,66,1649322651.759077000,10.11.219.6
1786,74,1649322651.806601000,10.11.219.6
1787,74,1649322651.847830000,10.11.219.6
1788,536,1649322651.892651000,10.11.219.6
1789,699,1649322651.894096000,10.11.219.6
1790,160,1649322651.895589000,10.11.219.6
1791,-8274,1649322651.900172000,18.65.156.210
1792,-2802,1649322651.900253000,18.65.156.210
1793,66,1649322651.900260000,10.11.219.6
1794,66,1649322651.900289000,10.11.219.6
1795,-5528,1649322651.902522000,18.65.156.210
1796,-13746,1649322651.902571000,18.65.156.210
1797,66,1649322651.902703000,10.11.219.6
1798,-2792,1649322651.905309000,18.65.156.210
1799,66,1649322651.905324000,10.11.219.6
1800,-17850,1649322651.905350000,18.65.156.210
1801,-8274,1649322651.905392000,18.65.156.210
1802,66,1649322651.905474000,10.11.219.6
1803,-6886,1649322651.908499000,18.65.156.210
1804,66,1649322651.908521000,10.11.219.6
1805,-4170,1649322651.908548000,18.65.156.210
1806,66,1649322651.908624000,10.11.219.6
1807,-19218,1649322651.908637000,18.65.156.210
1808,66,1649322651.908751000,10.11.219.6
1809,-2802,1649322651.911719000,18.65.156.210
1810,66,1649322651.911738000,10.11.219.6
1811,-6906,1649322651.911851000,18.65.156.210
1812,-1434,1649322651.911855000,18.65.156.210
1813,66,1649322651.911908000,10.11.219.6
1814,-13746,1649322651.914837000,18.65.156.210
1815,66,1649322651.914899000,10.11.219.6
1816,-17850,1649322651.914980000,18.65.156.210
1817,-1416,1649322651.914998000,18.65.156.210
1818,66,1649322651.914998000,10.11.219.6
1819,-1434,1649322651.915000000,18.65.156.210
1820,-508,1649322651.915001000,18.65.156.210
1821,-1434,1649322651.915002000,18.65.156.210
1822,-97,1649322651.915003000,18.65.156.210
1823,78,1649322651.915017000,10.11.219.6
1824,66,1649322651.915022000,10.11.219.6
1825,66,1649322651.915379000,10.11.219.6
1826,-66,1649322651.945189000,52.94.215.169
1827,54,1649322651.945225000,10.11.219.6
1828,571,1649322651.949215000,10.11.219.6
1829,74,1649322651.954290000,10.11.219.6
1830,74,1649322651.960886000,10.11.219.6
1831,74,1649322651.961153000,10.11.219.6
1832,-66,1649322651.988003000,52.94.215.169
1833,54,1649322651.988045000,10.11.219.6
1834,571,1649322651.991396000,10.11.219.6
1835,161,1649322652.076318000,10.11.219.6
1836,74,1649322652.076934000,10.11.219.6
1837,74,1649322652.077331000,10.11.219.6
1838,-666,1649322652.080794000,18.65.156.210
1839,78,1649322652.080819000,10.11.219.6
1840,-1434,1649322652.080838000,18.65.156.210
1841,66,1649322652.080849000,10.11.219.6
1842,-97,1649322652.080856000,18.65.156.210
1843,66,1649322652.081186000,10.11.219.6
1844,-54,1649322652.083846000,52.94.215.169
1845,-54,1649322652.088133000,52.94.215.169
1846,-66,1649322652.088148000,54.240.252.146
1847,54,1649322652.088179000,10.11.219.6
1848,571,1649322652.090825000,10.11.219.6
1849,-5950,1649322652.092907000,52.94.215.169
1850,54,1649322652.092929000,10.11.219.6
1851,-66,1649322652.093504000,52.94.215.169
1852,54,1649322652.093531000,10.11.219.6
1853,-66,1649322652.099932000,54.240.252.146
1854,54,1649322652.099971000,10.11.219.6
1855,180,1649322652.103957000,10.11.219.6
1856,571,1649322652.108868000,10.11.219.6
1857,571,1649322652.112245000,10.11.219.6
1858,177,1649322652.118131000,10.11.219.6
1859,-2385,1649322652.120955000,18.65.156.210
1860,66,1649322652.121020000,10.11.219.6
1861,-54,1649322652.128252000,52.94.215.169
1862,-54,1649322652.131418000,52.94.215.169
1863,-2774,1649322652.134006000,52.94.215.169
1864,54,1649322652.134026000,10.11.219.6
1865,-3230,1649322652.134062000,52.94.215.169
1866,54,1649322652.134068000,10.11.219.6
1867,180,1649322652.139352000,10.11.219.6
1868,158,1649322652.170372000,10.11.219.6
1869,157,1649322652.170830000,10.11.219.6
1870,158,1649322652.170869000,10.11.219.6
1871,157,1649322652.171142000,10.11.219.6
1872,-2802,1649322652.174522000,18.65.156.210
1873,158,1649322652.174564000,10.11.219.6
1874,-13736,1649322652.174615000,18.65.156.210
1875,-771,1649322652.174632000,18.65.156.210
1876,66,1649322652.174675000,10.11.219.6
1877,157,1649322652.175259000,10.11.219.6
1878,158,1649322652.176087000,10.11.219.6
1879,-11010,1649322652.176262000,18.65.156.210
1880,66,1649322652.176292000,10.11.219.6
1881,-5528,1649322652.178190000,18.65.156.210
1882,66,1649322652.178203000,10.11.219.6
1883,-2802,1649322652.178216000,18.65.156.210
1884,66,1649322652.178421000,10.11.219.6
1885,-9519,1649322652.178610000,18.65.156.210
1886,-6906,1649322652.178617000,18.65.156.210
1887,66,1649322652.178633000,10.11.219.6
1888,-2802,1649322652.181096000,18.65.156.210
1889,66,1649322652.181114000,10.11.219.6
1890,-6896,1649322652.181249000,18.65.156.210
1891,-4170,1649322652.181253000,18.65.156.210
1892,-345,1649322652.181272000,18.65.156.210
1893,172,1649322652.181281000,10.11.219.6
1894,-1434,1649322652.181290000,18.65.156.210
1895,66,1649322652.181296000,10.11.219.6
1896,-8274,1649322652.181302000,18.65.156.210
1897,66,1649322652.181389000,10.11.219.6
1898,-8264,1649322652.187653000,18.65.156.210
1899,66,1649322652.187714000,10.11.219.6
1900,-275,1649322652.187782000,18.65.156.210
1901,78,1649322652.187802000,10.11.219.6
1902,-1434,1649322652.187806000,18.65.156.210
1903,66,1649322652.187810000,10.11.219.6
1904,-2802,1649322652.187818000,18.65.156.210
1905,-11010,1649322652.187852000,18.65.156.210
1906,-2792,1649322652.189787000,18.65.156.210
1907,-415,1649322652.189824000,18.65.156.210
1908,78,1649322652.189861000,10.11.219.6
1909,-1434,1649322652.189939000,18.65.156.210
1910,66,1649322652.189948000,10.11.219.6
1911,-4170,1649322652.189959000,18.65.156.210
1912,-12368,1649322652.190073000,18.65.156.210
1913,-4170,1649322652.190143000,18.65.156.210
1914,-9406,1649322652.192204000,18.65.156.210
1915,-15114,1649322652.192217000,18.65.156.210
1916,66,1649322652.192516000,10.11.219.6
1917,74,1649322652.193806000,10.11.219.6
1918,-1424,1649322652.193902000,18.65.156.210
1919,-1434,1649322652.193916000,18.65.156.210
1920,66,1649322652.193922000,10.11.219.6
1921,-4170,1649322652.194295000,18.65.156.210
1922,66,1649322652.194306000,10.11.219.6
1923,-690,1649322652.194314000,18.65.156.210
1924,78,1649322652.194319000,10.11.219.6
1925,-1434,1649322652.194322000,18.65.156.210
1926,66,1649322652.194326000,10.11.219.6
1927,-11010,1649322652.194330000,18.65.156.210
1928,-279,1649322652.194336000,18.65.156.210
1929,78,1649322652.194339000,10.11.219.6
1930,-1434,1649322652.194342000,18.65.156.210
1931,66,1649322652.194345000,10.11.219.6
1932,-97,1649322652.194347000,18.65.156.210
1933,-66,1649322652.203785000,52.94.176.92
1934,54,1649322652.203857000,10.11.219.6
1935,-66,1649322652.205011000,52.94.176.92
1936,54,1649322652.205031000,10.11.219.6
1937,571,1649322652.207069000,10.11.219.6
1938,571,1649322652.209970000,10.11.219.6
1939,-54,1649322652.215679000,54.240.252.146
1940,-54,1649322652.218930000,54.240.252.146
1941,-5931,1649322652.220497000,54.240.252.146
1942,54,1649322652.220505000,10.11.219.6
1943,180,1649322652.223463000,10.11.219.6
1944,-54,1649322652.234930000,52.94.215.169
1945,66,1649322652.237438000,10.11.219.6
1946,-54,1649322652.238334000,54.240.252.146
1947,-105,1649322652.242446000,52.94.215.169
1948,54,1649322652.242469000,10.11.219.6
1949,672,1649322652.242720000,10.11.219.6
1950,-54,1649322652.248949000,52.94.215.169
1951,-5950,1649322652.251623000,52.94.215.169
1952,54,1649322652.251666000,10.11.219.6
1953,-54,1649322652.251705000,54.240.252.146
1954,-5931,1649322652.253560000,54.240.252.146
1955,54,1649322652.253575000,10.11.219.6
1956,180,1649322652.255079000,10.11.219.6
1957,180,1649322652.258264000,10.11.219.6
1958,74,1649322652.274314000,10.11.219.6
1959,74,1649322652.275323000,10.11.219.6
1960,74,1649322652.275724000,10.11.219.6
1961,-105,1649322652.279944000,52.94.215.169
1962,54,1649322652.279953000,10.11.219.6
1963,673,1649322652.280164000,10.11.219.6
1964,-66,1649322652.329203000,52.119.166.51
1965,54,1649322652.329224000,10.11.219.6
1966,571,1649322652.331097000,10.11.219.6
1967,-54,1649322652.332339000,52.94.176.92
1968,-54,1649322652.336543000,52.94.176.92
1969,-54,1649322652.336545000,52.94.176.92
1970,-2774,1649322652.338519000,52.94.176.92
1971,54,1649322652.338526000,10.11.219.6
1972,-3359,1649322652.338549000,52.94.176.92
1973,54,1649322652.338553000,10.11.219.6
1974,-54,1649322652.340880000,52.94.176.92
1975,-2774,1649322652.340887000,52.94.176.92
1976,54,1649322652.340891000,10.11.219.6
1977,180,1649322652.341505000,10.11.219.6
1978,-3359,1649322652.341786000,52.94.176.92
1979,54,1649322652.341794000,10.11.219.6
1980,180,1649322652.347532000,10.11.219.6
1981,-105,1649322652.351183000,54.240.252.146
1982,54,1649322652.351201000,10.11.219.6
1983,593,1649322652.352312000,10.11.219.6
1984,160,1649322652.381822000,10.11.219.6
1985,-2802,1649322652.385720000,18.65.156.210
1986,-1106,1649322652.385749000,18.65.156.210
1987,-997,1649322652.385751000,18.65.156.210
1988,-97,1649322652.385752000,18.65.156.210
1989,66,1649322652.385754000,10.11.219.6
1990,66,1649322652.385771000,10.11.219.6
1991,-105,1649322652.395291000,52.94.215.169
1992,54,1649322652.395307000,10.11.219.6
1993,672,1649322652.395522000,10.11.219.6
1994,-105,1649322652.396309000,54.240.252.146
1995,54,1649322652.396321000,10.11.219.6
1996,-66,1649322652.402787000,52.94.176.92
1997,54,1649322652.402805000,10.11.219.6
1998,571,1649322652.404447000,10.11.219.6
1999,-66,1649322652.410526000,52.94.176.92
2000,54,1649322652.410545000,10.11.219.6
2001,571,1649322652.412195000,10.11.219.6
2002,-66,1649322652.420619000,52.94.176.92
2003,54,1649322652.420641000,10.11.219.6
2004,-13654,1649322652.420652000,52.94.215.169
2005,54,1649322652.420669000,10.11.219.6
2006,571,1649322652.422492000,10.11.219.6
2007,-2774,1649322652.445098000,52.94.215.169
2008,54,1649322652.445115000,10.11.219.6
2009,-10934,1649322652.445187000,52.94.215.169
2010,54,1649322652.445193000,10.11.219.6
2011,-54,1649322652.462312000,52.119.166.51
2012,-54,1649322652.465129000,52.119.166.51
2013,-2774,1649322652.467607000,52.119.166.51
2014,54,1649322652.467617000,10.11.219.6
2015,-3294,1649322652.467640000,52.119.166.51
2016,54,1649322652.467645000,10.11.219.6
2017,-105,1649322652.470179000,52.94.176.92
2018,54,1649322652.470188000,10.11.219.6
2019,180,1649322652.470617000,10.11.219.6
2020,639,1649322652.470944000,10.11.219.6
2021,-105,1649322652.475686000,52.94.176.92
2022,54,1649322652.475700000,10.11.219.6
2023,-689,1649322652.488232000,54.240.252.146
2024,54,1649322652.488243000,10.11.219.6
2025,755,1649322652.488696000,10.11.219.6
2026,160,1649322652.532189000,10.11.219.6
2027,-54,1649322652.532293000,52.94.176.92
2028,-54,1649322652.533364000,52.94.176.92
2029,-2774,1649322652.536510000,52.94.176.92
2030,54,1649322652.536516000,10.11.219.6
2031,-3359,1649322652.536597000,52.94.176.92
2032,54,1649322652.536602000,10.11.219.6
2033,-3841,1649322652.536607000,18.65.156.210
2034,-1434,1649322652.536612000,18.65.156.210
2035,-481,1649322652.536613000,18.65.156.210
2036,78,1649322652.536618000,10.11.219.6
2037,-1434,1649322652.536634000,18.65.156.210
2038,66,1649322652.536647000,10.11.219.6
2039,-97,1649322652.536651000,18.65.156.210
2040,180,1649322652.539486000,10.11.219.6
2041,66,1649322652.539795000,10.11.219.6
2042,-54,1649322652.546184000,52.94.176.92
2043,-54,1649322652.547224000,52.94.176.92
2044,-2774,1649322652.550214000,52.94.176.92
2045,54,1649322652.550221000,10.11.219.6
2046,-3359,1649322652.550245000,52.94.176.92
2047,54,1649322652.550247000,10.11.219.6
2048,180,1649322652.552909000,10.11.219.6
2049,-54,1649322652.561436000,52.94.176.92
2050,-2774,1649322652.561453000,52.94.215.169
2051,54,1649322652.561460000,10.11.219.6
2052,-21814,1649322652.561597000,52.94.215.169
2053,54,1649322652.561600000,10.11.219.6
2054,-12046,1649322652.563290000,52.94.215.169
2055,54,1649322652.563299000,10.11.219.6
2056,-54,1649322652.563308000,52.94.176.92
2057,-2774,1649322652.563310000,52.94.215.169
2058,54,1649322652.563311000,10.11.219.6
2059,-1414,1649322652.563313000,52.94.215.169
2060,54,1649322652.563315000,10.11.219.6
2061,-6079,1649322652.564457000,52.94.176.92
2062,54,1649322652.564466000,10.11.219.6
2063,180,1649322652.567194000,10.11.219.6
2064,-2774,1649322652.587225000,52.94.215.169
2065,54,1649322652.587235000,10.11.219.6
2066,-21814,1649322652.587390000,52.94.215.169
2067,54,1649322652.587394000,10.11.219.6
2068,-2774,1649322652.588768000,52.94.215.169
2069,54,1649322652.588772000,10.11.219.6
2070,-105,1649322652.604053000,52.119.166.51
2071,54,1649322652.604078000,10.11.219.6
2072,585,1649322652.604673000,10.11.219.6
2073,-776,1649322652.609436000,52.94.176.92
2074,54,1649322652.609461000,10.11.219.6
2075,1414,1649322652.611235000,10.11.219.6
2076,1414,1649322652.611257000,10.11.219.6
2077,216,1649322652.611692000,10.11.219.6
2078,160,1649322652.613418000,10.11.219.6
2079,-2802,1649322652.617830000,18.65.156.210
2080,-1104,1649322652.617868000,18.65.156.210
2081,-2699,1649322652.617874000,18.65.156.210
2082,-97,1649322652.617875000,18.65.156.210
2083,66,1649322652.617905000,10.11.219.6
2084,-696,1649322652.625948000,54.240.252.146
2085,-105,1649322652.669046000,52.94.176.92
2086,54,1649322652.669061000,10.11.219.6
2087,639,1649322652.669390000,10.11.219.6
2088,54,1649322652.669407000,10.11.219.6
2089,-105,1649322652.688238000,52.94.176.92
2090,54,1649322652.688254000,10.11.219.6
2091,-4134,1649322652.699747000,52.94.215.169
2092,54,1649322652.699761000,10.11.219.6
2093,-2774,1649322652.702694000,52.94.215.169
2094,54,1649322652.702698000,10.11.219.6
2095,-21814,1649322652.702894000,52.94.215.169
2096,54,1649322652.702900000,10.11.219.6
2097,-2774,1649322652.704936000,52.94.215.169
2098,54,1649322652.704942000,10.11.219.6
2099,-7486,1649322652.705062000,52.94.215.169
2100,54,1649322652.705066000,10.11.219.6
2101,-1414,1649322652.705071000,52.94.215.169
2102,66,1649322652.705075000,10.11.219.6
2103,-4134,1649322652.705079000,52.94.215.169
2104,66,1649322652.705083000,10.11.219.6
2105,-1414,1649322652.705088000,52.94.215.169
2106,66,1649322652.705091000,10.11.219.6
2107,-2774,1649322652.707275000,52.94.215.169
2108,66,1649322652.707295000,10.11.219.6
2109,-105,1649322652.707406000,52.94.176.92
2110,54,1649322652.707414000,10.11.219.6
2111,-17734,1649322652.707421000,52.94.215.169
2112,54,1649322652.707426000,10.11.219.6
2113,1330,1649322652.707863000,10.11.219.6
2114,154,1649322652.719087000,10.11.219.6
2115,154,1649322652.721126000,10.11.219.6
2116,152,1649322652.721436000,10.11.219.6
2117,160,1649322652.722413000,10.11.219.6
2118,152,1649322652.722698000,10.11.219.6
2119,-1101,1649322652.723018000,18.65.156.210
2120,-97,1649322652.723029000,18.65.156.210
2121,66,1649322652.723160000,10.11.219.6
2122,-1124,1649322652.724162000,18.65.156.210
2123,-918,1649322652.724174000,18.65.156.210
2124,66,1649322652.724205000,10.11.219.6
2125,-66,1649322652.725075000,18.65.156.210
2126,-1434,1649322652.727315000,18.65.156.210
2127,-103,1649322652.727326000,18.65.156.210
2128,78,1649322652.727336000,10.11.219.6
2129,-1434,1649322652.727350000,18.65.156.210
2130,66,1649322652.727357000,10.11.219.6
2131,-8274,1649322652.727389000,18.65.156.210
2132,-560,1649322652.727392000,18.65.156.210
2133,78,1649322652.727396000,10.11.219.6
2134,-1434,1649322652.727400000,18.65.156.210
2135,66,1649322652.727403000,10.11.219.6
2136,-97,1649322652.727407000,18.65.156.210
2137,66,1649322652.727816000,10.11.219.6
2138,-2774,1649322652.730135000,52.94.215.169
2139,54,1649322652.730153000,10.11.219.6
2140,-21847,1649322652.730313000,52.94.215.169
2141,54,1649322652.730320000,10.11.219.6
2142,205,1649322652.733946000,10.11.219.6
2143,-2802,1649322652.738503000,18.65.156.210
2144,66,1649322652.738572000,10.11.219.6
2145,-13736,1649322652.738615000,18.65.156.210
2146,-838,1649322652.738624000,18.65.156.210
2147,66,1649322652.738652000,10.11.219.6
2148,-54,1649322652.739353000,52.94.176.92
2149,-439,1649322652.744719000,52.119.166.51
2150,54,1649322652.744744000,10.11.219.6
2151,-682,1649322652.748959000,52.94.176.92
2152,755,1649322652.762884000,10.11.219.6
2153,54,1649322652.789444000,10.11.219.6
2154,159,1649322652.791893000,10.11.219.6
2155,205,1649322652.792070000,10.11.219.6
2156,-704,1649322652.798313000,18.65.156.210
2157,-1434,1649322652.798389000,18.65.156.210
2158,66,1649322652.798561000,10.11.219.6
2159,-15104,1649322652.801904000,18.65.156.210
2160,-373,1649322652.801924000,18.65.156.210
2161,78,1649322652.801934000,10.11.219.6
2162,-1434,1649322652.801950000,18.65.156.210
2163,66,1649322652.801955000,10.11.219.6
2164,-756,1649322652.808080000,52.94.176.92
2165,54,1649322652.808102000,10.11.219.6
2166,-103,1649322652.808119000,52.94.176.92
2167,54,1649322652.808123000,10.11.219.6
2168,1200,1649322652.809126000,10.11.219.6
2169,755,1649322652.826589000,10.11.219.6
2170,160,1649322652.834711000,10.11.219.6
2171,-2802,1649322652.838766000,18.65.156.210
2172,-1105,1649322652.838803000,18.65.156.210
2173,-810,1649322652.838809000,18.65.156.210
2174,78,1649322652.838819000,10.11.219.6
2175,-1434,1649322652.838838000,18.65.156.210
2176,66,1649322652.838842000,10.11.219.6
2177,-97,1649322652.838844000,18.65.156.210
2178,66,1649322652.839131000,10.11.219.6
2179,-2774,1649322652.845591000,52.94.215.169
2180,54,1649322652.845611000,10.11.219.6
2181,-9574,1649322652.845653000,52.94.215.169
2182,54,1649322652.845658000,10.11.219.6
2183,-2774,1649322652.847721000,52.94.215.169
2184,54,1649322652.847734000,10.11.219.6
2185,-9821,1649322652.847789000,52.94.215.169
2186,54,1649322652.847793000,10.11.219.6
2187,-681,1649322652.865033000,52.94.176.92
2188,54,1649322652.865057000,10.11.219.6
2189,160,1649322652.895062000,10.11.219.6
2190,-2802,1649322652.900660000,18.65.156.210
2191,-333,1649322652.900689000,18.65.156.210
2192,78,1649322652.900698000,10.11.219.6
2193,-1434,1649322652.900710000,18.65.156.210
2194,66,1649322652.900713000,10.11.219.6
2195,-97,1649322652.900716000,18.65.156.210
2196,-696,1649322652.900717000,54.240.252.146
2197,54,1649322652.900721000,10.11.219.6
2198,66,1649322652.900981000,10.11.219.6
2199,-659,1649322652.953901000,52.94.176.92
2200,54,1649322652.953935000,10.11.219.6
2201,-106,1649322652.953962000,52.94.176.92
2202,54,1649322652.953966000,10.11.219.6
2203,-696,1649322652.971034000,54.240.252.146
2204,54,1649322652.971091000,10.11.219.6
2205,161,1649322652.982546000,10.11.219.6
2206,203,1649322652.982712000,10.11.219.6
2207,-66,1649322652.984829000,18.65.156.210
2208,-2802,1649322652.986783000,18.65.156.210
2209,-2802,1649322652.986825000,18.65.156.210
2210,-196,1649322652.986833000,18.65.156.210
2211,78,1649322652.986843000,10.11.219.6
2212,-1434,1649322652.986857000,18.65.156.210
2213,66,1649322652.986861000,10.11.219.6
2214,-1434,1649322652.986864000,18.65.156.210
2215,-956,1649322652.986865000,18.65.156.210
2216,-1434,1649322652.986866000,18.65.156.210
2217,-97,1649322652.986867000,18.65.156.210
2218,78,1649322652.986877000,10.11.219.6
2219,66,1649322652.986890000,10.11.219.6
2220,66,1649322652.987197000,10.11.219.6
2221,-5126,1649322652.988501000,18.65.156.210
2222,-97,1649322652.988518000,18.65.156.210
2223,66,1649322652.988574000,10.11.219.6
2224,755,1649322652.990170000,10.11.219.6
2225,160,1649322653.008818000,10.11.219.6
2226,-2802,1649322653.013391000,18.65.156.210
2227,-5538,1649322653.013439000,18.65.156.210
2228,-668,1649322653.013441000,18.65.156.210
2229,78,1649322653.013454000,10.11.219.6
2230,-1434,1649322653.013465000,18.65.156.210
2231,-206,1649322653.013466000,18.65.156.210
2232,-97,1649322653.013466000,18.65.156.210
2233,66,1649322653.013472000,10.11.219.6
2234,66,1649322653.013685000,10.11.219.6
2235,202,1649322653.028565000,10.11.219.6
2236,-344,1649322653.033891000,18.65.156.210
2237,78,1649322653.033912000,10.11.219.6
2238,-1434,1649322653.033927000,18.65.156.210
2239,66,1649322653.033937000,10.11.219.6
2240,-97,1649322653.033942000,18.65.156.210
2241,148,1649322653.036736000,10.11.219.6
2242,-5538,1649322653.042053000,18.65.156.210
2243,66,1649322653.042149000,10.11.219.6
2244,-2802,1649322653.045448000,18.65.156.210
2245,66,1649322653.045463000,10.11.219.6
2246,-8264,1649322653.046382000,18.65.156.210
2247,-11010,1649322653.046396000,18.65.156.210
2248,-754,1649322653.046404000,18.65.156.210
2249,78,1649322653.046413000,10.11.219.6
2250,-1434,1649322653.046424000,18.65.156.210
2251,66,1649322653.046429000,10.11.219.6
2252,-2756,1649322653.046432000,18.65.156.210
2253,66,1649322653.046645000,10.11.219.6
2254,162,1649322653.069064000,10.11.219.6
2255,-6665,1649322653.073591000,18.65.156.210
2256,-97,1649322653.073611000,18.65.156.210
2257,66,1649322653.073682000,10.11.219.6
2258,1434,1649322653.099306000,10.11.219.6
2259,870,1649322653.099338000,10.11.219.6
2260,-66,1649322653.101983000,18.65.110.227
2261,1434,1649322653.102954000,10.11.219.6
2262,1321,1649322653.102985000,10.11.219.6
2263,1384,1649322653.103428000,10.11.219.6
2264,74,1649322653.113171000,10.11.219.6
2265,-696,1649322653.126659000,54.240.252.146
2266,54,1649322653.126692000,10.11.219.6
2267,149,1649322653.142324000,10.11.219.6
2268,-2802,1649322653.146239000,18.65.156.210
2269,-880,1649322653.146275000,18.65.156.210
2270,78,1649322653.146287000,10.11.219.6
2271,-1434,1649322653.146319000,18.65.156.210
2272,66,1649322653.146324000,10.11.219.6
2273,74,1649322653.146918000,10.11.219.6
2274,-74,1649322653.150157000,18.65.156.177
2275,66,1649322653.150197000,10.11.219.6
2276,583,1649322653.157783000,10.11.219.6
2277,-66,1649322653.161225000,18.65.156.177
2278,943,1649322653.162160000,10.11.219.6
2279,-5538,1649322653.162359000,18.65.156.177
2280,66,1649322653.162373000,10.11.219.6
2281,456,1649322653.162687000,10.11.219.6
2282,-568,1649322653.163261000,18.65.156.177
2283,66,1649322653.163272000,10.11.219.6
2284,130,1649322653.173749000,10.11.219.6
2285,236,1649322653.176593000,10.11.219.6
2286,385,1649322653.176638000,10.11.219.6
2287,-66,1649322653.177191000,18.65.156.177
2288,-128,1649322653.177206000,18.65.156.177
2289,66,1649322653.177218000,10.11.219.6
2290,-66,1649322653.179063000,18.65.156.177
2291,-97,1649322653.179083000,18.65.156.177
2292,66,1649322653.179097000,10.11.219.6
2293,-66,1649322653.179117000,18.65.156.177
2294,-8274,1649322653.181216000,18.65.156.177
2295,66,1649322653.181296000,10.11.219.6
2296,-146,1649322653.181370000,18.65.156.177
2297,78,1649322653.181433000,10.11.219.6
2298,-1434,1649322653.181459000,18.65.156.177
2299,66,1649322653.181476000,10.11.219.6
2300,457,1649322653.182861000,10.11.219.6
2301,97,1649322653.183019000,10.11.219.6
2302,456,1649322653.183533000,10.11.219.6
2303,442,1649322653.183898000,10.11.219.6
2304,1434,1649322653.184536000,10.11.219.6
2305,218,1649322653.184571000,10.11.219.6
2306,442,1649322653.185137000,10.11.219.6
2307,681,1649322653.186047000,10.11.219.6
2308,-66,1649322653.186255000,18.65.156.177
2309,-66,1649322653.189009000,18.65.110.227
2310,600,1649322653.190002000,10.11.219.6
2311,675,1649322653.193491000,10.11.219.6
2312,720,1649322653.195840000,10.11.219.6
2313,567,1649322653.196690000,10.11.219.6
2314,-66,1649322653.196732000,18.65.110.227
2315,618,1649322653.197789000,10.11.219.6
2316,673,1649322653.203641000,10.11.219.6
2317,-66,1649322653.207431000,18.65.110.227
2318,664,1649322653.207931000,10.11.219.6
2319,74,1649322653.209083000,10.11.219.6
2320,74,1649322653.211324000,10.11.219.6
2321,74,1649322653.211854000,10.11.219.6
2322,-667,1649322653.214972000,18.65.110.227
2323,66,1649322653.214994000,10.11.219.6
2324,-97,1649322653.215019000,18.65.110.227
2325,66,1649322653.215029000,10.11.219.6
2326,-66,1649322653.236298000,52.94.176.92
2327,54,1649322653.236328000,10.11.219.6
2328,571,1649322653.241525000,10.11.219.6
2329,-66,1649322653.241669000,54.148.152.248
2330,1434,1649322653.241692000,10.11.219.6
2331,739,1649322653.241702000,10.11.219.6
2332,437,1649322653.241913000,10.11.219.6
2333,499,1649322653.242103000,10.11.219.6
2334,-235,1649322653.244892000,54.148.152.248
2335,66,1649322653.244912000,10.11.219.6
2336,-104,1649322653.244927000,54.148.152.248
2337,66,1649322653.244930000,10.11.219.6
2338,-236,1649322653.267346000,54.148.152.248
2339,66,1649322653.267357000,10.11.219.6
2340,-104,1649322653.267370000,54.148.152.248
2341,66,1649322653.267372000,10.11.219.6
2342,-66,1649322653.285547000,18.65.110.227
2343,-66,1649322653.300521000,54.148.152.248
2344,-235,1649322653.303750000,54.148.152.248
2345,66,1649322653.303761000,10.11.219.6
2346,-104,1649322653.303776000,54.148.152.248
2347,66,1649322653.303779000,10.11.219.6
2348,-235,1649322653.311245000,54.148.152.248
2349,66,1649322653.311258000,10.11.219.6
2350,-104,1649322653.311275000,54.148.152.248
2351,66,1649322653.311277000,10.11.219.6
2352,-2601,1649322653.319045000,18.65.110.227
2353,-97,1649322653.319060000,18.65.110.227
2354,66,1649322653.319112000,10.11.219.6
2355,-852,1649322653.321022000,18.65.110.227
2356,78,1649322653.321038000,10.11.219.6
2357,-1434,1649322653.321054000,18.65.110.227
2358,66,1649322653.321063000,10.11.219.6
2359,-97,1649322653.321067000,18.65.110.227
2360,-66,1649322653.321951000,54.148.152.248
2361,-66,1649322653.323020000,54.148.152.248
2362,-2220,1649322653.324257000,18.65.110.227
2363,66,1649322653.324276000,10.11.219.6
2364,-235,1649322653.324309000,54.148.152.248
2365,66,1649322653.324317000,10.11.219.6
2366,-104,1649322653.324326000,54.148.152.248
2367,66,1649322653.324332000,10.11.219.6
2368,-107,1649322653.325154000,18.65.110.227
2369,-97,1649322653.325172000,18.65.110.227
2370,66,1649322653.325268000,10.11.219.6
2371,-2271,1649322653.328486000,18.65.110.227
2372,-97,1649322653.328502000,18.65.110.227
2373,66,1649322653.328563000,10.11.219.6
2374,-2223,1649322653.338277000,18.65.110.227
2375,66,1649322653.338291000,10.11.219.6
2376,-97,1649322653.338309000,18.65.110.227
2377,-66,1649322653.338322000,52.94.215.169
2378,54,1649322653.338339000,10.11.219.6
2379,-533,1649322653.340180000,52.94.215.169
2380,54,1649322653.340201000,10.11.219.6
2381,571,1649322653.341091000,10.11.219.6
2382,566,1649322653.341622000,10.11.219.6
2383,-540,1649322653.342299000,52.94.215.169
2384,54,1649322653.342320000,10.11.219.6
2385,600,1649322653.343585000,10.11.219.6
2386,-66,1649322653.345756000,52.94.215.169
2387,54,1649322653.345785000,10.11.219.6
2388,571,1649322653.348216000,10.11.219.6
2389,-669,1649322653.352246000,18.65.110.227
2390,-97,1649322653.352260000,18.65.110.227
2391,-66,1649322653.352262000,52.94.215.169
2392,54,1649322653.352282000,10.11.219.6
2393,66,1649322653.352488000,10.11.219.6
2394,571,1649322653.354665000,10.11.219.6
2395,-54,1649322653.359067000,52.94.176.92
2396,-54,1649322653.364422000,52.94.176.92
2397,-2774,1649322653.374508000,52.94.176.92
2398,54,1649322653.374524000,10.11.219.6
2399,-3359,1649322653.374650000,52.94.176.92
2400,54,1649322653.374658000,10.11.219.6
2401,-14995,1649322653.374672000,52.94.215.169
2402,54,1649322653.374683000,10.11.219.6
2403,-5923,1649322653.376296000,52.94.215.169
2404,54,1649322653.376312000,10.11.219.6
2405,-4463,1649322653.376328000,52.94.215.169
2406,54,1649322653.376333000,10.11.219.6
2407,-4134,1649322653.376349000,52.94.215.169
2408,54,1649322653.376354000,10.11.219.6
2409,-383,1649322653.376383000,52.94.215.169
2410,54,1649322653.376387000,10.11.219.6
2411,-4134,1649322653.376391000,52.94.215.169
2412,54,1649322653.376395000,10.11.219.6
2413,-2774,1649322653.376885000,52.94.215.169
2414,54,1649322653.376892000,10.11.219.6
2415,-66,1649322653.378336000,54.148.152.248
2416,180,1649322653.378562000,10.11.219.6
2417,-66,1649322653.379595000,54.148.152.248
2418,-66,1649322653.380685000,54.148.152.248
2419,-354,1649322653.382967000,54.148.152.248
2420,78,1649322653.382989000,10.11.219.6
2421,-1434,1649322653.383011000,54.148.152.248
2422,66,1649322653.383017000,10.11.219.6
2423,-235,1649322653.383938000,54.148.152.248
2424,66,1649322653.383953000,10.11.219.6
2425,-104,1649322653.383971000,54.148.152.248
2426,66,1649322653.383975000,10.11.219.6
2427,160,1649322653.386233000,10.11.219.6
2428,-2802,1649322653.389894000,18.65.156.210
2429,66,1649322653.389938000,10.11.219.6
2430,-1103,1649322653.390274000,18.65.156.210
2431,-425,1649322653.390281000,18.65.156.210
2432,78,1649322653.390290000,10.11.219.6
2433,-1434,1649322653.390300000,18.65.156.210
2434,66,1649322653.390309000,10.11.219.6
2435,-97,1649322653.390313000,18.65.156.210
2436,-273,1649322653.405686000,54.148.152.248
2437,66,1649322653.405705000,10.11.219.6
2438,160,1649322653.422982000,10.11.219.6
2439,-2802,1649322653.428709000,18.65.156.210
2440,66,1649322653.428781000,10.11.219.6
2441,-2802,1649322653.429695000,18.65.156.210
2442,66,1649322653.429710000,10.11.219.6
2443,-199,1649322653.429724000,18.65.156.210
2444,78,1649322653.429730000,10.11.219.6
2445,-1434,1649322653.429736000,18.65.156.210
2446,66,1649322653.429739000,10.11.219.6
2447,-146,1649322653.429742000,18.65.156.210
2448,160,1649322653.457380000,10.11.219.6
2449,160,1649322653.458783000,10.11.219.6
2450,-66,1649322653.462009000,18.65.156.210
2451,-2802,1649322653.462019000,18.65.156.210
2452,-1434,1649322653.462030000,18.65.156.210
2453,-770,1649322653.462031000,18.65.156.210
2454,78,1649322653.462034000,10.11.219.6
2455,-1434,1649322653.462039000,18.65.156.210
2456,66,1649322653.462041000,10.11.219.6
2457,-97,1649322653.462043000,18.65.156.210
2458,-10246,1649322653.464452000,18.65.156.210
2459,-595,1649322653.464466000,18.65.156.210
2460,78,1649322653.464472000,10.11.219.6
2461,-1434,1649322653.464482000,18.65.156.210
2462,66,1649322653.464485000,10.11.219.6
2463,-97,1649322653.464487000,18.65.156.210
2464,-54,1649322653.465062000,52.94.215.169
2465,-54,1649322653.468277000,52.94.215.169
2466,160,1649322653.471385000,10.11.219.6
2467,-5950,1649322653.471965000,52.94.215.169
2468,54,1649322653.471974000,10.11.219.6
2469,180,1649322653.475345000,10.11.219.6
2470,160,1649322653.475760000,10.11.219.6
2471,-13691,1649322653.477021000,18.65.156.210
2472,-97,1649322653.477042000,18.65.156.210
2473,66,1649322653.477383000,10.11.219.6
2474,-2802,1649322653.480292000,18.65.156.210
2475,66,1649322653.480317000,10.11.219.6
2476,-5493,1649322653.481624000,18.65.156.210
2477,-97,1649322653.481630000,18.65.156.210
2478,-54,1649322653.481631000,52.94.215.169
2479,66,1649322653.481674000,10.11.219.6
2480,-54,1649322653.484375000,52.94.215.169
2481,-2774,1649322653.486965000,52.94.215.169
2482,54,1649322653.486976000,10.11.219.6
2483,-3230,1649322653.487004000,52.94.215.169
2484,54,1649322653.487010000,10.11.219.6
2485,-540,1649322653.487666000,52.94.215.169
2486,180,1649322653.492447000,10.11.219.6
2487,-54,1649322653.492980000,52.94.215.169
2488,795,1649322653.493527000,10.11.219.6
2489,-54,1649322653.495145000,52.94.215.169
2490,-533,1649322653.497781000,52.94.215.169
2491,-1414,1649322653.497798000,52.94.215.169
2492,54,1649322653.497808000,10.11.219.6
2493,-4590,1649322653.497839000,52.94.215.169
2494,54,1649322653.497845000,10.11.219.6
2495,-105,1649322653.501549000,52.94.176.92
2496,54,1649322653.501569000,10.11.219.6
2497,159,1649322653.501878000,10.11.219.6
2498,180,1649322653.506502000,10.11.219.6
2499,600,1649322653.506609000,10.11.219.6
2500,1414,1649322653.507175000,10.11.219.6
2501,1414,1649322653.507182000,10.11.219.6
2502,-8274,1649322653.508373000,18.65.156.210
2503,-668,1649322653.508389000,18.65.156.210
2504,78,1649322653.508398000,10.11.219.6
2505,-1434,1649322653.508410000,18.65.156.210
2506,66,1649322653.508414000,10.11.219.6
2507,-2476,1649322653.508432000,18.65.156.210
2508,-97,1649322653.508435000,18.65.156.210
2509,66,1649322653.508584000,10.11.219.6
2510,570,1649322653.508694000,10.11.219.6
2511,-2774,1649322653.517267000,52.94.215.169
2512,54,1649322653.517282000,10.11.219.6
2513,-21814,1649322653.517466000,52.94.215.169
2514,54,1649322653.517473000,10.11.219.6
2515,-9201,1649322653.519523000,52.94.215.169
2516,54,1649322653.519542000,10.11.219.6
2517,567,1649322653.519957000,10.11.219.6
2518,160,1649322653.539735000,10.11.219.6
2519,74,1649322653.542349000,10.11.219.6
2520,-6906,1649322653.543411000,18.65.156.210
2521,66,1649322653.543438000,10.11.219.6
2522,-2802,1649322653.546838000,18.65.156.210
2523,66,1649322653.546853000,10.11.219.6
2524,-6896,1649322653.546896000,18.65.156.210
2525,-1434,1649322653.546902000,18.65.156.210
2526,-730,1649322653.546904000,18.65.156.210
2527,78,1649322653.546909000,10.11.219.6
2528,-1434,1649322653.546913000,18.65.156.210
2529,66,1649322653.546918000,10.11.219.6
2530,-1245,1649322653.546925000,18.65.156.210
2531,755,1649322653.564456000,10.11.219.6
2532,66,1649322653.589425000,10.11.219.6
2533,159,1649322653.591541000,10.11.219.6
2534,160,1649322653.591751000,10.11.219.6
2535,-66,1649322653.595615000,18.65.156.210
2536,-2802,1649322653.595633000,18.65.156.210
2537,-1434,1649322653.595658000,18.65.156.210
2538,-575,1649322653.595661000,18.65.156.210
2539,66,1649322653.595661000,10.11.219.6
2540,-1434,1649322653.595661000,18.65.156.210
2541,-97,1649322653.595662000,18.65.156.210
2542,78,1649322653.595686000,10.11.219.6
2543,66,1649322653.595693000,10.11.219.6
2544,66,1649322653.595920000,10.11.219.6
2545,-8274,1649322653.597977000,18.65.156.210
2546,66,1649322653.598017000,10.11.219.6
2547,-8264,1649322653.598042000,18.65.156.210
2548,66,1649322653.598048000,10.11.219.6
2549,-257,1649322653.598055000,18.65.156.210
2550,-80,1649322653.598059000,18.65.156.210
2551,78,1649322653.598063000,10.11.219.6
2552,-1434,1649322653.598075000,18.65.156.210
2553,66,1649322653.598079000,10.11.219.6
2554,-97,1649322653.598082000,18.65.156.210
2555,66,1649322653.598316000,10.11.219.6
2556,-105,1649322653.602206000,52.94.215.169
2557,54,1649322653.602227000,10.11.219.6
2558,600,1649322653.602578000,10.11.219.6
2559,-105,1649322653.627905000,52.94.215.169
2560,54,1649322653.627927000,10.11.219.6
2561,567,1649322653.628324000,10.11.219.6
2562,686,1649322653.629592000,10.11.219.6
2563,-54,1649322653.631063000,52.94.176.92
2564,-66,1649322653.632125000,18.65.110.227
2565,159,1649322653.633683000,10.11.219.6
2566,-2802,1649322653.638386000,18.65.156.210
2567,66,1649322653.638427000,10.11.219.6
2568,-8274,1649322653.638429000,18.65.156.210
2569,66,1649322653.638449000,10.11.219.6
2570,-5528,1649322653.639711000,18.65.156.210
2571,-1434,1649322653.639720000,18.65.156.210
2572,-349,1649322653.639722000,18.65.156.210
2573,78,1649322653.639732000,10.11.219.6
2574,-1434,1649322653.639746000,18.65.156.210
2575,-97,1649322653.639748000,18.65.156.210
2576,66,1649322653.639754000,10.11.219.6
2577,66,1649322653.639974000,10.11.219.6
2578,-681,1649322653.643682000,52.94.176.92
2579,54,1649322653.643701000,10.11.219.6
2580,-105,1649322653.646506000,52.94.215.169
2581,54,1649322653.646528000,10.11.219.6
2582,739,1649322653.646871000,10.11.219.6
2583,-533,1649322653.659445000,52.94.215.169
2584,600,1649322653.659998000,10.11.219.6
2585,554,1649322653.660742000,10.11.219.6
2586,459,1649322653.662930000,10.11.219.6
2587,-540,1649322653.667265000,52.94.215.169
2588,567,1649322653.669287000,10.11.219.6
2589,912,1649322653.680479000,10.11.219.6
2590,-54,1649322653.681213000,52.94.215.169
2591,-1098,1649322653.708961000,52.94.215.169
2592,-696,1649322653.708979000,54.240.252.146
2593,54,1649322653.708995000,10.11.219.6
2594,600,1649322653.709699000,10.11.219.6
2595,-66,1649322653.719478000,52.94.234.174
2596,54,1649322653.719503000,10.11.219.6
2597,571,1649322653.721862000,10.11.219.6
2598,-533,1649322653.741041000,52.94.215.169
2599,54,1649322653.741066000,10.11.219.6
2600,842,1649322653.741328000,10.11.219.6
2601,-2357,1649322653.758352000,18.65.110.227
2602,-97,1649322653.758372000,18.65.110.227
2603,66,1649322653.758467000,10.11.219.6
2604,-540,1649322653.770879000,52.94.215.169
2605,54,1649322653.770899000,10.11.219.6
2606,567,1649322653.771159000,10.11.219.6
2607,-540,1649322653.794471000,52.94.215.169
2608,54,1649322653.794498000,10.11.219.6
2609,-66,1649322653.800777000,54.148.152.248
2610,-235,1649322653.802918000,54.148.152.248
2611,66,1649322653.802938000,10.11.219.6
2612,-104,1649322653.802965000,54.148.152.248
2613,66,1649322653.802971000,10.11.219.6
2614,-235,1649322653.803983000,54.148.152.248
2615,66,1649322653.804007000,10.11.219.6
2616,-104,1649322653.804027000,54.148.152.248
2617,66,1649322653.804032000,10.11.219.6
2618,160,1649322653.805981000,10.11.219.6
2619,-630,1649322653.810515000,18.65.156.210
2620,78,1649322653.810531000,10.11.219.6
2621,-1434,1649322653.810544000,18.65.156.210
2622,66,1649322653.810550000,10.11.219.6
2623,-97,1649322653.810552000,18.65.156.210
2624,66,1649322653.810728000,10.11.219.6
2625,-533,1649322653.812549000,52.94.215.169
2626,-540,1649322653.815800000,52.94.215.169
2627,-696,1649322653.816921000,54.240.252.146
2628,54,1649322653.816947000,10.11.219.6
2629,-54,1649322653.848018000,52.94.215.169
2630,54,1649322653.853417000,10.11.219.6
2631,54,1649322653.857419000,10.11.219.6
2632,-533,1649322653.859755000,52.94.215.169
2633,-54,1649322653.897526000,52.94.234.174
2634,-54,1649322653.899570000,52.94.234.174
2635,-150,1649322653.901179000,52.94.234.174
2636,54,1649322653.901191000,10.11.219.6
2637,-5022,1649322653.901211000,52.94.234.174
2638,54,1649322653.901216000,10.11.219.6
2639,-392,1649322653.901219000,52.94.234.174
2640,54,1649322653.901222000,10.11.219.6
2641,-63,1649322653.901225000,52.94.234.174
2642,54,1649322653.901228000,10.11.219.6
2643,54,1649322653.901409000,10.11.219.6
2644,204,1649322653.906490000,10.11.219.6
2645,-54,1649322653.911234000,52.94.215.169
2646,-540,1649322653.912378000,52.94.215.169
2647,-63,1649322653.927435000,52.94.234.174
2648,66,1649322653.927455000,10.11.219.6
2649,54,1649322653.953468000,10.11.219.6
2650,-1950,1649322653.961956000,52.94.215.169
2651,54,1649322653.962149000,10.11.219.6
2652,74,1649322653.997697000,10.11.219.6
2653,-54,1649322654.084925000,52.94.234.174
2654,-60,1649322654.084946000,52.94.234.174
2655,54,1649322654.084961000,10.11.219.6
2656,-123,1649322654.085003000,52.94.234.174
2657,54,1649322654.085009000,10.11.219.6
2658,507,1649322654.085856000,10.11.219.6
2659,-66,1649322654.171572000,52.46.130.91
2660,54,1649322654.171618000,10.11.219.6
2661,571,1649322654.176460000,10.11.219.6
2662,792,1649322654.199916000,10.11.219.6
2663,796,1649322654.201601000,10.11.219.6
2664,393,1649322654.218214000,10.11.219.6
2665,1355,1649322654.218311000,10.11.219.6
2666,1434,1649322654.218558000,10.11.219.6
2667,1434,1649322654.218575000,10.11.219.6
2668,1434,1649322654.218747000,10.11.219.6
2669,1434,1649322654.218756000,10.11.219.6
2670,1434,1649322654.219111000,10.11.219.6
2671,1434,1649322654.219116000,10.11.219.6
2672,1434,1649322654.219816000,10.11.219.6
2673,1434,1649322654.219826000,10.11.219.6
2674,808,1649322654.256738000,10.11.219.6
2675,-283,1649322654.263493000,52.94.234.174
2676,54,1649322654.263530000,10.11.219.6
2677,74,1649322654.287656000,10.11.219.6
2678,-540,1649322654.347007000,52.94.215.169
2679,54,1649322654.347053000,10.11.219.6
2680,-54,1649322654.347082000,52.46.130.91
2681,-540,1649322654.347895000,52.94.215.169
2682,54,1649322654.347926000,10.11.219.6
2683,-54,1649322654.352146000,52.46.130.91
2684,-6001,1649322654.359346000,52.46.130.91
2685,54,1649322654.359371000,10.11.219.6
2686,-66,1649322654.359386000,54.148.152.248
2687,1434,1649322654.359400000,10.11.219.6
2688,1434,1649322654.359403000,10.11.219.6
2689,1434,1649322654.359410000,10.11.219.6
2690,1434,1649322654.359412000,10.11.219.6
2691,-108,1649322654.359415000,54.148.152.248
2692,66,1649322654.359419000,10.11.219.6
2693,-108,1649322654.359423000,54.148.152.248
2694,66,1649322654.359425000,10.11.219.6
2695,-66,1649322654.359442000,54.148.152.248
2696,-66,1649322654.359448000,54.148.152.248
2697,-66,1649322654.359452000,54.148.152.248
2698,-66,1649322654.359455000,54.148.152.248
2699,1434,1649322654.360005000,10.11.219.6
2700,1434,1649322654.360012000,10.11.219.6
2701,1434,1649322654.360019000,10.11.219.6
2702,1434,1649322654.360021000,10.11.219.6
2703,1434,1649322654.360602000,10.11.219.6
2704,1434,1649322654.360608000,10.11.219.6
2705,1434,1649322654.360615000,10.11.219.6
2706,1434,1649322654.360617000,10.11.219.6
2707,1434,1649322654.361312000,10.11.219.6
2708,1434,1649322654.361318000,10.11.219.6
2709,1434,1649322654.361323000,10.11.219.6
2710,1434,1649322654.361325000,10.11.219.6
2711,1434,1649322654.361922000,10.11.219.6
2712,1434,1649322654.361930000,10.11.219.6
2713,1434,1649322654.361939000,10.11.219.6
2714,1434,1649322654.361942000,10.11.219.6
2715,180,1649322654.364816000,10.11.219.6
2716,-696,1649322654.401908000,54.240.252.146
2717,54,1649322654.401931000,10.11.219.6
2718,-74,1649322654.477888000,3.19.12.105
2719,66,1649322654.477911000,10.11.219.6
2720,583,1649322654.479643000,10.11.219.6
2721,-66,1649322654.498326000,54.148.152.248
2722,1434,1649322654.498344000,10.11.219.6
2723,1434,1649322654.498353000,10.11.219.6
2724,1434,1649322654.498361000,10.11.219.6
2725,1434,1649322654.498363000,10.11.219.6
2726,-66,1649322654.498367000,54.148.152.248
2727,-108,1649322654.498373000,54.148.152.248
2728,-66,1649322654.498375000,54.148.152.248
2729,-66,1649322654.498377000,54.148.152.248
2730,66,1649322654.498409000,10.11.219.6
2731,1434,1649322654.498894000,10.11.219.6
2732,1434,1649322654.498898000,10.11.219.6
2733,1434,1649322654.498905000,10.11.219.6
2734,1434,1649322654.498907000,10.11.219.6
2735,1434,1649322654.498910000,10.11.219.6
2736,1434,1649322654.499523000,10.11.219.6
2737,1434,1649322654.499527000,10.11.219.6
2738,1434,1649322654.499529000,10.11.219.6
2739,1434,1649322654.499536000,10.11.219.6
2740,1434,1649322654.499539000,10.11.219.6
2741,1434,1649322654.499541000,10.11.219.6
2742,-66,1649322654.499757000,54.148.152.248
2743,-66,1649322654.499762000,54.148.152.248
2744,1434,1649322654.500516000,10.11.219.6
2745,1434,1649322654.500521000,10.11.219.6
2746,1434,1649322654.500523000,10.11.219.6
2747,1434,1649322654.500529000,10.11.219.6
2748,1434,1649322654.500532000,10.11.219.6
2749,1434,1649322654.500534000,10.11.219.6
2750,-66,1649322654.501673000,54.148.152.248
2751,-66,1649322654.501678000,54.148.152.248
2752,-108,1649322654.501680000,54.148.152.248
2753,-66,1649322654.501681000,54.148.152.248
2754,-66,1649322654.501683000,54.148.152.248
2755,66,1649322654.501701000,10.11.219.6
2756,1434,1649322654.502410000,10.11.219.6
2757,1434,1649322654.502415000,10.11.219.6
2758,1434,1649322654.502417000,10.11.219.6
2759,1434,1649322654.502425000,10.11.219.6
2760,1434,1649322654.502427000,10.11.219.6
2761,1434,1649322654.502429000,10.11.219.6
2762,1434,1649322654.502431000,10.11.219.6
2763,1434,1649322654.503183000,10.11.219.6
2764,1434,1649322654.503187000,10.11.219.6
2765,1434,1649322654.503189000,10.11.219.6
2766,1434,1649322654.503191000,10.11.219.6
2767,1434,1649322654.503199000,10.11.219.6
2768,1434,1649322654.503202000,10.11.219.6
2769,1434,1649322654.503204000,10.11.219.6
2770,1434,1649322654.503206000,10.11.219.6
2771,1434,1649322654.504013000,10.11.219.6
2772,1434,1649322654.504017000,10.11.219.6
2773,1434,1649322654.504019000,10.11.219.6
2774,1434,1649322654.504021000,10.11.219.6
2775,-105,1649322654.538832000,52.46.130.91
2776,54,1649322654.538842000,10.11.219.6
2777,1391,1649322654.539044000,10.11.219.6
2778,851,1649322654.621012000,10.11.219.6
2779,174,1649322654.623343000,10.11.219.6
2780,456,1649322654.623695000,10.11.219.6
2781,-5538,1649322654.624321000,18.65.156.210
2782,66,1649322654.624357000,10.11.219.6
2783,-11000,1649322654.625637000,18.65.156.210
2784,296,1649322654.625653000,10.11.219.6
2785,-2802,1649322654.628239000,18.65.156.210
2786,66,1649322654.628256000,10.11.219.6
2787,-5538,1649322654.628391000,18.65.156.210
2788,66,1649322654.628467000,10.11.219.6
2789,180,1649322654.628557000,10.11.219.6
2790,-8264,1649322654.630368000,18.65.156.210
2791,-13746,1649322654.630377000,18.65.156.210
2792,66,1649322654.630409000,10.11.219.6
2793,-2802,1649322654.632851000,18.65.156.210
2794,66,1649322654.632858000,10.11.219.6
2795,-496,1649322654.632870000,18.65.156.210
2796,78,1649322654.632881000,10.11.219.6
2797,-1434,1649322654.632888000,18.65.156.210
2798,66,1649322654.632896000,10.11.219.6
2799,-11010,1649322654.632902000,18.65.156.210
2800,-427,1649322654.632925000,18.65.156.210
2801,78,1649322654.632931000,10.11.219.6
2802,-1434,1649322654.632935000,18.65.156.210
2803,66,1649322654.632942000,10.11.219.6
2804,-8274,1649322654.632948000,18.65.156.210
2805,66,1649322654.632980000,10.11.219.6
2806,-8264,1649322654.633002000,18.65.156.210
2807,-8274,1649322654.633006000,18.65.156.210
2808,66,1649322654.633062000,10.11.219.6
2809,-5538,1649322654.635750000,18.65.156.210
2810,66,1649322654.635770000,10.11.219.6
2811,-2792,1649322654.635919000,18.65.156.210
2812,66,1649322654.635927000,10.11.219.6
2813,-16482,1649322654.635938000,18.65.156.210
2814,66,1649322654.636017000,10.11.219.6
2815,-2802,1649322654.638137000,18.65.156.210
2816,66,1649322654.638156000,10.11.219.6
2817,-11010,1649322654.638309000,18.65.156.210
2818,-11010,1649322654.638348000,18.65.156.210
2819,66,1649322654.638355000,10.11.219.6
2820,66,1649322654.638384000,10.11.219.6
2821,684,1649322654.639671000,10.11.219.6
2822,-13746,1649322654.640190000,18.65.156.210
2823,66,1649322654.640239000,10.11.219.6
2824,-5538,1649322654.640590000,18.65.156.210
2825,66,1649322654.640598000,10.11.219.6
2826,-5538,1649322654.640608000,18.65.156.210
2827,66,1649322654.640637000,10.11.219.6
2828,172,1649322654.641202000,10.11.219.6
2829,-2802,1649322654.643167000,18.65.156.210
2830,-857,1649322654.643174000,18.65.156.210
2831,78,1649322654.643184000,10.11.219.6
2832,-1434,1649322654.643192000,18.65.156.210
2833,66,1649322654.643198000,10.11.219.6
2834,-1182,1649322654.643399000,18.65.156.210
2835,-4170,1649322654.643410000,18.65.156.210
2836,66,1649322654.643416000,10.11.219.6
2837,-667,1649322654.643424000,18.65.156.210
2838,78,1649322654.643429000,10.11.219.6
2839,-1434,1649322654.643433000,18.65.156.210
2840,66,1649322654.643437000,10.11.219.6
2841,-13746,1649322654.643443000,18.65.156.210
2842,66,1649322654.643723000,10.11.219.6
2843,-2792,1649322654.644691000,18.65.156.210
2844,66,1649322654.644704000,10.11.219.6
2845,-1406,1649322654.644721000,18.65.156.210
2846,-66,1649322654.644724000,54.148.152.248
2847,1434,1649322654.644740000,10.11.219.6
2848,594,1649322654.644745000,10.11.219.6
2849,-66,1649322654.644750000,54.148.152.248
2850,-66,1649322654.644754000,54.148.152.248
2851,-66,1649322654.644756000,54.148.152.248
2852,-108,1649322654.644758000,54.148.152.248
2853,-66,1649322654.644776000,54.148.152.248
2854,-66,1649322654.644779000,54.148.152.248
2855,-66,1649322654.644781000,54.148.152.248
2856,-66,1649322654.644785000,54.148.152.248
2857,-108,1649322654.644786000,54.148.152.248
2858,-66,1649322654.644788000,54.148.152.248
2859,-66,1649322654.644790000,54.148.152.248
2860,-66,1649322654.644792000,54.148.152.248
2861,-66,1649322654.644804000,54.148.152.248
2862,-66,1649322654.644806000,54.148.152.248
2863,-66,1649322654.644808000,54.148.152.248
2864,-108,1649322654.644810000,54.148.152.248
2865,-66,1649322654.644812000,54.148.152.248
2866,-66,1649322654.644814000,54.148.152.248
2867,66,1649322654.645659000,10.11.219.6
2868,-2802,1649322654.648206000,18.65.156.210
2869,66,1649322654.648233000,10.11.219.6
2870,-13736,1649322654.648384000,18.65.156.210
2871,-8274,1649322654.648413000,18.65.156.210
2872,66,1649322654.648421000,10.11.219.6
2873,66,1649322654.648641000,10.11.219.6
2874,623,1649322654.650163000,10.11.219.6
2875,-3855,1649322654.650304000,18.65.156.210
2876,-2802,1649322654.650317000,18.65.156.210
2877,-495,1649322654.650323000,18.65.156.210
2878,78,1649322654.650332000,10.11.219.6
2879,-1434,1649322654.650342000,18.65.156.210
2880,66,1649322654.650353000,10.11.219.6
2881,-2802,1649322654.654978000,18.65.156.210
2882,66,1649322654.654998000,10.11.219.6
2883,-13736,1649322654.655132000,18.65.156.210
2884,-8274,1649322654.655155000,18.65.156.210
2885,66,1649322654.655159000,10.11.219.6
2886,66,1649322654.655321000,10.11.219.6
2887,1297,1649322654.655565000,10.11.219.6
2888,174,1649322654.656207000,10.11.219.6
2889,191,1649322654.656824000,10.11.219.6
2890,-5538,1649322654.657745000,18.65.156.210
2891,66,1649322654.657789000,10.11.219.6
2892,-2792,1649322654.658269000,18.65.156.210
2893,-16482,1649322654.658280000,18.65.156.210
2894,66,1649322654.658318000,10.11.219.6
2895,185,1649322654.660787000,10.11.219.6
2896,-2802,1649322654.660887000,18.65.156.210
2897,66,1649322654.660931000,10.11.219.6
2898,-11010,1649322654.661029000,18.65.156.210
2899,66,1649322654.661067000,10.11.219.6
2900,-11010,1649322654.661071000,18.65.156.210
2901,66,1649322654.661088000,10.11.219.6
2902,-2802,1649322654.663359000,18.65.156.210
2903,66,1649322654.663377000,10.11.219.6
2904,-16482,1649322654.663522000,18.65.156.210
2905,-5538,1649322654.663540000,18.65.156.210
2906,66,1649322654.663546000,10.11.219.6
2907,66,1649322654.663607000,10.11.219.6
2908,-11010,1649322654.664732000,18.65.156.210
2909,66,1649322654.664744000,10.11.219.6
2910,187,1649322654.665938000,10.11.219.6
2911,-8274,1649322654.666372000,18.65.156.210
2912,66,1649322654.666408000,10.11.219.6
2913,-5538,1649322654.669322000,18.65.156.210
2914,66,1649322654.669328000,10.11.219.6
2915,-2802,1649322654.669337000,18.65.156.210
2916,-726,1649322654.669342000,18.65.156.210
2917,78,1649322654.669350000,10.11.219.6
2918,-1434,1649322654.669356000,18.65.156.210
2919,66,1649322654.669362000,10.11.219.6
2920,-13746,1649322654.669376000,18.65.156.210
2921,66,1649322654.669460000,10.11.219.6
2922,-2792,1649322654.672195000,18.65.156.210
2923,66,1649322654.672203000,10.11.219.6
2924,-11010,1649322654.672215000,18.65.156.210
2925,66,1649322654.672258000,10.11.219.6
2926,-5528,1649322654.672376000,18.65.156.210
2927,-21954,1649322654.672383000,18.65.156.210
2928,66,1649322654.672485000,10.11.219.6
2929,-2802,1649322654.674916000,18.65.156.210
2930,66,1649322654.674932000,10.11.219.6
2931,-5538,1649322654.675104000,18.65.156.210
2932,-16482,1649322654.675115000,18.65.156.210
2933,66,1649322654.675160000,10.11.219.6
2934,740,1649322654.677770000,10.11.219.6
2935,-2802,1649322654.677841000,18.65.156.210
2936,-66,1649322654.677850000,18.65.156.210
2937,66,1649322654.677954000,10.11.219.6
2938,-21954,1649322654.678054000,18.65.156.210
2939,66,1649322654.678291000,10.11.219.6
2940,-2802,1649322654.680255000,18.65.156.210
2941,66,1649322654.680267000,10.11.219.6
2942,-13746,1649322654.680411000,18.65.156.210
2943,-8274,1649322654.680433000,18.65.156.210
2944,66,1649322654.680434000,10.11.219.6
2945,66,1649322654.680487000,10.11.219.6
2946,-2802,1649322654.682695000,18.65.156.210
2947,66,1649322654.682708000,10.11.219.6
2948,-15114,1649322654.682869000,18.65.156.210
2949,-66,1649322654.682907000,3.19.12.105
2950,66,1649322654.682911000,10.11.219.6
2951,-4170,1649322654.682916000,3.19.12.105
2952,66,1649322654.682922000,10.11.219.6
2953,-83,1649322654.682928000,3.19.12.105
2954,78,1649322654.682932000,10.11.219.6
2955,-1434,1649322654.682935000,3.19.12.105
2956,66,1649322654.682938000,10.11.219.6
2957,-1434,1649322654.682941000,18.65.156.210
2958,-2802,1649322654.685133000,18.65.156.210
2959,66,1649322654.685145000,10.11.219.6
2960,-21954,1649322654.685304000,18.65.156.210
2961,192,1649322654.686927000,10.11.219.6
2962,-4170,1649322654.687146000,18.65.156.210
2963,-13746,1649322654.687155000,18.65.156.210
2964,66,1649322654.687192000,10.11.219.6
2965,-8274,1649322654.687714000,18.65.156.210
2966,66,1649322654.687722000,10.11.219.6
2967,-2802,1649322654.689999000,18.65.156.210
2968,66,1649322654.690008000,10.11.219.6
2969,-1434,1649322654.690181000,18.65.156.210
2970,-8274,1649322654.690187000,18.65.156.210
2971,-12378,1649322654.690193000,18.65.156.210
2972,66,1649322654.690214000,10.11.219.6
2973,-6906,1649322654.692713000,18.65.156.210
2974,66,1649322654.692719000,10.11.219.6
2975,-11010,1649322654.692917000,18.65.156.210
2976,-8274,1649322654.692943000,18.65.156.210
2977,66,1649322654.692962000,10.11.219.6
2978,-2802,1649322654.695265000,18.65.156.210
2979,66,1649322654.695273000,10.11.219.6
2980,-13746,1649322654.695429000,18.65.156.210
2981,-2802,1649322654.695443000,18.65.156.210
2982,-5538,1649322654.695449000,18.65.156.210
2983,66,1649322654.695461000,10.11.219.6
2984,-1434,1649322654.697676000,18.65.156.210
2985,-4170,1649322654.697684000,18.65.156.210
2986,66,1649322654.697688000,10.11.219.6
2987,-19218,1649322654.697844000,18.65.156.210
2988,66,1649322654.697876000,10.11.219.6
2989,-5538,1649322654.699994000,18.65.156.210
2990,66,1649322654.700015000,10.11.219.6
2991,-1434,1649322654.700242000,18.65.156.210
2992,-19218,1649322654.700259000,18.65.156.210
2993,66,1649322654.700300000,10.11.219.6
2994,-5538,1649322654.703246000,18.65.156.210
2995,66,1649322654.703270000,10.11.219.6
2996,-2802,1649322654.703454000,18.65.156.210
2997,-6906,1649322654.703464000,18.65.156.210
2998,-9642,1649322654.703469000,18.65.156.210
2999,-797,1649322654.704011000,18.65.156.210
3000,78,1649322654.704029000,10.11.219.6
3001,-1434,1649322654.704083000,18.65.156.210
3002,66,1649322654.704093000,10.11.219.6
3003,178,1649322654.710398000,10.11.219.6
3004,455,1649322654.710943000,10.11.219.6
3005,1009,1649322654.711827000,10.11.219.6
3006,-605,1649322654.713005000,18.65.156.210
3007,78,1649322654.713030000,10.11.219.6
3008,-1434,1649322654.713049000,18.65.156.210
3009,66,1649322654.713062000,10.11.219.6
3010,952,1649322654.715228000,10.11.219.6
3011,-2802,1649322654.715324000,18.65.156.210
3012,66,1649322654.715355000,10.11.219.6
3013,-8274,1649322654.715623000,18.65.156.210
3014,66,1649322654.715653000,10.11.219.6
3015,1228,1649322654.717240000,10.11.219.6
3016,-5528,1649322654.717654000,18.65.156.210
3017,-16472,1649322654.717670000,18.65.156.210
3018,-11010,1649322654.717694000,18.65.156.210
3019,66,1649322654.717697000,10.11.219.6
3020,66,1649322654.717968000,10.11.219.6
3021,-2802,1649322654.718069000,18.65.156.210
3022,66,1649322654.718078000,10.11.219.6
3023,571,1649322654.718418000,10.11.219.6
3024,-8274,1649322654.720308000,18.65.156.210
3025,66,1649322654.720361000,10.11.219.6
3026,-9642,1649322654.722525000,18.65.156.210
3027,-17850,1649322654.722538000,18.65.156.210
3028,66,1649322654.722596000,10.11.219.6
3029,-13746,1649322654.723030000,18.65.156.210
3030,66,1649322654.723038000,10.11.219.6
3031,-5538,1649322654.723079000,18.65.156.210
3032,-601,1649322654.723088000,18.65.156.210
3033,-1434,1649322654.723090000,18.65.156.210
3034,-8274,1649322654.723097000,18.65.156.210
3035,66,1649322654.723098000,10.11.219.6
3036,78,1649322654.723114000,10.11.219.6
3037,66,1649322654.723120000,10.11.219.6
3038,66,1649322654.723172000,10.11.219.6
3039,-2802,1649322654.725382000,18.65.156.210
3040,66,1649322654.725402000,10.11.219.6
3041,-5528,1649322654.725727000,18.65.156.210
3042,-19218,1649322654.725736000,18.65.156.210
3043,66,1649322654.725772000,10.11.219.6
3044,-2802,1649322654.727674000,18.65.156.210
3045,66,1649322654.727688000,10.11.219.6
3046,-9642,1649322654.728199000,18.65.156.210
3047,-3257,1649322654.728208000,52.46.130.91
3048,54,1649322654.728220000,10.11.219.6
3049,66,1649322654.728249000,10.11.219.6
3050,-2420,1649322654.728264000,52.46.130.91
3051,54,1649322654.728268000,10.11.219.6
3052,-13746,1649322654.728274000,18.65.156.210
3053,66,1649322654.728513000,10.11.219.6
3054,-2802,1649322654.730114000,18.65.156.210
3055,66,1649322654.730130000,10.11.219.6
3056,-15114,1649322654.730661000,18.65.156.210
3057,-2802,1649322654.730701000,18.65.156.210
3058,-2802,1649322654.730704000,18.65.156.210
3059,-8274,1649322654.730707000,18.65.156.210
3060,66,1649322654.730714000,10.11.219.6
3061,66,1649322654.730798000,10.11.219.6
3062,184,1649322654.732116000,10.11.219.6
3063,-13746,1649322654.732292000,18.65.156.210
3064,66,1649322654.732536000,10.11.219.6
3065,-8274,1649322654.732814000,18.65.156.210
3066,66,1649322654.732825000,10.11.219.6
3067,-8274,1649322654.732844000,18.65.156.210
3068,66,1649322654.732868000,10.11.219.6
3069,200,1649322654.734374000,10.11.219.6
3070,-2802,1649322654.741811000,18.65.156.210
3071,66,1649322654.741901000,10.11.219.6
3072,-2802,1649322654.744049000,18.65.156.210
3073,-8274,1649322654.744063000,18.65.156.210
3074,66,1649322654.744135000,10.11.219.6
3075,-2802,1649322654.744218000,18.65.156.210
3076,66,1649322654.744231000,10.11.219.6
3077,-6906,1649322654.746728000,18.65.156.210
3078,66,1649322654.746746000,10.11.219.6
3079,-26058,1649322654.746784000,18.65.156.210
3080,-5538,1649322654.746832000,18.65.156.210
3081,-2802,1649322654.746836000,18.65.156.210
3082,66,1649322654.747027000,10.11.219.6
3083,-2802,1649322654.749351000,18.65.156.210
3084,66,1649322654.749363000,10.11.219.6
3085,-13746,1649322654.749511000,18.65.156.210
3086,-13746,1649322654.749542000,18.65.156.210
3087,-2802,1649322654.749550000,18.65.156.210
3088,66,1649322654.749575000,10.11.219.6
3089,-2802,1649322654.751744000,18.65.156.210
3090,66,1649322654.751749000,10.11.219.6
3091,-21954,1649322654.751933000,18.65.156.210
3092,66,1649322654.751952000,10.11.219.6
3093,-2802,1649322654.754141000,18.65.156.210
3094,66,1649322654.754156000,10.11.219.6
3095,-1434,1649322654.754311000,18.65.156.210
3096,-20586,1649322654.754323000,18.65.156.210
3097,66,1649322654.754350000,10.11.219.6
3098,-2802,1649322654.756756000,18.65.156.210
3099,66,1649322654.756768000,10.11.219.6
3100,-8274,1649322654.756943000,18.65.156.210
3101,-13746,1649322654.756950000,18.65.156.210
3102,66,1649322654.756977000,10.11.219.6
3103,-2802,1649322654.759188000,18.65.156.210
3104,66,1649322654.759197000,10.11.219.6
3105,-17850,1649322654.759365000,18.65.156.210
3106,-1434,1649322654.759380000,18.65.156.210
3107,-2802,1649322654.759386000,18.65.156.210
3108,66,1649322654.759413000,10.11.219.6
3109,-2802,1649322654.761661000,18.65.156.210
3110,66,1649322654.761678000,10.11.219.6
3111,-2802,1649322654.761801000,18.65.156.210
3112,-2802,1649322654.761806000,18.65.156.210
3113,-2802,1649322654.761808000,18.65.156.210
3114,-2802,1649322654.761810000,18.65.156.210
3115,66,1649322654.761846000,10.11.219.6
3116,-2802,1649322654.761848000,18.65.156.210
3117,-2802,1649322654.761850000,18.65.156.210
3118,66,1649322654.761883000,10.11.219.6
3119,-2802,1649322654.763975000,18.65.156.210
3120,66,1649322654.763987000,10.11.219.6
3121,-2802,1649322654.764002000,18.65.156.210
3122,-2802,1649322654.764005000,18.65.156.210
3123,-2802,1649322654.764008000,18.65.156.210
3124,66,1649322654.764064000,10.11.219.6
3125,-2802,1649322654.764241000,18.65.156.210
3126,-2802,1649322654.764249000,18.65.156.210
3127,-2802,1649322654.764252000,18.65.156.210
3128,-2802,1649322654.764254000,18.65.156.210
3129,-1434,1649322654.764271000,18.65.156.210
3130,66,1649322654.764292000,10.11.219.6
3131,-1434,1649322654.767972000,18.65.156.210
3132,-2802,1649322654.767983000,18.65.156.210
3133,66,1649322654.767988000,10.11.219.6
3134,-2802,1649322654.767994000,18.65.156.210
3135,-2802,1649322654.767995000,18.65.156.210
3136,-2802,1649322654.767997000,18.65.156.210
3137,-2802,1649322654.768015000,18.65.156.210
3138,-2802,1649322654.768018000,18.65.156.210
3139,-2802,1649322654.768020000,18.65.156.210
3140,66,1649322654.768042000,10.11.219.6
3141,-8274,1649322654.768534000,18.65.156.210
3142,66,1649322654.768539000,10.11.219.6
3143,-5538,1649322654.770545000,18.65.156.210
3144,66,1649322654.770559000,10.11.219.6
3145,-2802,1649322654.770612000,18.65.156.210
3146,66,1649322654.770638000,10.11.219.6
3147,-5538,1649322654.773439000,18.65.156.210
3148,66,1649322654.773505000,10.11.219.6
3149,-5538,1649322654.773585000,18.65.156.210
3150,-13746,1649322654.773590000,18.65.156.210
3151,66,1649322654.773596000,10.11.219.6
3152,66,1649322654.773611000,10.11.219.6
3153,-1434,1649322654.777250000,18.65.156.210
3154,-13746,1649322654.777485000,18.65.156.210
3155,66,1649322654.777491000,10.11.219.6
3156,-9642,1649322654.777539000,18.65.156.210
3157,66,1649322654.777552000,10.11.219.6
3158,-4170,1649322654.779454000,18.65.156.210
3159,66,1649322654.779470000,10.11.219.6
3160,-1434,1649322654.779488000,18.65.156.210
3161,-12378,1649322654.780023000,18.65.156.210
3162,66,1649322654.780071000,10.11.219.6
3163,-6906,1649322654.780092000,18.65.156.210
3164,66,1649322654.780135000,10.11.219.6
3165,-2802,1649322654.782024000,18.65.156.210
3166,66,1649322654.782037000,10.11.219.6
3167,-2802,1649322654.782056000,18.65.156.210
3168,66,1649322654.782121000,10.11.219.6
3169,-11010,1649322654.782483000,18.65.156.210
3170,-8274,1649322654.782518000,18.65.156.210
3171,66,1649322654.782517000,10.11.219.6
3172,66,1649322654.782571000,10.11.219.6
3173,-4170,1649322654.785037000,18.65.156.210
3174,66,1649322654.785051000,10.11.219.6
3175,-1434,1649322654.785186000,18.65.156.210
3176,-8274,1649322654.785210000,18.65.156.210
3177,-5538,1649322654.785252000,18.65.156.210
3178,-5538,1649322654.785256000,18.65.156.210
3179,66,1649322654.785391000,10.11.219.6
3180,-2802,1649322654.787050000,18.65.156.210
3181,66,1649322654.787063000,10.11.219.6
3182,-8274,1649322654.787500000,18.65.156.210
3183,-6906,1649322654.787559000,18.65.156.210
3184,-6906,1649322654.787564000,18.65.156.210
3185,66,1649322654.787820000,10.11.219.6
3186,74,1649322654.788377000,10.11.219.6
3187,-1434,1649322654.791146000,18.65.156.210
3188,-8274,1649322654.791160000,18.65.156.210
3189,66,1649322654.791172000,10.11.219.6
3190,912,1649322654.792655000,10.11.219.6
3191,-8274,1649322654.792782000,18.65.156.210
3192,66,1649322654.792791000,10.11.219.6
3193,-11010,1649322654.793449000,18.65.156.210
3194,-6906,1649322654.793465000,18.65.156.210
3195,66,1649322654.793488000,10.11.219.6
3196,-4170,1649322654.796171000,18.65.156.210
3197,66,1649322654.796181000,10.11.219.6
3198,-11010,1649322654.796212000,18.65.156.210
3199,-6906,1649322654.796236000,18.65.156.210
3200,-1434,1649322654.796238000,18.65.156.210
3201,66,1649322654.796244000,10.11.219.6
3202,66,1649322654.796306000,10.11.219.6
3203,-9642,1649322654.797825000,18.65.156.210
3204,66,1649322654.797833000,10.11.219.6
3205,-66,1649322654.797841000,54.148.152.248
3206,-1434,1649322654.797848000,18.65.156.210
3207,-9642,1649322654.798235000,18.65.156.210
3208,66,1649322654.798238000,10.11.219.6
3209,-4170,1649322654.798243000,18.65.156.210
3210,66,1649322654.798274000,10.11.219.6
3211,-5538,1649322654.800814000,18.65.156.210
3212,66,1649322654.800880000,10.11.219.6
3213,-1434,1649322654.800956000,18.65.156.210
3214,-11010,1649322654.800977000,18.65.156.210
3215,-5538,1649322654.800998000,18.65.156.210
3216,66,1649322654.801020000,10.11.219.6
3217,74,1649322654.801591000,10.11.219.6
3218,-5538,1649322654.802630000,18.65.156.210
3219,66,1649322654.802639000,10.11.219.6
3220,-8274,1649322654.802649000,18.65.156.210
3221,66,1649322654.802697000,10.11.219.6
3222,-1434,1649322654.802979000,18.65.156.210
3223,-1434,1649322654.802985000,18.65.156.210
3224,66,1649322654.802989000,10.11.219.6
3225,-9642,1649322654.806458000,18.65.156.210
3226,-11010,1649322654.806470000,18.65.156.210
3227,-8274,1649322654.806494000,18.65.156.210
3228,-874,1649322654.806502000,18.65.156.210
3229,78,1649322654.806514000,10.11.219.6
3230,-260,1649322654.806529000,54.148.152.248
3231,-74,1649322654.806545000,52.194.88.144
3232,66,1649322654.806553000,10.11.219.6
3233,-1434,1649322654.806555000,18.65.156.210
3234,66,1649322654.806558000,10.11.219.6
3235,-74,1649322654.807177000,18.65.148.40
3236,66,1649322654.807189000,10.11.219.6
3237,583,1649322654.811599000,10.11.219.6
3238,583,1649322654.814092000,10.11.219.6
3239,74,1649322654.814368000,10.11.219.6
3240,-66,1649322654.819048000,18.65.148.40
3241,-74,1649322654.819055000,18.65.116.124
3242,66,1649322654.819063000,10.11.219.6
3243,-5538,1649322654.820231000,18.65.148.40
3244,66,1649322654.820237000,10.11.219.6
3245,-922,1649322654.821005000,18.65.148.40
3246,66,1649322654.821009000,10.11.219.6
3247,583,1649322654.821216000,10.11.219.6
3248,130,1649322654.825703000,10.11.219.6
3249,-66,1649322654.825767000,18.65.116.124
3250,-66,1649322654.825787000,52.194.88.144
3251,-5538,1649322654.825792000,18.65.116.124
3252,66,1649322654.825799000,10.11.219.6
3253,-592,1649322654.826843000,18.65.116.124
3254,66,1649322654.826849000,10.11.219.6
3255,-1434,1649322654.827670000,52.194.88.144
3256,66,1649322654.827674000,10.11.219.6
3257,-487,1649322654.827679000,52.194.88.144
3258,78,1649322654.827684000,10.11.219.6
3259,-1434,1649322654.827687000,52.194.88.144
3260,66,1649322654.827691000,10.11.219.6
3261,-66,1649322654.828384000,18.65.148.40
3262,-128,1649322654.828389000,18.65.148.40
3263,66,1649322654.828392000,10.11.219.6
3264,66,1649322654.849451000,10.11.219.6
3265,192,1649322654.865162000,10.11.219.6
3266,236,1649322654.865276000,10.11.219.6
3267,388,1649322654.865292000,10.11.219.6
3268,97,1649322654.867042000,10.11.219.6
3269,-66,1649322654.867978000,18.65.148.40
3270,-66,1649322654.867988000,18.65.148.40
3271,-97,1649322654.867991000,18.65.148.40
3272,66,1649322654.867998000,10.11.219.6
3273,-66,1649322654.870078000,18.65.148.40
3274,130,1649322654.870994000,10.11.219.6
3275,236,1649322654.871532000,10.11.219.6
3276,406,1649322654.871564000,10.11.219.6
3277,-66,1649322654.874502000,18.65.116.124
3278,-128,1649322654.874518000,18.65.116.124
3279,66,1649322654.874522000,10.11.219.6
3280,-66,1649322654.874528000,18.65.116.124
3281,-66,1649322654.874530000,18.65.116.124
3282,-97,1649322654.874531000,18.65.116.124
3283,66,1649322654.874535000,10.11.219.6
3284,97,1649322654.874567000,10.11.219.6
3285,-66,1649322654.876988000,18.65.116.124
3286,-372,1649322654.879206000,3.19.12.105
3287,66,1649322654.879212000,10.11.219.6
3288,-135,1649322654.879219000,3.19.12.105
3289,66,1649322654.879220000,10.11.219.6
3290,-324,1649322654.879222000,52.194.88.144
3291,66,1649322654.879224000,10.11.219.6
3292,-135,1649322654.879226000,52.194.88.144
3293,66,1649322654.879228000,10.11.219.6
3294,243,1649322654.879818000,10.11.219.6
3295,376,1649322654.879844000,10.11.219.6
3296,104,1649322654.880237000,10.11.219.6
3297,-846,1649322654.884777000,18.65.116.124
3298,66,1649322654.884783000,10.11.219.6
3299,-97,1649322654.884793000,18.65.116.124
3300,66,1649322654.884796000,10.11.219.6
3301,-520,1649322654.895303000,18.65.148.40
3302,66,1649322654.895320000,10.11.219.6
3303,-97,1649322654.895338000,18.65.148.40
3304,66,1649322654.895343000,10.11.219.6
3305,243,1649322654.916749000,10.11.219.6
3306,403,1649322654.916783000,10.11.219.6
3307,161,1649322654.917232000,10.11.219.6
3308,104,1649322654.917749000,10.11.219.6
3309,510,1649322654.920585000,10.11.219.6
3310,-6625,1649322654.922548000,18.65.156.210
3311,66,1649322654.922567000,10.11.219.6
3312,-97,1649322654.922580000,18.65.156.210
3313,66,1649322654.922583000,10.11.219.6
3314,-696,1649322654.929910000,54.240.252.146
3315,54,1649322654.929936000,10.11.219.6
3316,-66,1649322654.929956000,52.194.88.144
3317,-104,1649322654.929961000,52.194.88.144
3318,66,1649322654.929964000,10.11.219.6
3319,-624,1649322654.931897000,52.194.88.144
3320,66,1649322654.931911000,10.11.219.6
3321,-104,1649322654.931924000,52.194.88.144
3322,66,1649322654.931927000,10.11.219.6
3323,74,1649322654.935267000,10.11.219.6
3324,-66,1649322655.070706000,3.19.12.105
3325,-104,1649322655.070717000,3.19.12.105
3326,66,1649322655.070724000,10.11.219.6
3327,-232,1649322655.070740000,3.19.12.105
3328,66,1649322655.070744000,10.11.219.6
3329,-639,1649322655.103247000,52.46.130.91
3330,54,1649322655.103269000,10.11.219.6
3331,536,1649322655.103646000,10.11.219.6
3332,-66,1649322655.112807000,52.46.130.91
3333,54,1649322655.112835000,10.11.219.6
3334,571,1649322655.118277000,10.11.219.6
3335,186,1649322655.121250000,10.11.219.6
3336,181,1649322655.122865000,10.11.219.6
3337,183,1649322655.123105000,10.11.219.6
3338,179,1649322655.124427000,10.11.219.6
3339,-2598,1649322655.124774000,18.65.156.210
3340,66,1649322655.124786000,10.11.219.6
3341,167,1649322655.125779000,10.11.219.6
3342,194,1649322655.125997000,10.11.219.6
3343,193,1649322655.126219000,10.11.219.6
3344,175,1649322655.127568000,10.11.219.6
3345,-1434,1649322655.129062000,18.65.156.210
3346,66,1649322655.129078000,10.11.219.6
3347,-483,1649322655.129090000,18.65.156.210
3348,78,1649322655.129099000,10.11.219.6
3349,-1434,1649322655.129120000,18.65.156.210
3350,66,1649322655.129127000,10.11.219.6
3351,-788,1649322655.129131000,18.65.156.210
3352,66,1649322655.129138000,10.11.219.6
3353,-4170,1649322655.130573000,18.65.156.210
3354,66,1649322655.130595000,10.11.219.6
3355,-211,1649322655.130621000,18.65.156.210
3356,78,1649322655.130629000,10.11.219.6
3357,-1434,1649322655.130635000,18.65.156.210
3358,66,1649322655.130640000,10.11.219.6
3359,-679,1649322655.130643000,18.65.156.210
3360,-66,1649322655.130647000,18.65.156.210
3361,-794,1649322655.130650000,18.65.156.210
3362,-157,1649322655.130665000,18.65.156.210
3363,78,1649322655.130669000,10.11.219.6
3364,-1434,1649322655.130673000,18.65.156.210
3365,66,1649322655.130677000,10.11.219.6
3366,-664,1649322655.130680000,18.65.156.210
3367,66,1649322655.131884000,10.11.219.6
3368,507,1649322655.166488000,10.11.219.6
3369,457,1649322655.166636000,10.11.219.6
3370,-66,1649322655.168858000,18.65.110.227
3371,292,1649322655.188624000,10.11.219.6
3372,405,1649322655.190440000,10.11.219.6
3373,-66,1649322655.192355000,18.65.110.227
3374,286,1649322655.195173000,10.11.219.6
3375,398,1649322655.196947000,10.11.219.6
3376,-66,1649322655.197708000,18.65.110.227
3377,286,1649322655.199526000,10.11.219.6
3378,398,1649322655.200747000,10.11.219.6
3379,-66,1649322655.201970000,18.65.110.227
3380,288,1649322655.202443000,10.11.219.6
3381,400,1649322655.202625000,10.11.219.6
3382,290,1649322655.203738000,10.11.219.6
3383,402,1649322655.204593000,10.11.219.6
3384,282,1649322655.204752000,10.11.219.6
3385,394,1649322655.205054000,10.11.219.6
3386,286,1649322655.205219000,10.11.219.6
3387,74,1649322655.206602000,10.11.219.6
3388,74,1649322655.206750000,10.11.219.6
3389,74,1649322655.206921000,10.11.219.6
3390,398,1649322655.207021000,10.11.219.6
3391,74,1649322655.207141000,10.11.219.6
3392,74,1649322655.207254000,10.11.219.6
3393,-66,1649322655.207741000,18.65.110.227
3394,-66,1649322655.207752000,18.65.110.227
3395,74,1649322655.207817000,10.11.219.6
3396,74,1649322655.208089000,10.11.219.6
3397,74,1649322655.208320000,10.11.219.6
3398,74,1649322655.208392000,10.11.219.6
3399,74,1649322655.208487000,10.11.219.6
3400,-66,1649322655.210599000,18.65.110.227
3401,-66,1649322655.210606000,18.65.110.227
3402,-74,1649322655.210608000,23.205.97.4
3403,66,1649322655.210621000,10.11.219.6
3404,-74,1649322655.210629000,35.186.254.217
3405,66,1649322655.210635000,10.11.219.6
3406,-74,1649322655.210639000,23.64.8.218
3407,66,1649322655.210644000,10.11.219.6
3408,-74,1649322655.210648000,172.217.25.162
3409,66,1649322655.210653000,10.11.219.6
3410,-74,1649322655.212700000,184.25.233.136
3411,66,1649322655.212715000,10.11.219.6
3412,583,1649322655.213086000,10.11.219.6
3413,583,1649322655.215210000,10.11.219.6
3414,-66,1649322655.216177000,23.205.97.4
3415,583,1649322655.216915000,10.11.219.6
3416,583,1649322655.218645000,10.11.219.6
3417,583,1649322655.221211000,10.11.219.6
3418,74,1649322655.222150000,10.11.219.6
3419,-2802,1649322655.223428000,23.205.97.4
3420,66,1649322655.223436000,10.11.219.6
3421,-1426,1649322655.223446000,23.205.97.4
3422,66,1649322655.223450000,10.11.219.6
3423,-454,1649322655.223452000,23.205.97.4
3424,66,1649322655.223454000,10.11.219.6
3425,-66,1649322655.223456000,172.217.25.162
3426,-74,1649322655.223460000,35.213.12.39
3427,66,1649322655.223468000,10.11.219.6
3428,-66,1649322655.223471000,23.64.8.218
3429,-2802,1649322655.223473000,23.64.8.218
3430,66,1649322655.223475000,10.11.219.6
3431,-1391,1649322655.223507000,23.64.8.218
3432,66,1649322655.223512000,10.11.219.6
3433,-74,1649322655.223518000,52.194.39.238
3434,66,1649322655.223524000,10.11.219.6
3435,-66,1649322655.223527000,35.186.254.217
3436,-74,1649322655.224490000,18.178.22.21
3437,66,1649322655.224500000,10.11.219.6
3438,-74,1649322655.224507000,104.244.42.3
3439,66,1649322655.224510000,10.11.219.6
3440,-1434,1649322655.224513000,35.186.254.217
3441,66,1649322655.224515000,10.11.219.6
3442,-749,1649322655.224518000,35.186.254.217
3443,78,1649322655.224520000,10.11.219.6
3444,-66,1649322655.224522000,184.25.233.136
3445,-1434,1649322655.224524000,35.186.254.217
3446,66,1649322655.224526000,10.11.219.6
3447,-2802,1649322655.226569000,184.25.233.136
3448,66,1649322655.226575000,10.11.219.6
3449,-1159,1649322655.226860000,184.25.233.136
3450,66,1649322655.226866000,10.11.219.6
3451,192,1649322655.229757000,10.11.219.6
3452,583,1649322655.231734000,10.11.219.6
3453,583,1649322655.234577000,10.11.219.6
3454,-66,1649322655.236357000,23.205.97.4
3455,-340,1649322655.236365000,23.205.97.4
3456,66,1649322655.236370000,10.11.219.6
3457,192,1649322655.237852000,10.11.219.6
3458,583,1649322655.240689000,10.11.219.6
3459,583,1649322655.242483000,10.11.219.6
3460,-66,1649322655.242756000,184.25.233.136
3461,-324,1649322655.242763000,184.25.233.136
3462,66,1649322655.242766000,10.11.219.6
3463,-66,1649322655.245063000,35.213.12.39
3464,74,1649322655.245999000,10.11.219.6
3465,146,1649322655.248952000,10.11.219.6
3466,-2802,1649322655.253047000,35.213.12.39
3467,66,1649322655.253060000,10.11.219.6
3468,-1426,1649322655.253070000,35.213.12.39
3469,66,1649322655.253073000,10.11.219.6
3470,-66,1649322655.253075000,52.194.39.238
3471,-958,1649322655.253079000,35.213.12.39
3472,66,1649322655.253081000,10.11.219.6
3473,-5190,1649322655.253083000,52.194.39.238
3474,66,1649322655.253085000,10.11.219.6
3475,-66,1649322655.253092000,23.64.8.218
3476,-353,1649322655.253094000,23.64.8.218
3477,66,1649322655.253095000,10.11.219.6
3478,-353,1649322655.253097000,23.64.8.218
3479,66,1649322655.253099000,10.11.219.6
3480,-66,1649322655.255667000,104.244.42.3
3481,-66,1649322655.255675000,18.178.22.21
3482,-4045,1649322655.257311000,18.178.22.21
3483,66,1649322655.257320000,10.11.219.6
3484,-2762,1649322655.257333000,104.244.42.3
3485,66,1649322655.257338000,10.11.219.6
3486,-811,1649322655.257341000,104.244.42.3
3487,66,1649322655.257343000,10.11.219.6
3488,-2802,1649322655.258297000,172.217.25.162
3489,66,1649322655.258310000,10.11.219.6
3490,-494,1649322655.258325000,172.217.25.162
3491,78,1649322655.258329000,10.11.219.6
3492,-1434,1649322655.258332000,172.217.25.162
3493,66,1649322655.258334000,10.11.219.6
3494,-74,1649322655.258862000,52.196.151.59
3495,66,1649322655.258873000,10.11.219.6
3496,-670,1649322655.274192000,18.65.110.227
3497,-97,1649322655.274198000,18.65.110.227
3498,-639,1649322655.284218000,52.46.130.91
3499,-54,1649322655.292392000,52.46.130.91
3500,-670,1649322655.295745000,18.65.110.227
3501,-97,1649322655.295753000,18.65.110.227
3502,-54,1649322655.296707000,52.46.130.91
3503,-6001,1649322655.299522000,52.46.130.91
3504,54,1649322655.299540000,10.11.219.6
3505,-669,1649322655.303259000,18.65.110.227
3506,-97,1649322655.303268000,18.65.110.227
3507,-236,1649322655.308776000,54.148.152.248
3508,66,1649322655.308796000,10.11.219.6
3509,-104,1649322655.308812000,54.148.152.248
3510,66,1649322655.308815000,10.11.219.6
3511,-669,1649322655.308819000,18.65.110.227
3512,66,1649322655.308822000,10.11.219.6
3513,-97,1649322655.308825000,18.65.110.227
3514,-670,1649322655.309595000,18.65.110.227
3515,-97,1649322655.309598000,18.65.110.227
3516,-669,1649322655.311746000,18.65.110.227
3517,-97,1649322655.311750000,18.65.110.227
3518,-669,1649322655.312831000,18.65.110.227
3519,-97,1649322655.312834000,18.65.110.227
3520,-668,1649322655.316190000,18.65.110.227
3521,-97,1649322655.316198000,18.65.110.227
3522,54,1649322655.325464000,10.11.219.6
3523,-235,1649322655.331211000,54.148.152.248
3524,66,1649322655.331239000,10.11.219.6
3525,-104,1649322655.331256000,54.148.152.248
3526,66,1649322655.331260000,10.11.219.6
3527,-74,1649322655.335524000,8.39.36.141
3528,66,1649322655.335553000,10.11.219.6
3529,-235,1649322655.336667000,54.148.152.248
3530,66,1649322655.336694000,10.11.219.6
3531,-104,1649322655.336712000,54.148.152.248
3532,66,1649322655.336716000,10.11.219.6
3533,-66,1649322655.341178000,54.148.152.248
3534,-235,1649322655.341193000,54.148.152.248
3535,66,1649322655.341203000,10.11.219.6
3536,-104,1649322655.341221000,54.148.152.248
3537,66,1649322655.341224000,10.11.219.6
3538,-66,1649322655.343333000,54.148.152.248
3539,-235,1649322655.344348000,54.148.152.248
3540,66,1649322655.344364000,10.11.219.6
3541,-104,1649322655.344380000,54.148.152.248
3542,66,1649322655.344384000,10.11.219.6
3543,-235,1649322655.345431000,54.148.152.248
3544,66,1649322655.345436000,10.11.219.6
3545,-104,1649322655.345442000,54.148.152.248
3546,66,1649322655.345444000,10.11.219.6
3547,-235,1649322655.347573000,54.148.152.248
3548,66,1649322655.347582000,10.11.219.6
3549,-104,1649322655.347588000,54.148.152.248
3550,66,1649322655.347590000,10.11.219.6
3551,-235,1649322655.348625000,54.148.152.248
3552,66,1649322655.348630000,10.11.219.6
3553,-104,1649322655.348636000,54.148.152.248
3554,66,1649322655.348639000,10.11.219.6
3555,66,1649322655.349427000,10.11.219.6
3556,180,1649322655.359837000,10.11.219.6
3557,530,1649322655.363003000,10.11.219.6
3558,159,1649322655.365006000,10.11.219.6
3559,-66,1649322655.365656000,23.64.8.218
3560,192,1649322655.369051000,10.11.219.6
3561,583,1649322655.372555000,10.11.219.6
3562,576,1649322655.373168000,10.11.219.6
3563,583,1649322655.374939000,10.11.219.6
3564,74,1649322655.375084000,10.11.219.6
3565,-66,1649322655.375468000,23.205.97.4
3566,-66,1649322655.377484000,35.213.12.39
3567,-340,1649322655.377498000,35.213.12.39
3568,66,1649322655.377509000,10.11.219.6
3569,-74,1649322655.378523000,35.227.202.26
3570,66,1649322655.378555000,10.11.219.6
3571,-340,1649322655.380689000,52.194.39.238
3572,66,1649322655.380703000,10.11.219.6
3573,-135,1649322655.380714000,52.194.39.238
3574,66,1649322655.380716000,10.11.219.6
3575,-74,1649322655.380718000,52.72.192.11
3576,66,1649322655.380727000,10.11.219.6
3577,-66,1649322655.384952000,52.196.151.59
3578,-2802,1649322655.387431000,52.196.151.59
3579,66,1649322655.387439000,10.11.219.6
3580,-326,1649322655.387788000,52.196.151.59
3581,78,1649322655.387794000,10.11.219.6
3582,-1434,1649322655.387798000,52.196.151.59
3583,66,1649322655.387802000,10.11.219.6
3584,192,1649322655.448824000,10.11.219.6
3585,464,1649322655.448985000,10.11.219.6
3586,-66,1649322655.451760000,184.25.233.136
3587,583,1649322655.453176000,10.11.219.6
3588,583,1649322655.455163000,10.11.219.6
3589,74,1649322655.456339000,10.11.219.6
3590,74,1649322655.456456000,10.11.219.6
3591,74,1649322655.456572000,10.11.219.6
3592,74,1649322655.456703000,10.11.219.6
3593,74,1649322655.456814000,10.11.219.6
3594,74,1649322655.456904000,10.11.219.6
3595,74,1649322655.457012000,10.11.219.6
3596,74,1649322655.457157000,10.11.219.6
3597,74,1649322655.457269000,10.11.219.6
3598,-66,1649322655.458211000,35.227.202.26
3599,-74,1649322655.459321000,23.205.97.4
3600,66,1649322655.459340000,10.11.219.6
3601,-74,1649322655.462718000,34.98.64.218
3602,66,1649322655.462748000,10.11.219.6
3603,-1434,1649322655.462767000,35.227.202.26
3604,66,1649322655.462774000,10.11.219.6
3605,-956,1649322655.462781000,35.227.202.26
3606,78,1649322655.462787000,10.11.219.6
3607,-117,1649322655.462792000,52.196.151.59
3608,66,1649322655.462798000,10.11.219.6
3609,-1434,1649322655.462803000,35.227.202.26
3610,66,1649322655.462808000,10.11.219.6
3611,583,1649322655.468241000,10.11.219.6
3612,74,1649322655.468403000,10.11.219.6
3613,74,1649322655.468473000,10.11.219.6
3614,74,1649322655.468532000,10.11.219.6
3615,74,1649322655.468611000,10.11.219.6
3616,74,1649322655.468660000,10.11.219.6
3617,74,1649322655.468913000,10.11.219.6
3618,-74,1649322655.469187000,103.231.99.80
3619,66,1649322655.469193000,10.11.219.6
3620,-66,1649322655.471246000,23.205.97.4
3621,583,1649322655.471949000,10.11.219.6
3622,-2802,1649322655.472478000,23.205.97.4
3623,66,1649322655.472491000,10.11.219.6
3624,-1426,1649322655.472504000,23.205.97.4
3625,66,1649322655.472510000,10.11.219.6
3626,-74,1649322655.472513000,172.217.25.162
3627,66,1649322655.472530000,10.11.219.6
3628,-74,1649322655.472534000,172.217.25.162
3629,66,1649322655.472539000,10.11.219.6
3630,-454,1649322655.473522000,23.205.97.4
3631,66,1649322655.473536000,10.11.219.6
3632,-66,1649322655.475439000,34.98.64.218
3633,192,1649322655.476959000,10.11.219.6
3634,-1434,1649322655.477742000,34.98.64.218
3635,66,1649322655.477755000,10.11.219.6
3636,-641,1649322655.477768000,34.98.64.218
3637,78,1649322655.477773000,10.11.219.6
3638,-1434,1649322655.478730000,34.98.64.218
3639,66,1649322655.478737000,10.11.219.6
3640,-66,1649322655.479694000,23.205.97.4
3641,-74,1649322655.479699000,31.13.82.36
3642,66,1649322655.479708000,10.11.219.6
3643,-340,1649322655.479713000,23.205.97.4
3644,66,1649322655.479715000,10.11.219.6
3645,583,1649322655.479934000,10.11.219.6
3646,-74,1649322655.480750000,54.150.10.110
3647,66,1649322655.480760000,10.11.219.6
3648,-74,1649322655.480766000,103.231.99.243
3649,66,1649322655.480770000,10.11.219.6
3650,-74,1649322655.481823000,18.177.174.119
3651,583,1649322655.481826000,10.11.219.6
3652,66,1649322655.481831000,10.11.219.6
3653,583,1649322655.483485000,10.11.219.6
3654,-66,1649322655.486207000,172.217.25.162
3655,-743,1649322655.486218000,23.64.8.218
3656,66,1649322655.486225000,10.11.219.6
3657,583,1649322655.487633000,10.11.219.6
3658,-66,1649322655.488434000,172.217.25.162
3659,583,1649322655.489433000,10.11.219.6
3660,-98,1649322655.490606000,8.39.36.141
3661,78,1649322655.490613000,10.11.219.6
3662,-1434,1649322655.490620000,8.39.36.141
3663,66,1649322655.490623000,10.11.219.6
3664,-1430,1649322655.490626000,8.39.36.141
3665,66,1649322655.490629000,10.11.219.6
3666,-716,1649322655.490631000,8.39.36.141
3667,66,1649322655.490633000,10.11.219.6
3668,583,1649322655.491190000,10.11.219.6
3669,-66,1649322655.491447000,103.231.99.80
3670,583,1649322655.492899000,10.11.219.6
3671,-2802,1649322655.494972000,103.231.99.80
3672,66,1649322655.494983000,10.11.219.6
3673,-333,1649322655.494993000,103.231.99.80
3674,78,1649322655.495000000,10.11.219.6
3675,-1434,1649322655.495003000,103.231.99.80
3676,66,1649322655.495006000,10.11.219.6
3677,-1186,1649322655.498159000,23.205.97.4
3678,66,1649322655.498163000,10.11.219.6
3679,216,1649322655.498201000,10.11.219.6
3680,-66,1649322655.498926000,103.231.99.243
3681,-2802,1649322655.501392000,103.231.99.243
3682,66,1649322655.501421000,10.11.219.6
3683,-333,1649322655.501441000,103.231.99.243
3684,78,1649322655.501447000,10.11.219.6
3685,-1434,1649322655.501451000,103.231.99.243
3686,66,1649322655.501454000,10.11.219.6
3687,-2642,1649322655.503688000,54.150.10.110
3688,66,1649322655.503711000,10.11.219.6
3689,-951,1649322655.503741000,54.150.10.110
3690,66,1649322655.503745000,10.11.219.6
3691,-66,1649322655.503748000,31.13.82.36
3692,-1434,1649322655.503752000,31.13.82.36
3693,66,1649322655.503755000,10.11.219.6
3694,-762,1649322655.503758000,31.13.82.36
3695,78,1649322655.503761000,10.11.219.6
3696,-1434,1649322655.503763000,31.13.82.36
3697,66,1649322655.503766000,10.11.219.6
3698,-66,1649322655.506644000,18.177.174.119
3699,-1434,1649322655.506699000,103.231.99.80
3700,78,1649322655.506735000,10.11.219.6
3701,192,1649322655.507356000,10.11.219.6
3702,-5426,1649322655.509089000,18.177.174.119
3703,66,1649322655.509102000,10.11.219.6
3704,192,1649322655.511825000,10.11.219.6
3705,-1434,1649322655.512159000,103.231.99.243
3706,78,1649322655.512165000,10.11.219.6
3707,-74,1649322655.515284000,119.9.108.211
3708,66,1649322655.515332000,10.11.219.6
3709,192,1649322655.516517000,10.11.219.6
3710,-66,1649322655.519264000,103.231.99.80
3711,-72,1649322655.519840000,103.231.99.80
3712,66,1649322655.519846000,10.11.219.6
3713,-111,1649322655.519856000,103.231.99.80
3714,66,1649322655.519859000,10.11.219.6
3715,-122,1649322655.519861000,103.231.99.80
3716,66,1649322655.519863000,10.11.219.6
3717,580,1649322655.520535000,10.11.219.6
3718,-66,1649322655.522999000,23.205.97.4
3719,-66,1649322655.523034000,103.231.99.243
3720,-117,1649322655.524047000,103.231.99.243
3721,66,1649322655.524052000,10.11.219.6
3722,-122,1649322655.524058000,103.231.99.243
3723,66,1649322655.524060000,10.11.219.6
3724,192,1649322655.524496000,10.11.219.6
3725,130,1649322655.524770000,10.11.219.6
3726,146,1649322655.525325000,10.11.219.6
3727,-2802,1649322655.525419000,172.217.25.162
3728,66,1649322655.525425000,10.11.219.6
3729,-495,1649322655.525439000,172.217.25.162
3730,78,1649322655.525444000,10.11.219.6
3731,-1434,1649322655.525446000,172.217.25.162
3732,66,1649322655.525449000,10.11.219.6
3733,-2802,1649322655.527550000,172.217.25.162
3734,66,1649322655.527563000,10.11.219.6
3735,-495,1649322655.527596000,172.217.25.162
3736,78,1649322655.527612000,10.11.219.6
3737,-70,1649322655.527616000,103.71.26.126
3738,66,1649322655.527638000,10.11.219.6
3739,-1434,1649322655.527642000,172.217.25.162
3740,66,1649322655.527648000,10.11.219.6
3741,583,1649322655.527770000,10.11.219.6
3742,-117,1649322655.528533000,54.150.10.110
3743,66,1649322655.528548000,10.11.219.6
3744,-646,1649322655.528562000,35.186.254.217
3745,66,1649322655.528567000,10.11.219.6
3746,-74,1649322655.532113000,18.141.111.55
3747,66,1649322655.532131000,10.11.219.6
3748,-788,1649322655.537202000,184.25.233.136
3749,66,1649322655.537206000,10.11.219.6
3750,-74,1649322655.537210000,103.43.90.178
3751,66,1649322655.537216000,10.11.219.6
3752,-324,1649322655.538044000,18.177.174.119
3753,66,1649322655.538051000,10.11.219.6
3754,-135,1649322655.538058000,18.177.174.119
3755,66,1649322655.538062000,10.11.219.6
3756,-105,1649322655.538064000,52.46.130.91
3757,54,1649322655.538067000,10.11.219.6
3758,-369,1649322655.539127000,18.178.22.21
3759,66,1649322655.539134000,10.11.219.6
3760,-369,1649322655.539141000,18.178.22.21
3761,66,1649322655.539143000,10.11.219.6
3762,-109,1649322655.539145000,18.178.22.21
3763,66,1649322655.539147000,10.11.219.6
3764,-74,1649322655.568025000,8.39.36.142
3765,66,1649322655.568050000,10.11.219.6
3766,-676,1649322655.568066000,23.205.97.4
3767,66,1649322655.568070000,10.11.219.6
3768,-1434,1649322655.589525000,119.9.108.211
3769,66,1649322655.589541000,10.11.219.6
3770,-308,1649322655.589553000,119.9.108.211
3771,78,1649322655.589556000,10.11.219.6
3772,-1434,1649322655.589559000,119.9.108.211
3773,66,1649322655.589561000,10.11.219.6
3774,505,1649322655.601135000,10.11.219.6
3775,236,1649322655.601615000,10.11.219.6
3776,403,1649322655.601639000,10.11.219.6
3777,236,1649322655.601728000,10.11.219.6
3778,368,1649322655.601743000,10.11.219.6
3779,-97,1649322655.604501000,35.186.254.217
3780,66,1649322655.604527000,10.11.219.6
3781,-66,1649322655.609759000,35.186.254.217
3782,-141,1649322655.611880000,8.39.36.141
3783,66,1649322655.611899000,10.11.219.6
3784,97,1649322655.612069000,10.11.219.6
3785,97,1649322655.612098000,10.11.219.6
3786,243,1649322655.612613000,10.11.219.6
3787,353,1649322655.612627000,10.11.219.6
3788,583,1649322655.614459000,10.11.219.6
3789,-66,1649322655.615141000,35.186.254.217
3790,-66,1649322655.615146000,18.178.22.21
3791,583,1649322655.616187000,10.11.219.6
3792,-97,1649322655.617285000,18.178.22.21
3793,66,1649322655.617291000,10.11.219.6
3794,583,1649322655.617959000,10.11.219.6
3795,-442,1649322655.618543000,35.186.254.217
3796,66,1649322655.618549000,10.11.219.6
3797,583,1649322655.619724000,10.11.219.6
3798,104,1649322655.620893000,10.11.219.6
3799,74,1649322655.621000000,10.11.219.6
3800,105,1649322655.621691000,10.11.219.6
3801,563,1649322655.622477000,10.11.219.6
3802,-550,1649322655.622679000,18.178.22.21
3803,66,1649322655.622689000,10.11.219.6
3804,-66,1649322655.624789000,52.194.39.238
3805,-104,1649322655.624798000,52.194.39.238
3806,66,1649322655.624803000,10.11.219.6
3807,-66,1649322655.624808000,52.72.192.11
3808,-74,1649322655.624810000,34.195.210.70
3809,66,1649322655.624817000,10.11.219.6
3810,-4170,1649322655.626306000,52.72.192.11
3811,66,1649322655.626316000,10.11.219.6
3812,-166,1649322655.626327000,52.72.192.11
3813,78,1649322655.626331000,10.11.219.6
3814,-412,1649322655.626335000,52.194.39.238
3815,66,1649322655.626339000,10.11.219.6
3816,-1434,1649322655.626343000,52.72.192.11
3817,66,1649322655.626347000,10.11.219.6
3818,583,1649322655.628159000,10.11.219.6
3819,214,1649322655.628384000,10.11.219.6
3820,-66,1649322655.630563000,35.186.254.217
3821,-66,1649322655.631723000,35.186.254.217
3822,192,1649322655.633478000,10.11.219.6
3823,185,1649322655.633656000,10.11.219.6
3824,171,1649322655.633775000,10.11.219.6
3825,130,1649322655.634696000,10.11.219.6
3826,236,1649322655.635592000,10.11.219.6
3827,431,1649322655.635612000,10.11.219.6
3828,573,1649322655.636237000,10.11.219.6
3829,545,1649322655.637964000,10.11.219.6
3830,130,1649322655.640832000,10.11.219.6
3831,-191,1649322655.640837000,35.186.254.217
3832,66,1649322655.640844000,10.11.219.6
3833,-66,1649322655.640854000,23.205.97.4
3834,105,1649322655.641773000,10.11.219.6
3835,236,1649322655.643176000,10.11.219.6
3836,403,1649322655.643215000,10.11.219.6
3837,74,1649322655.644830000,10.11.219.6
3838,-66,1649322655.646376000,52.194.39.238
3839,-219,1649322655.647471000,52.194.39.238
3840,66,1649322655.647483000,10.11.219.6
3841,-646,1649322655.647498000,35.227.202.26
3842,66,1649322655.647506000,10.11.219.6
3843,-66,1649322655.647510000,104.244.42.3
3844,-66,1649322655.647537000,18.178.22.21
3845,-66,1649322655.647542000,104.244.42.3
3846,-66,1649322655.647546000,104.244.42.3
3847,-593,1649322655.647548000,104.244.42.3
3848,66,1649322655.647552000,10.11.219.6
3849,-66,1649322655.647565000,35.227.202.26
3850,535,1649322655.647618000,10.11.219.6
3851,-97,1649322655.648619000,35.227.202.26
3852,66,1649322655.648637000,10.11.219.6
3853,97,1649322655.648981000,10.11.219.6
3854,97,1649322655.649635000,10.11.219.6
3855,-66,1649322655.650891000,35.186.254.217
3856,-924,1649322655.650900000,52.196.151.59
3857,66,1649322655.650912000,10.11.219.6
3858,-354,1649322655.655452000,18.178.22.21
3859,66,1649322655.655466000,10.11.219.6
3860,-66,1649322655.657233000,35.227.202.26
3861,-66,1649322655.660452000,104.244.42.3
3862,-66,1649322655.684329000,103.71.26.126
3863,-1120,1649322655.684340000,23.205.97.4
3864,66,1649322655.684348000,10.11.219.6
3865,-1434,1649322655.687550000,103.71.26.126
3866,66,1649322655.687567000,10.11.219.6
3867,-615,1649322655.687586000,103.71.26.126
3868,78,1649322655.687592000,10.11.219.6
3869,-1434,1649322655.687596000,103.71.26.126
3870,66,1649322655.687601000,10.11.219.6
3871,243,1649322655.687613000,10.11.219.6
3872,470,1649322655.687633000,10.11.219.6
3873,130,1649322655.688635000,10.11.219.6
3874,595,1649322655.689125000,10.11.219.6
3875,104,1649322655.690376000,10.11.219.6
3876,-674,1649322655.691691000,172.217.25.162
3877,66,1649322655.691716000,10.11.219.6
3878,-66,1649322655.692733000,18.141.111.55
3879,-66,1649322655.697150000,103.43.90.178
3880,-2642,1649322655.697159000,103.43.90.178
3881,66,1649322655.697164000,10.11.219.6
3882,-234,1649322655.697172000,103.43.90.178
3883,66,1649322655.697175000,10.11.219.6
3884,-5490,1649322655.698521000,18.141.111.55
3885,66,1649322655.698536000,10.11.219.6
3886,-66,1649322655.699143000,103.231.99.80
3887,-104,1649322655.699150000,103.231.99.80
3888,66,1649322655.699154000,10.11.219.6
3889,-602,1649322655.700473000,103.231.99.80
3890,66,1649322655.700476000,10.11.219.6
3891,-104,1649322655.700479000,103.231.99.80
3892,66,1649322655.700481000,10.11.219.6
3893,-66,1649322655.701451000,103.231.99.80
3894,-705,1649322655.703938000,52.196.151.59
3895,66,1649322655.703956000,10.11.219.6
3896,-656,1649322655.726475000,35.227.202.26
3897,66,1649322655.726489000,10.11.219.6
3898,236,1649322655.730147000,10.11.219.6
3899,357,1649322655.730171000,10.11.219.6
3900,-66,1649322655.732722000,172.217.25.162
3901,-97,1649322655.733815000,172.217.25.162
3902,66,1649322655.733824000,10.11.219.6
3903,192,1649322655.734276000,10.11.219.6
3904,-98,1649322655.735173000,8.39.36.142
3905,78,1649322655.735182000,10.11.219.6
3906,-1434,1649322655.735189000,8.39.36.142
3907,66,1649322655.735193000,10.11.219.6
3908,-1430,1649322655.735195000,8.39.36.142
3909,66,1649322655.735197000,10.11.219.6
3910,-716,1649322655.735199000,8.39.36.142
3911,66,1649322655.735200000,10.11.219.6
3912,159,1649322655.736589000,10.11.219.6
3913,192,1649322655.741457000,10.11.219.6
3914,130,1649322655.741660000,10.11.219.6
3915,549,1649322655.742150000,10.11.219.6
3916,97,1649322655.743643000,10.11.219.6
3917,105,1649322655.743675000,10.11.219.6
3918,-66,1649322655.744591000,23.205.97.4
3919,-646,1649322655.744602000,34.98.64.218
3920,66,1649322655.744608000,10.11.219.6
3921,236,1649322655.745478000,10.11.219.6
3922,412,1649322655.745497000,10.11.219.6
3923,-66,1649322655.746660000,35.227.202.26
3924,-66,1649322655.747768000,34.98.64.218
3925,-97,1649322655.747771000,34.98.64.218
3926,66,1649322655.747775000,10.11.219.6
3927,216,1649322655.748201000,10.11.219.6
3928,243,1649322655.748271000,10.11.219.6
3929,407,1649322655.748281000,10.11.219.6
3930,97,1649322655.750832000,10.11.219.6
3931,104,1649322655.750864000,10.11.219.6
3932,74,1649322655.751369000,10.11.219.6
3933,74,1649322655.751883000,10.11.219.6
3934,-66,1649322655.752078000,172.217.25.162
3935,130,1649322655.754982000,10.11.219.6
3936,253,1649322655.755513000,10.11.219.6
3937,172,1649322655.756426000,10.11.219.6
3938,-674,1649322655.757965000,172.217.25.162
3939,66,1649322655.757972000,10.11.219.6
3940,-66,1649322655.758565000,34.98.64.218
3941,-97,1649322655.758572000,172.217.25.162
3942,66,1649322655.758588000,10.11.219.6
3943,-66,1649322655.758597000,172.217.25.162
3944,90,1649322655.759077000,10.11.219.6
3945,66,1649322655.759092000,10.11.219.6
3946,-66,1649322655.759678000,103.231.99.243
3947,-104,1649322655.759693000,103.231.99.243
3948,66,1649322655.759700000,10.11.219.6
3949,243,1649322655.760133000,10.11.219.6
3950,343,1649322655.760148000,10.11.219.6
3951,-407,1649322655.760749000,103.231.99.243
3952,66,1649322655.760760000,10.11.219.6
3953,130,1649322655.761461000,10.11.219.6
3954,-903,1649322655.761937000,8.39.36.141
3955,66,1649322655.761948000,10.11.219.6
3956,-66,1649322655.761954000,172.217.25.162
3957,66,1649322655.761960000,10.11.219.6
3958,-66,1649322655.761968000,103.231.99.243
3959,236,1649322655.763713000,10.11.219.6
3960,473,1649322655.763738000,10.11.219.6
3961,-442,1649322655.766191000,104.244.42.3
3962,66,1649322655.766205000,10.11.219.6
3963,130,1649322655.770048000,10.11.219.6
3964,-66,1649322655.771527000,54.150.10.110
3965,-119,1649322655.771542000,54.150.10.110
3966,66,1649322655.771554000,10.11.219.6
3967,104,1649322655.771941000,10.11.219.6
3968,253,1649322655.772269000,10.11.219.6
3969,-936,1649322655.772858000,54.150.10.110
3970,66,1649322655.772871000,10.11.219.6
3971,215,1649322655.773147000,10.11.219.6
3972,221,1649322655.773671000,10.11.219.6
3973,-674,1649322655.773793000,172.217.25.162
3974,66,1649322655.773807000,10.11.219.6
3975,-66,1649322655.773815000,31.13.82.36
3976,-237,1649322655.774412000,31.13.82.36
3977,66,1649322655.774423000,10.11.219.6
3978,-66,1649322655.774436000,31.13.82.36
3979,-66,1649322655.774442000,31.13.82.36
3980,-146,1649322655.774446000,31.13.82.36
3981,66,1649322655.774449000,10.11.219.6
3982,90,1649322655.774595000,10.11.219.6
3983,66,1649322655.774610000,10.11.219.6
3984,97,1649322655.775272000,10.11.219.6
3985,-97,1649322655.775388000,172.217.25.162
3986,54,1649322655.775412000,10.11.219.6
3987,-110,1649322655.775428000,31.13.82.36
3988,66,1649322655.775434000,10.11.219.6
3989,-66,1649322655.775439000,172.217.25.162
3990,165,1649322655.777109000,10.11.219.6
3991,130,1649322655.779492000,10.11.219.6
3992,-66,1649322655.780063000,172.217.25.162
3993,54,1649322655.780080000,10.11.219.6
3994,-66,1649322655.780090000,172.217.25.162
3995,54,1649322655.780096000,10.11.219.6
3996,-639,1649322655.782960000,52.46.130.91
3997,54,1649322655.782966000,10.11.219.6
3998,-66,1649322655.785046000,103.231.99.243
3999,-136,1649322655.786155000,103.231.99.243
4000,66,1649322655.786159000,10.11.219.6
4001,-66,1649322655.788288000,31.13.82.36
4002,-66,1649322655.795825000,54.150.10.110
4003,-419,1649322655.795836000,54.150.10.110
4004,66,1649322655.795844000,10.11.219.6
4005,-771,1649322655.795858000,23.205.97.4
4006,66,1649322655.795861000,10.11.219.6
4007,-473,1649322655.795865000,34.98.64.218
4008,66,1649322655.795870000,10.11.219.6
4009,-66,1649322655.795873000,52.46.130.91
4010,54,1649322655.795884000,10.11.219.6
4011,-66,1649322655.795887000,34.195.210.70
4012,-3622,1649322655.800256000,34.195.210.70
4013,66,1649322655.800264000,10.11.219.6
4014,-66,1649322655.804001000,103.71.26.126
4015,-117,1649322655.804015000,52.72.192.11
4016,66,1649322655.804028000,10.11.219.6
4017,-135,1649322655.804045000,52.72.192.11
4018,66,1649322655.804049000,10.11.219.6
4019,-117,1649322655.804052000,103.71.26.126
4020,66,1649322655.804056000,10.11.219.6
4021,-639,1649322655.807968000,52.46.130.91
4022,54,1649322655.807990000,10.11.219.6
4023,-66,1649322655.816802000,103.43.90.178
4024,-340,1649322655.816814000,103.43.90.178
4025,66,1649322655.816823000,10.11.219.6
4026,-324,1649322655.816839000,18.141.111.55
4027,66,1649322655.816844000,10.11.219.6
4028,-135,1649322655.816847000,18.141.111.55
4029,66,1649322655.816851000,10.11.219.6
4030,-66,1649322655.817760000,52.46.130.91
4031,54,1649322655.817787000,10.11.219.6
4032,-755,1649322655.824193000,172.217.25.162
4033,66,1649322655.824209000,10.11.219.6
4034,-139,1649322655.824226000,172.217.25.162
4035,66,1649322655.824230000,10.11.219.6
4036,-97,1649322655.824234000,172.217.25.162
4037,66,1649322655.824237000,10.11.219.6
4038,-105,1649322655.824240000,172.217.25.162
4039,66,1649322655.824244000,10.11.219.6
4040,192,1649322655.826697000,10.11.219.6
4041,539,1649322655.826744000,10.11.219.6
4042,513,1649322655.827425000,10.11.219.6
4043,506,1649322655.827528000,10.11.219.6
4044,229,1649322655.827745000,10.11.219.6
4045,571,1649322655.831326000,10.11.219.6
4046,571,1649322655.833658000,10.11.219.6
4047,105,1649322655.835189000,10.11.219.6
4048,550,1649322655.836413000,10.11.219.6
4049,501,1649322655.883885000,10.11.219.6
4050,-145,1649322655.895363000,119.9.108.211
4051,66,1649322655.895383000,10.11.219.6
4052,-145,1649322655.895403000,119.9.108.211
4053,66,1649322655.895406000,10.11.219.6
4054,-141,1649322655.895417000,8.39.36.142
4055,66,1649322655.895424000,10.11.219.6
4056,105,1649322655.896508000,10.11.219.6
4057,487,1649322655.896912000,10.11.219.6
4058,-347,1649322655.898493000,172.217.25.162
4059,66,1649322655.898499000,10.11.219.6
4060,-397,1649322655.898506000,172.217.25.162
4061,66,1649322655.898510000,10.11.219.6
4062,-97,1649322655.898514000,172.217.25.162
4063,66,1649322655.898521000,10.11.219.6
4064,-66,1649322655.899832000,172.217.25.162
4065,-66,1649322655.900712000,34.98.64.218
4066,-66,1649322655.924080000,52.46.130.91
4067,54,1649322655.924108000,10.11.219.6
4068,-66,1649322655.927233000,52.46.130.91
4069,54,1649322655.927260000,10.11.219.6
4070,531,1649322655.932519000,10.11.219.6
4071,571,1649322655.936547000,10.11.219.6
4072,571,1649322655.938820000,10.11.219.6
4073,174,1649322655.939558000,10.11.219.6
4074,74,1649322655.939887000,10.11.219.6
4075,74,1649322655.939967000,10.11.219.6
4076,243,1649322655.940445000,10.11.219.6
4077,349,1649322655.940459000,10.11.219.6
4078,-1406,1649322655.955237000,31.13.82.36
4079,78,1649322655.955249000,10.11.219.6
4080,-1434,1649322655.955259000,31.13.82.36
4081,66,1649322655.955264000,10.11.219.6
4082,-315,1649322655.958015000,172.217.25.162
4083,-396,1649322655.958025000,172.217.25.162
4084,-97,1649322655.958027000,172.217.25.162
4085,-105,1649322655.958028000,172.217.25.162
4086,-354,1649322655.958029000,34.98.64.218
4087,66,1649322655.958039000,10.11.219.6
4088,-105,1649322655.958050000,172.217.25.162
4089,78,1649322655.958056000,10.11.219.6
4090,104,1649322655.958066000,10.11.219.6
4091,105,1649322655.958327000,10.11.219.6
4092,105,1649322655.958388000,10.11.219.6
4093,-1406,1649322655.960595000,31.13.82.36
4094,78,1649322655.960612000,10.11.219.6
4095,-710,1649322655.960626000,119.9.108.211
4096,66,1649322655.960634000,10.11.219.6
4097,-74,1649322655.961513000,142.250.206.228
4098,66,1649322655.961534000,10.11.219.6
4099,-66,1649322655.961548000,172.217.25.162
4100,583,1649322655.964675000,10.11.219.6
4101,179,1649322655.965038000,10.11.219.6
4102,-66,1649322655.966103000,103.71.26.126
4103,-766,1649322655.966114000,103.71.26.126
4104,66,1649322655.966122000,10.11.219.6
4105,-66,1649322655.966134000,34.98.64.218
4106,540,1649322655.966346000,10.11.219.6
4107,-66,1649322655.968152000,142.250.206.228
4108,612,1649322655.969433000,10.11.219.6
4109,-54,1649322655.970317000,52.46.130.91
4110,-66,1649322655.970325000,35.213.12.39
4111,-66,1649322655.970329000,18.177.174.119
4112,-104,1649322655.970333000,18.177.174.119
4113,66,1649322655.970339000,10.11.219.6
4114,-923,1649322655.975780000,35.213.12.39
4115,66,1649322655.975787000,10.11.219.6
4116,-66,1649322655.975794000,172.217.25.162
4117,-696,1649322655.975798000,18.177.174.119
4118,66,1649322655.975801000,10.11.219.6
4119,-66,1649322655.976718000,103.43.90.178
4120,-1045,1649322655.980050000,103.43.90.178
4121,66,1649322655.980064000,10.11.219.6
4122,537,1649322655.982301000,10.11.219.6
4123,545,1649322655.982481000,10.11.219.6
4124,531,1649322655.984937000,10.11.219.6
4125,-54,1649322655.990645000,52.46.130.91
4126,-330,1649322655.996038000,35.213.12.39
4127,66,1649322655.996050000,10.11.219.6
4128,243,1649322656.008020000,10.11.219.6
4129,408,1649322656.008042000,10.11.219.6
4130,-247,1649322656.008157000,142.250.206.228
4131,78,1649322656.008167000,10.11.219.6
4132,-4170,1649322656.008176000,142.250.206.228
4133,66,1649322656.008181000,10.11.219.6
4134,104,1649322656.008761000,10.11.219.6
4135,-887,1649322656.011155000,8.39.36.142
4136,66,1649322656.011172000,10.11.219.6
4137,-291,1649322656.030254000,119.9.108.211
4138,66,1649322656.030265000,10.11.219.6
4139,-66,1649322656.038819000,103.71.26.126
4140,-702,1649322656.038830000,103.71.26.126
4141,66,1649322656.038838000,10.11.219.6
4142,130,1649322656.060290000,10.11.219.6
4143,236,1649322656.060709000,10.11.219.6
4144,394,1649322656.060738000,10.11.219.6
4145,-66,1649322656.063675000,142.250.206.228
4146,-674,1649322656.063686000,142.250.206.228
4147,66,1649322656.063692000,10.11.219.6
4148,-97,1649322656.063700000,142.250.206.228
4149,66,1649322656.063703000,10.11.219.6
4150,97,1649322656.064238000,10.11.219.6
4151,-324,1649322656.065245000,34.195.210.70
4152,66,1649322656.065254000,10.11.219.6
4153,-135,1649322656.065262000,34.195.210.70
4154,66,1649322656.065265000,10.11.219.6
4155,243,1649322656.065887000,10.11.219.6
4156,339,1649322656.065912000,10.11.219.6
4157,104,1649322656.066625000,10.11.219.6
4158,-823,1649322656.069046000,103.43.90.178
4159,66,1649322656.069062000,10.11.219.6
4160,-54,1649322656.069076000,52.46.130.91
4161,243,1649322656.069544000,10.11.219.6
4162,401,1649322656.069570000,10.11.219.6
4163,104,1649322656.070579000,10.11.219.6
4164,-54,1649322656.071599000,52.46.130.91
4165,-6001,1649322656.071611000,52.46.130.91
4166,54,1649322656.071622000,10.11.219.6
4167,-6001,1649322656.072732000,52.46.130.91
4168,54,1649322656.072741000,10.11.219.6
4169,-66,1649322656.072750000,142.250.206.228
4170,180,1649322656.074761000,10.11.219.6
4171,-639,1649322656.076559000,52.46.130.91
4172,54,1649322656.076570000,10.11.219.6
4173,180,1649322656.077966000,10.11.219.6
4174,524,1649322656.079361000,10.11.219.6
4175,-639,1649322656.079954000,52.46.130.91
4176,54,1649322656.079967000,10.11.219.6
4177,543,1649322656.082177000,10.11.219.6
4178,-54,1649322656.095842000,52.46.130.91
4179,-682,1649322656.108785000,142.250.206.228
4180,66,1649322656.108794000,10.11.219.6
4181,-139,1649322656.108806000,142.250.206.228
4182,66,1649322656.108808000,10.11.219.6
4183,-97,1649322656.109721000,142.250.206.228
4184,66,1649322656.109732000,10.11.219.6
4185,-105,1649322656.109743000,142.250.206.228
4186,66,1649322656.109746000,10.11.219.6
4187,105,1649322656.110679000,10.11.219.6
4188,-66,1649322656.115090000,142.250.206.228
4189,74,1649322656.115569000,10.11.219.6
4190,-74,1649322656.118297000,142.250.76.131
4191,66,1649322656.118309000,10.11.219.6
4192,583,1649322656.119978000,10.11.219.6
4193,-190,1649322656.121575000,172.217.25.162
4194,66,1649322656.121586000,10.11.219.6
4195,-366,1649322656.121596000,172.217.25.162
4196,66,1649322656.121598000,10.11.219.6
4197,-66,1649322656.123677000,142.250.76.131
4198,-97,1649322656.123689000,172.217.25.162
4199,66,1649322656.123699000,10.11.219.6
4200,-105,1649322656.123715000,172.217.25.162
4201,66,1649322656.123724000,10.11.219.6
4202,105,1649322656.123805000,10.11.219.6
4203,-66,1649322656.126872000,172.217.25.162
4204,-190,1649322656.131172000,172.217.25.162
4205,66,1649322656.131182000,10.11.219.6
4206,-367,1649322656.131200000,172.217.25.162
4207,66,1649322656.131205000,10.11.219.6
4208,-54,1649322656.132256000,52.46.130.91
4209,-97,1649322656.132266000,172.217.25.162
4210,66,1649322656.132273000,10.11.219.6
4211,-105,1649322656.132284000,172.217.25.162
4212,66,1649322656.132287000,10.11.219.6
4213,105,1649322656.132381000,10.11.219.6
4214,-6001,1649322656.133808000,52.46.130.91
4215,54,1649322656.133823000,10.11.219.6
4216,-54,1649322656.133836000,52.46.130.91
4217,-54,1649322656.133841000,52.46.130.91
4218,-2774,1649322656.135920000,52.46.130.91
4219,54,1649322656.135940000,10.11.219.6
4220,-3281,1649322656.135977000,52.46.130.91
4221,54,1649322656.135984000,10.11.219.6
4222,180,1649322656.139841000,10.11.219.6
4223,525,1649322656.140715000,10.11.219.6
4224,-66,1649322656.142064000,172.217.25.162
4225,-66,1649322656.143145000,18.141.111.55
4226,-104,1649322656.143155000,18.141.111.55
4227,66,1649322656.143162000,10.11.219.6
4228,180,1649322656.144526000,10.11.219.6
4229,-995,1649322656.145313000,18.141.111.55
4230,66,1649322656.145336000,10.11.219.6
4231,-104,1649322656.145350000,18.141.111.55
4232,66,1649322656.145353000,10.11.219.6
4233,74,1649322656.156586000,10.11.219.6
4234,-1434,1649322656.164974000,142.250.76.131
4235,66,1649322656.164987000,10.11.219.6
4236,-263,1649322656.165002000,142.250.76.131
4237,78,1649322656.165006000,10.11.219.6
4238,-2802,1649322656.165138000,142.250.76.131
4239,66,1649322656.165145000,10.11.219.6
4240,-54,1649322656.170920000,52.94.215.169
4241,-74,1649322656.177387000,13.35.115.194
4242,66,1649322656.177435000,10.11.219.6
4243,-104,1649322656.178419000,52.72.192.11
4244,66,1649322656.178435000,10.11.219.6
4245,583,1649322656.179269000,10.11.219.6
4246,-66,1649322656.179513000,52.72.192.11
4247,-493,1649322656.179524000,52.72.192.11
4248,66,1649322656.179530000,10.11.219.6
4249,-639,1649322656.194630000,52.94.215.169
4250,54,1649322656.194647000,10.11.219.6
4251,-66,1649322656.235635000,34.195.210.70
4252,-104,1649322656.235646000,34.195.210.70
4253,66,1649322656.235652000,10.11.219.6
4254,-255,1649322656.239917000,34.195.210.70
4255,66,1649322656.239920000,10.11.219.6
4256,-105,1649322656.247414000,52.46.130.91
4257,54,1649322656.247426000,10.11.219.6
4258,531,1649322656.247666000,10.11.219.6
4259,-105,1649322656.251548000,52.46.130.91
4260,54,1649322656.251554000,10.11.219.6
4261,551,1649322656.251756000,10.11.219.6
4262,-639,1649322656.262279000,52.46.130.91
4263,54,1649322656.262297000,10.11.219.6
4264,569,1649322656.262541000,10.11.219.6
4265,-639,1649322656.268546000,52.46.130.91
4266,54,1649322656.268564000,10.11.219.6
4267,506,1649322656.268775000,10.11.219.6
4268,74,1649322656.287688000,10.11.219.6
4269,130,1649322656.311047000,10.11.219.6
4270,236,1649322656.311466000,10.11.219.6
4271,400,1649322656.311711000,10.11.219.6
4272,-66,1649322656.314626000,142.250.76.131
4273,-674,1649322656.314633000,142.250.76.131
4274,66,1649322656.314642000,10.11.219.6
4275,-66,1649322656.314650000,142.250.76.131
4276,66,1649322656.314652000,10.11.219.6
4277,-66,1649322656.314654000,142.250.76.131
4278,97,1649322656.315521000,10.11.219.6
4279,-97,1649322656.315615000,142.250.76.131
4280,66,1649322656.315624000,10.11.219.6
4281,-105,1649322656.318831000,52.46.130.91
4282,54,1649322656.318840000,10.11.219.6
4283,504,1649322656.319285000,10.11.219.6
4284,-105,1649322656.319876000,52.46.130.91
4285,54,1649322656.319886000,10.11.219.6
4286,537,1649322656.320197000,10.11.219.6
4287,-66,1649322656.322232000,142.250.76.131
4288,105,1649322656.334514000,10.11.219.6
4289,105,1649322656.334707000,10.11.219.6
4290,105,1649322656.334741000,10.11.219.6
4291,105,1649322656.334765000,10.11.219.6
4292,105,1649322656.334813000,10.11.219.6
4293,112,1649322656.334860000,10.11.219.6
4294,112,1649322656.334881000,10.11.219.6
4295,112,1649322656.334900000,10.11.219.6
4296,112,1649322656.334950000,10.11.219.6
4297,105,1649322656.334984000,10.11.219.6
4298,112,1649322656.335004000,10.11.219.6
4299,112,1649322656.335023000,10.11.219.6
4300,112,1649322656.335062000,10.11.219.6
4301,112,1649322656.335121000,10.11.219.6
4302,105,1649322656.335161000,10.11.219.6
4303,112,1649322656.335192000,10.11.219.6
4304,105,1649322656.335218000,10.11.219.6
4305,112,1649322656.335245000,10.11.219.6
4306,112,1649322656.335263000,10.11.219.6
4307,105,1649322656.335356000,10.11.219.6
4308,105,1649322656.335439000,10.11.219.6
4309,105,1649322656.335498000,10.11.219.6
4310,105,1649322656.335531000,10.11.219.6
4311,112,1649322656.335556000,10.11.219.6
4312,105,1649322656.335587000,10.11.219.6
4313,105,1649322656.335627000,10.11.219.6
4314,119,1649322656.335923000,10.11.219.6
4315,66,1649322656.335940000,10.11.219.6
4316,97,1649322656.336078000,10.11.219.6
4317,66,1649322656.336098000,10.11.219.6
4318,90,1649322656.336242000,10.11.219.6
4319,66,1649322656.336262000,10.11.219.6
4320,97,1649322656.336436000,10.11.219.6
4321,66,1649322656.336457000,10.11.219.6
4322,97,1649322656.336616000,10.11.219.6
4323,66,1649322656.336639000,10.11.219.6
4324,119,1649322656.336806000,10.11.219.6
4325,66,1649322656.336828000,10.11.219.6
4326,97,1649322656.336981000,10.11.219.6
4327,66,1649322656.337001000,10.11.219.6
4328,97,1649322656.337154000,10.11.219.6
4329,66,1649322656.337175000,10.11.219.6
4330,97,1649322656.337314000,10.11.219.6
4331,66,1649322656.337334000,10.11.219.6
4332,90,1649322656.337753000,10.11.219.6
4333,66,1649322656.337771000,10.11.219.6
4334,-66,1649322656.337895000,142.250.206.228
4335,-66,1649322656.337907000,35.227.202.26
4336,-66,1649322656.337910000,35.186.254.217
4337,-66,1649322656.337913000,18.65.156.177
4338,-66,1649322656.337916000,34.98.64.218
4339,-66,1649322656.337922000,18.65.116.40
4340,-66,1649322656.337926000,18.65.110.227
4341,97,1649322656.337949000,10.11.219.6
4342,66,1649322656.337962000,10.11.219.6
4343,107,1649322656.338148000,10.11.219.6
4344,54,1649322656.338164000,10.11.219.6
4345,85,1649322656.338374000,10.11.219.6
4346,54,1649322656.338388000,10.11.219.6
4347,85,1649322656.338561000,10.11.219.6
4348,54,1649322656.338575000,10.11.219.6
4349,85,1649322656.338741000,10.11.219.6
4350,54,1649322656.338756000,10.11.219.6
4351,-66,1649322656.338909000,18.65.116.124
4352,85,1649322656.338917000,10.11.219.6
4353,54,1649322656.338937000,10.11.219.6
4354,-66,1649322656.338958000,172.217.25.162
4355,-66,1649322656.338961000,23.205.97.4
4356,-97,1649322656.338964000,23.205.97.4
4357,54,1649322656.338977000,10.11.219.6
4358,-66,1649322656.338988000,23.205.97.4
4359,54,1649322656.338995000,10.11.219.6
4360,-54,1649322656.339049000,52.94.215.169
4361,85,1649322656.339310000,10.11.219.6
4362,54,1649322656.339332000,10.11.219.6
4363,85,1649322656.339534000,10.11.219.6
4364,54,1649322656.339547000,10.11.219.6
4365,85,1649322656.339687000,10.11.219.6
4366,54,1649322656.339701000,10.11.219.6
4367,85,1649322656.339868000,10.11.219.6
4368,54,1649322656.339882000,10.11.219.6
4369,-66,1649322656.339937000,23.205.97.4
4370,-97,1649322656.339941000,23.205.97.4
4371,54,1649322656.339952000,10.11.219.6
4372,-66,1649322656.339960000,23.205.97.4
4373,54,1649322656.339966000,10.11.219.6
4374,-66,1649322656.339970000,184.25.233.136
4375,-97,1649322656.339974000,184.25.233.136
4376,54,1649322656.339978000,10.11.219.6
4377,-66,1649322656.339984000,184.25.233.136
4378,54,1649322656.339987000,10.11.219.6
4379,-66,1649322656.339989000,23.64.8.218
4380,85,1649322656.340152000,10.11.219.6
4381,54,1649322656.340166000,10.11.219.6
4382,85,1649322656.340488000,10.11.219.6
4383,54,1649322656.340506000,10.11.219.6
4384,85,1649322656.340680000,10.11.219.6
4385,54,1649322656.340692000,10.11.219.6
4386,85,1649322656.340837000,10.11.219.6
4387,54,1649322656.340848000,10.11.219.6
4388,85,1649322656.341018000,10.11.219.6
4389,54,1649322656.341028000,10.11.219.6
4390,85,1649322656.341150000,10.11.219.6
4391,-90,1649322656.341161000,23.64.8.218
4392,54,1649322656.341162000,10.11.219.6
4393,54,1649322656.341177000,10.11.219.6
4394,-66,1649322656.341188000,23.64.8.218
4395,54,1649322656.341194000,10.11.219.6
4396,85,1649322656.341298000,10.11.219.6
4397,54,1649322656.341310000,10.11.219.6
4398,97,1649322656.341672000,10.11.219.6
4399,66,1649322656.341683000,10.11.219.6
4400,97,1649322656.344046000,10.11.219.6
4401,66,1649322656.344089000,10.11.219.6
4402,90,1649322656.344262000,10.11.219.6
4403,66,1649322656.344278000,10.11.219.6
4404,97,1649322656.344416000,10.11.219.6
4405,66,1649322656.344433000,10.11.219.6
4406,90,1649322656.344739000,10.11.219.6
4407,66,1649322656.344754000,10.11.219.6
4408,90,1649322656.344896000,10.11.219.6
4409,66,1649322656.344910000,10.11.219.6
4410,90,1649322656.345072000,10.11.219.6
4411,66,1649322656.345085000,10.11.219.6
4412,90,1649322656.345216000,10.11.219.6
4413,66,1649322656.345227000,10.11.219.6
4414,-66,1649322656.345293000,18.65.116.118
4415,66,1649322656.345301000,10.11.219.6
4416,90,1649322656.345366000,10.11.219.6
4417,66,1649322656.345378000,10.11.219.6
4418,90,1649322656.345759000,10.11.219.6
4419,66,1649322656.345771000,10.11.219.6
4420,97,1649322656.345914000,10.11.219.6
4421,66,1649322656.345922000,10.11.219.6
4422,97,1649322656.346040000,10.11.219.6
4423,66,1649322656.346048000,10.11.219.6
4424,97,1649322656.346154000,10.11.219.6
4425,66,1649322656.346162000,10.11.219.6
4426,90,1649322656.346390000,10.11.219.6
4427,66,1649322656.346399000,10.11.219.6
4428,97,1649322656.346495000,10.11.219.6
4429,66,1649322656.346503000,10.11.219.6
4430,-66,1649322656.346536000,31.13.82.36
4431,-105,1649322656.346545000,31.13.82.36
4432,54,1649322656.346559000,10.11.219.6
4433,-66,1649322656.346568000,31.13.82.36
4434,54,1649322656.346575000,10.11.219.6
4435,-66,1649322656.346578000,103.231.99.243
4436,-112,1649322656.346582000,103.231.99.243
4437,66,1649322656.346586000,10.11.219.6
4438,-66,1649322656.346589000,103.231.99.243
4439,-66,1649322656.346592000,103.231.99.80
4440,90,1649322656.346594000,10.11.219.6
4441,66,1649322656.346605000,10.11.219.6
4442,97,1649322656.346720000,10.11.219.6
4443,66,1649322656.346729000,10.11.219.6
4444,97,1649322656.346934000,10.11.219.6
4445,66,1649322656.346942000,10.11.219.6
4446,97,1649322656.347021000,10.11.219.6
4447,66,1649322656.347029000,10.11.219.6
4448,97,1649322656.347108000,10.11.219.6
4449,66,1649322656.347118000,10.11.219.6
4450,90,1649322656.347204000,10.11.219.6
4451,66,1649322656.347212000,10.11.219.6
4452,90,1649322656.347288000,10.11.219.6
4453,66,1649322656.347295000,10.11.219.6
4454,-66,1649322656.347500000,54.150.10.110
4455,66,1649322656.347508000,10.11.219.6
4456,-66,1649322656.347515000,104.244.42.3
4457,97,1649322656.347541000,10.11.219.6
4458,66,1649322656.347549000,10.11.219.6
4459,90,1649322656.347689000,10.11.219.6
4460,66,1649322656.347697000,10.11.219.6
4461,90,1649322656.347825000,10.11.219.6
4462,66,1649322656.347832000,10.11.219.6
4463,90,1649322656.347952000,10.11.219.6
4464,66,1649322656.347960000,10.11.219.6
4465,97,1649322656.348234000,10.11.219.6
4466,66,1649322656.348243000,10.11.219.6
4467,74,1649322656.348672000,10.11.219.6
4468,74,1649322656.348727000,10.11.219.6
4469,-66,1649322656.349484000,172.217.25.162
4470,-66,1649322656.349489000,172.217.25.162
4471,66,1649322656.349493000,10.11.219.6
4472,-66,1649322656.349497000,142.250.206.228
4473,-66,1649322656.349501000,172.217.25.162
4474,-66,1649322656.349506000,35.186.254.217
4475,-66,1649322656.349508000,142.250.206.228
4476,66,1649322656.349512000,10.11.219.6
4477,-66,1649322656.349516000,18.65.116.124
4478,-66,1649322656.349532000,35.186.254.217
4479,-66,1649322656.349539000,35.186.254.217
4480,66,1649322656.349552000,10.11.219.6
4481,-66,1649322656.349557000,18.65.116.124
4482,66,1649322656.349562000,10.11.219.6
4483,-66,1649322656.349567000,18.65.148.40
4484,-66,1649322656.349571000,18.65.148.40
4485,66,1649322656.349575000,10.11.219.6
4486,-90,1649322656.349580000,18.178.22.21
4487,54,1649322656.349592000,10.11.219.6
4488,-66,1649322656.349603000,18.178.22.21
4489,54,1649322656.349608000,10.11.219.6
4490,-66,1649322656.349612000,18.65.156.177
4491,-66,1649322656.349630000,18.65.156.177
4492,66,1649322656.349636000,10.11.219.6
4493,-97,1649322656.350676000,52.196.151.59
4494,54,1649322656.350709000,10.11.219.6
4495,-66,1649322656.350731000,52.196.151.59
4496,54,1649322656.350741000,10.11.219.6
4497,-66,1649322656.350747000,35.213.12.39
4498,66,1649322656.350763000,10.11.219.6
4499,-66,1649322656.350772000,18.65.156.210
4500,-66,1649322656.350780000,34.98.64.218
4501,-66,1649322656.350785000,34.98.64.218
4502,-66,1649322656.350794000,34.98.64.218
4503,66,1649322656.350802000,10.11.219.6
4504,-66,1649322656.350808000,35.227.202.26
4505,-66,1649322656.350828000,18.65.156.210
4506,66,1649322656.350837000,10.11.219.6
4507,-66,1649322656.350843000,35.227.202.26
4508,66,1649322656.350846000,10.11.219.6
4509,-66,1649322656.350849000,35.227.202.26
4510,-66,1649322656.351994000,18.65.156.210
4511,-66,1649322656.352014000,18.65.156.210
4512,66,1649322656.352030000,10.11.219.6
4513,-66,1649322656.352042000,18.65.116.40
4514,-66,1649322656.352047000,18.65.110.227
4515,-66,1649322656.352050000,18.65.116.40
4516,66,1649322656.352056000,10.11.219.6
4517,-66,1649322656.352064000,18.65.110.227
4518,66,1649322656.352069000,10.11.219.6
4519,-74,1649322656.352075000,18.65.110.227
4520,66,1649322656.352091000,10.11.219.6
4521,-639,1649322656.354170000,52.94.215.169
4522,54,1649322656.354188000,10.11.219.6
4523,583,1649322656.355746000,10.11.219.6
4524,85,1649322656.357045000,10.11.219.6
4525,54,1649322656.357072000,10.11.219.6
4526,-66,1649322656.357415000,104.244.42.3
4527,-66,1649322656.357428000,52.194.39.238
4528,-66,1649322656.357433000,52.194.39.238
4529,66,1649322656.357442000,10.11.219.6
4530,-90,1649322656.357458000,104.244.42.3
4531,54,1649322656.357471000,10.11.219.6
4532,-66,1649322656.357483000,104.244.42.3
4533,74,1649322656.357490000,10.11.219.6
4534,54,1649322656.357497000,10.11.219.6
4535,-66,1649322656.357502000,104.244.42.3
4536,54,1649322656.357506000,10.11.219.6
4537,74,1649322656.357578000,10.11.219.6
4538,-66,1649322656.358508000,52.194.88.144
4539,-66,1649322656.358528000,52.194.88.144
4540,66,1649322656.358539000,10.11.219.6
4541,-66,1649322656.358550000,18.65.110.227
4542,-576,1649322656.360283000,142.250.76.131
4543,66,1649322656.360298000,10.11.219.6
4544,-66,1649322656.360317000,103.231.99.80
4545,-139,1649322656.360325000,142.250.76.131
4546,66,1649322656.360329000,10.11.219.6
4547,-66,1649322656.360333000,103.231.99.80
4548,-66,1649322656.360349000,103.231.99.80
4549,66,1649322656.360363000,10.11.219.6
4550,-54,1649322656.360369000,54.150.10.110
4551,-66,1649322656.360378000,18.177.174.119
4552,-4170,1649322656.360383000,18.65.110.227
4553,66,1649322656.360388000,10.11.219.6
4554,-66,1649322656.360397000,18.177.174.119
4555,66,1649322656.360401000,10.11.219.6
4556,-97,1649322656.361258000,142.250.76.131
4557,66,1649322656.361266000,10.11.219.6
4558,-105,1649322656.361277000,142.250.76.131
4559,66,1649322656.361280000,10.11.219.6
4560,-1217,1649322656.361283000,18.65.110.227
4561,66,1649322656.361285000,10.11.219.6
4562,105,1649322656.361422000,10.11.219.6
4563,90,1649322656.361660000,10.11.219.6
4564,-66,1649322656.364229000,142.250.76.131
4565,-66,1649322656.364247000,142.250.76.131
4566,66,1649322656.364259000,10.11.219.6
4567,130,1649322656.369997000,10.11.219.6
4568,236,1649322656.370503000,10.11.219.6
4569,814,1649322656.370534000,10.11.219.6
4570,-66,1649322656.372858000,18.65.110.227
4571,-128,1649322656.372869000,18.65.110.227
4572,66,1649322656.372877000,10.11.219.6
4573,-66,1649322656.372893000,18.65.110.227
4574,-66,1649322656.372899000,18.65.110.227
4575,-97,1649322656.372901000,18.65.110.227
4576,66,1649322656.372904000,10.11.219.6
4577,97,1649322656.372961000,10.11.219.6
4578,-66,1649322656.376048000,18.65.110.227
4579,-90,1649322656.395366000,119.9.108.211
4580,54,1649322656.395403000,10.11.219.6
4581,-66,1649322656.395432000,119.9.108.211
4582,54,1649322656.395441000,10.11.219.6
4583,-66,1649322656.398565000,13.35.115.194
4584,-2802,1649322656.400135000,13.35.115.194
4585,66,1649322656.400152000,10.11.219.6
4586,-2802,1649322656.400174000,13.35.115.194
4587,66,1649322656.400180000,10.11.219.6
4588,-582,1649322656.401892000,13.35.115.194
4589,66,1649322656.401910000,10.11.219.6
4590,-66,1649322656.406194000,103.71.26.126
4591,-66,1649322656.406211000,103.71.26.126
4592,-66,1649322656.406229000,103.71.26.126
4593,66,1649322656.406251000,10.11.219.6
4594,74,1649322656.409318000,10.11.219.6
4595,-66,1649322656.418012000,103.43.90.178
4596,66,1649322656.418060000,10.11.219.6
4597,-74,1649322656.421181000,52.36.230.128
4598,66,1649322656.421209000,10.11.219.6
4599,-66,1649322656.422309000,18.141.111.55
4600,-66,1649322656.422327000,18.141.111.55
4601,-66,1649322656.422357000,18.141.111.55
4602,66,1649322656.422386000,10.11.219.6
4603,-74,1649322656.422420000,3.68.182.119
4604,66,1649322656.422439000,10.11.219.6
4605,583,1649322656.426943000,10.11.219.6
4606,-639,1649322656.428753000,52.46.130.91
4607,54,1649322656.428770000,10.11.219.6
4608,583,1649322656.431713000,10.11.219.6
4609,130,1649322656.432363000,10.11.219.6
4610,85,1649322656.432903000,10.11.219.6
4611,54,1649322656.432924000,10.11.219.6
4612,525,1649322656.433069000,10.11.219.6
4613,74,1649322656.433611000,10.11.219.6
4614,-639,1649322656.434182000,52.46.130.91
4615,54,1649322656.434202000,10.11.219.6
4616,85,1649322656.434605000,10.11.219.6
4617,54,1649322656.434624000,10.11.219.6
4618,74,1649322656.434918000,10.11.219.6
4619,-639,1649322656.446204000,52.46.130.91
4620,54,1649322656.446231000,10.11.219.6
4621,85,1649322656.446673000,10.11.219.6
4622,54,1649322656.446694000,10.11.219.6
4623,74,1649322656.447112000,10.11.219.6
4624,-66,1649322656.447281000,8.39.36.142
4625,-66,1649322656.447301000,8.39.36.142
4626,66,1649322656.447311000,10.11.219.6
4627,-66,1649322656.449644000,8.39.36.141
4628,-66,1649322656.449668000,8.39.36.141
4629,66,1649322656.449681000,10.11.219.6
4630,-639,1649322656.453212000,52.46.130.91
4631,85,1649322656.453645000,10.11.219.6
4632,54,1649322656.453677000,10.11.219.6
4633,-54,1649322656.461691000,52.94.176.92
4634,54,1649322656.461719000,10.11.219.6
4635,-54,1649322656.466068000,52.94.215.169
4636,-54,1649322656.466111000,52.94.215.169
4637,54,1649322656.466141000,10.11.219.6
4638,-54,1649322656.468265000,52.94.176.92
4639,-54,1649322656.468316000,52.94.176.92
4640,54,1649322656.468347000,10.11.219.6
4641,-54,1649322656.469292000,54.240.252.146
4642,-54,1649322656.469314000,54.240.252.146
4643,54,1649322656.469332000,10.11.219.6
4644,-54,1649322656.469346000,52.94.176.92
4645,54,1649322656.469360000,10.11.219.6
4646,-54,1649322656.469370000,52.94.176.92
4647,54,1649322656.469378000,10.11.219.6
4648,-54,1649322656.474786000,52.94.215.169
4649,-54,1649322656.474862000,52.94.215.169
4650,54,1649322656.474919000,10.11.219.6
4651,-54,1649322656.474987000,52.94.176.92
4652,54,1649322656.475022000,10.11.219.6
4653,-54,1649322656.475041000,52.119.166.51
4654,54,1649322656.475053000,10.11.219.6
4655,-54,1649322656.475890000,52.119.171.205
4656,54,1649322656.475910000,10.11.219.6
4657,-74,1649322656.477102000,54.148.152.248
4658,66,1649322656.477132000,10.11.219.6
4659,-669,1649322656.478276000,18.65.110.227
4660,66,1649322656.478296000,10.11.219.6
4661,-97,1649322656.478311000,18.65.110.227
4662,66,1649322656.478315000,10.11.219.6
4663,-54,1649322656.479284000,52.94.215.169
4664,54,1649322656.479302000,10.11.219.6
4665,-54,1649322656.480387000,52.94.215.169
4666,-54,1649322656.480401000,52.94.215.169
4667,-54,1649322656.480414000,52.94.215.169
4668,54,1649322656.480431000,10.11.219.6
4669,-54,1649322656.480445000,54.240.252.146
4670,54,1649322656.480453000,10.11.219.6
4671,-54,1649322656.481460000,52.94.176.92
4672,54,1649322656.481475000,10.11.219.6
4673,-54,1649322656.481488000,52.94.215.169
4674,-54,1649322656.481496000,52.94.215.169
4675,54,1649322656.481507000,10.11.219.6
4676,-66,1649322656.484901000,52.94.176.92
4677,54,1649322656.485007000,10.11.219.6
4678,583,1649322656.486420000,10.11.219.6
4679,-66,1649322656.487048000,54.148.152.248
4680,-66,1649322656.487090000,54.148.152.248
4681,66,1649322656.487117000,10.11.219.6
4682,-66,1649322656.491244000,52.94.176.92
4683,54,1649322656.491266000,10.11.219.6
4684,571,1649322656.493640000,10.11.219.6
4685,-54,1649322656.496596000,52.94.215.169
4686,-54,1649322656.496610000,52.94.215.169
4687,54,1649322656.496625000,10.11.219.6
4688,571,1649322656.497271000,10.11.219.6
4689,-639,1649322656.498809000,52.46.130.91
4690,54,1649322656.498863000,10.11.219.6
4691,105,1649322656.499778000,10.11.219.6
4692,85,1649322656.501223000,10.11.219.6
4693,54,1649322656.501287000,10.11.219.6
4694,-639,1649322656.502049000,52.46.130.91
4695,54,1649322656.502099000,10.11.219.6
4696,90,1649322656.502256000,10.11.219.6
4697,66,1649322656.502290000,10.11.219.6
4698,-66,1649322656.503095000,18.65.110.227
4699,85,1649322656.503585000,10.11.219.6
4700,54,1649322656.503613000,10.11.219.6
4701,-66,1649322656.505199000,18.65.110.227
4702,-66,1649322656.505213000,18.65.110.227
4703,66,1649322656.505226000,10.11.219.6
4704,-66,1649322656.513873000,52.72.192.11
4705,-66,1649322656.513892000,52.72.192.11
4706,66,1649322656.513904000,10.11.219.6
4707,-66,1649322656.516080000,52.72.192.11
4708,-66,1649322656.516121000,34.195.210.70
4709,-66,1649322656.516135000,34.195.210.70
4710,-66,1649322656.516144000,34.195.210.70
4711,66,1649322656.516176000,10.11.219.6
4712,-107,1649322656.516223000,52.94.234.174
4713,54,1649322656.516239000,10.11.219.6
4714,-54,1649322656.516248000,52.94.234.174
4715,54,1649322656.516256000,10.11.219.6
4716,-66,1649322656.536995000,3.19.12.105
4717,-66,1649322656.537010000,3.19.12.105
4718,-66,1649322656.537027000,3.19.12.105
4719,66,1649322656.537046000,10.11.219.6
4720,-66,1649322656.561575000,52.36.230.128
4721,-5523,1649322656.563896000,52.36.230.128
4722,66,1649322656.563928000,10.11.219.6
4723,192,1649322656.572899000,10.11.219.6
4724,-66,1649322656.599166000,52.46.130.91
4725,54,1649322656.599301000,10.11.219.6
4726,-66,1649322656.601153000,52.46.130.91
4727,54,1649322656.601193000,10.11.219.6
4728,-54,1649322656.605444000,52.46.130.91
4729,54,1649322656.605464000,10.11.219.6
4730,-54,1649322656.608637000,52.46.130.91
4731,54,1649322656.608658000,10.11.219.6
4732,-54,1649322656.608673000,52.46.130.91
4733,571,1649322656.608738000,10.11.219.6
4734,-54,1649322656.612919000,52.94.176.92
4735,571,1649322656.613219000,10.11.219.6
4736,-66,1649322656.616233000,54.148.152.248
4737,-5511,1649322656.618638000,54.148.152.248
4738,66,1649322656.618670000,10.11.219.6
4739,-54,1649322656.620413000,52.46.130.91
4740,54,1649322656.620436000,10.11.219.6
4741,-54,1649322656.621470000,52.94.176.92
4742,192,1649322656.624833000,10.11.219.6
4743,-6079,1649322656.625027000,52.94.176.92
4744,54,1649322656.625048000,10.11.219.6
4745,-66,1649322656.625059000,52.46.130.91
4746,54,1649322656.625078000,10.11.219.6
4747,-54,1649322656.625825000,52.94.176.92
4748,-54,1649322656.631439000,52.46.130.91
4749,54,1649322656.631519000,10.11.219.6
4750,-54,1649322656.631587000,52.94.176.92
4751,180,1649322656.633017000,10.11.219.6
4752,-2774,1649322656.633596000,52.94.176.92
4753,54,1649322656.633608000,10.11.219.6
4754,-3359,1649322656.633631000,52.94.176.92
4755,54,1649322656.633637000,10.11.219.6
4756,571,1649322656.638042000,10.11.219.6
4757,180,1649322656.647670000,10.11.219.6
4758,90,1649322656.649612000,10.11.219.6
4759,66,1649322656.649652000,10.11.219.6
4760,66,1649322656.649843000,10.11.219.6
4761,-66,1649322656.651451000,13.35.115.194
4762,-66,1649322656.653658000,13.35.115.194
4763,-576,1649322656.653672000,13.35.115.194
4764,54,1649322656.653690000,10.11.219.6
4765,54,1649322656.654076000,10.11.219.6
4766,54,1649322656.654177000,10.11.219.6
4767,54,1649322656.654289000,10.11.219.6
4768,66,1649322656.654424000,10.11.219.6
4769,66,1649322656.654510000,10.11.219.6
4770,74,1649322656.657729000,10.11.219.6
4771,74,1649322656.664164000,10.11.219.6
4772,-74,1649322656.670312000,3.68.182.119
4773,66,1649322656.670329000,10.11.219.6
4774,-54,1649322656.673438000,52.46.130.91
4775,54,1649322656.673466000,10.11.219.6
4776,583,1649322656.673985000,10.11.219.6
4777,-54,1649322656.678767000,52.46.130.91
4778,54,1649322656.678786000,10.11.219.6
4779,-66,1649322656.701842000,3.68.182.119
4780,-166,1649322656.701860000,3.68.182.119
4781,54,1649322656.701882000,10.11.219.6
4782,-5015,1649322656.701906000,3.68.182.119
4783,54,1649322656.701913000,10.11.219.6
4784,-404,1649322656.701921000,3.68.182.119
4785,54,1649322656.701924000,10.11.219.6
4786,-75,1649322656.701928000,3.68.182.119
4787,54,1649322656.701931000,10.11.219.6
4788,-324,1649322656.706623000,52.36.230.128
4789,54,1649322656.706653000,10.11.219.6
4790,-135,1649322656.706673000,52.36.230.128
4791,54,1649322656.706679000,10.11.219.6
4792,54,1649322656.712734000,10.11.219.6
4793,66,1649322656.712849000,10.11.219.6
4794,54,1649322656.713393000,10.11.219.6
4795,-324,1649322656.753187000,54.148.152.248
4796,54,1649322656.753209000,10.11.219.6
4797,-135,1649322656.753224000,54.148.152.248
4798,54,1649322656.753228000,10.11.219.6
4799,-105,1649322656.760719000,52.94.176.92
4800,54,1649322656.760733000,10.11.219.6
4801,-54,1649322656.764978000,52.46.130.91
4802,-54,1649322656.766864000,52.46.130.91
4803,-54,1649322656.774643000,52.46.130.91
4804,-2774,1649322656.777351000,52.46.130.91
4805,54,1649322656.777366000,10.11.219.6
4806,-3281,1649322656.777393000,52.46.130.91
4807,54,1649322656.777402000,10.11.219.6
4808,-54,1649322656.778932000,52.46.130.91
4809,-2774,1649322656.781569000,52.46.130.91
4810,54,1649322656.781584000,10.11.219.6
4811,-3281,1649322656.781605000,52.46.130.91
4812,54,1649322656.781610000,10.11.219.6
4813,-105,1649322656.782537000,52.94.176.92
4814,54,1649322656.782547000,10.11.219.6
4815,-66,1649322656.792949000,52.94.176.92
4816,54,1649322656.792958000,10.11.219.6
4817,-74,1649322656.798313000,54.148.152.248
4818,54,1649322656.798322000,10.11.219.6
4819,-54,1649322656.803652000,52.46.130.91
4820,-54,1649322656.815930000,52.46.130.91
4821,-6001,1649322656.818647000,52.46.130.91
4822,54,1649322656.818659000,10.11.219.6
4823,-66,1649322656.930976000,3.68.182.119
4824,-166,1649322656.932595000,3.68.182.119
4825,54,1649322656.932616000,10.11.219.6
4826,-911,1649322656.932633000,3.68.182.119
4827,54,1649322656.932637000,10.11.219.6
4828,-4170,1649322656.932640000,3.68.182.119
4829,54,1649322656.932642000,10.11.219.6
4830,-404,1649322656.932644000,3.68.182.119
4831,54,1649322656.932646000,10.11.219.6
4832,-75,1649322656.932648000,3.68.182.119
4833,54,1649322656.932650000,10.11.219.6
