index,size,time,ip
0,236,1649320089.578456000,10.11.219.6
1,707,1649320089.578501000,10.11.219.6
2,159,1649320089.579441000,10.11.219.6
3,97,1649320089.580129000,10.11.219.6
4,-66,1649320089.580957000,18.65.110.227
5,-66,1649320089.580967000,18.65.110.227
6,-97,1649320089.580970000,18.65.110.227
7,66,1649320089.580975000,10.11.219.6
8,-66,1649320089.582200000,18.65.116.99
9,-237,1649320089.582208000,18.65.116.99
10,66,1649320089.582216000,10.11.219.6
11,-135,1649320089.582230000,18.65.116.99
12,66,1649320089.582235000,10.11.219.6
13,-66,1649320089.583281000,18.65.110.227
14,130,1649320089.583454000,10.11.219.6
15,500,1649320089.583745000,10.11.219.6
16,243,1649320089.585256000,10.11.219.6
17,375,1649320089.585300000,10.11.219.6
18,104,1649320089.585650000,10.11.219.6
19,260,1649320089.586067000,10.11.219.6
20,190,1649320089.586210000,10.11.219.6
21,97,1649320089.586291000,10.11.219.6
22,-66,1649320089.586665000,18.65.123.10
23,-66,1649320089.586673000,18.65.123.10
24,-8274,1649320089.590530000,18.65.123.10
25,66,1649320089.590544000,10.11.219.6
26,-8264,1649320089.590613000,18.65.123.10
27,66,1649320089.590620000,10.11.219.6
28,-5538,1649320089.590626000,18.65.123.10
29,66,1649320089.590636000,10.11.219.6
30,-5538,1649320089.592979000,18.65.123.10
31,66,1649320089.592986000,10.11.219.6
32,-4170,1649320089.593119000,18.65.123.10
33,66,1649320089.593123000,10.11.219.6
34,-6906,1649320089.593130000,18.65.123.10
35,66,1649320089.593133000,10.11.219.6
36,-66,1649320089.593153000,18.65.116.99
37,-104,1649320089.593162000,18.65.116.99
38,66,1649320089.593165000,10.11.219.6
39,-66,1649320089.593170000,18.65.116.99
40,-66,1649320089.593173000,18.65.116.99
41,-4170,1649320089.593176000,18.65.116.99
42,66,1649320089.593182000,10.11.219.6
43,-317,1649320089.593185000,18.65.116.99
44,78,1649320089.593190000,10.11.219.6
45,-66,1649320089.593204000,18.65.116.99
46,-104,1649320089.593209000,18.65.116.99
47,54,1649320089.593225000,10.11.219.6
48,-1434,1649320089.593237000,18.65.116.99
49,66,1649320089.593254000,10.11.219.6
50,-66,1649320089.593260000,18.65.116.99
51,-66,1649320089.596900000,18.65.116.99
52,54,1649320089.596927000,10.11.219.6
53,-4170,1649320089.596954000,18.65.116.99
54,66,1649320089.596968000,10.11.219.6
55,-317,1649320089.596983000,18.65.116.99
56,78,1649320089.596994000,10.11.219.6
57,-1434,1649320089.597003000,18.65.116.99
58,66,1649320089.597015000,10.11.219.6
59,-5538,1649320089.599039000,18.65.123.10
60,66,1649320089.599068000,10.11.219.6
61,-11010,1649320089.601330000,18.65.123.10
62,66,1649320089.601355000,10.11.219.6
63,-8274,1649320089.601485000,18.65.123.10
64,66,1649320089.601492000,10.11.219.6
65,-2802,1649320089.604172000,18.65.123.10
66,66,1649320089.604187000,10.11.219.6
67,-4170,1649320089.610403000,18.65.123.10
68,66,1649320089.610413000,10.11.219.6
69,-24482,1649320089.610429000,18.65.123.10
70,66,1649320089.610434000,10.11.219.6
71,-1434,1649320089.610444000,18.65.123.10
72,66,1649320089.610448000,10.11.219.6
73,-5538,1649320089.610451000,18.65.123.10
74,-274,1649320089.610452000,18.65.123.10
75,-8274,1649320089.610457000,18.65.123.10
76,-2802,1649320089.610467000,18.65.123.10
77,66,1649320089.610469000,10.11.219.6
78,66,1649320089.610483000,10.11.219.6
79,66,1649320089.610487000,10.11.219.6
80,66,1649320089.610491000,10.11.219.6
81,-2802,1649320089.612562000,18.65.123.10
82,66,1649320089.612590000,10.11.219.6
83,-5538,1649320089.615170000,18.65.123.10
84,66,1649320089.615191000,10.11.219.6
85,-12378,1649320089.615261000,18.65.123.10
86,-4170,1649320089.615269000,18.65.123.10
87,66,1649320089.615273000,10.11.219.6
88,66,1649320089.615289000,10.11.219.6
89,-5538,1649320089.617610000,18.65.123.10
90,66,1649320089.617629000,10.11.219.6
91,-11010,1649320089.617676000,18.65.123.10
92,66,1649320089.617680000,10.11.219.6
93,74,1649320089.618399000,10.11.219.6
94,-11010,1649320089.622460000,18.65.123.10
95,66,1649320089.622473000,10.11.219.6
96,-12378,1649320089.622517000,18.65.123.10
97,66,1649320089.622522000,10.11.219.6
98,-1434,1649320089.622528000,18.65.123.10
99,66,1649320089.622530000,10.11.219.6
100,-4170,1649320089.622562000,18.65.123.10
101,66,1649320089.622575000,10.11.219.6
102,-5538,1649320089.624244000,18.65.123.10
103,66,1649320089.624247000,10.11.219.6
104,-8274,1649320089.624307000,18.65.123.10
105,66,1649320089.624310000,10.11.219.6
106,-2802,1649320089.628306000,18.65.123.10
107,66,1649320089.628326000,10.11.219.6
108,-13746,1649320089.628447000,18.65.123.10
109,66,1649320089.628459000,10.11.219.6
110,-5538,1649320089.630562000,18.65.123.10
111,66,1649320089.630589000,10.11.219.6
112,-5538,1649320089.630652000,18.65.123.10
113,66,1649320089.630659000,10.11.219.6
114,-4170,1649320089.633058000,18.65.123.10
115,66,1649320089.633073000,10.11.219.6
116,-15114,1649320089.633101000,18.65.123.10
117,66,1649320089.633109000,10.11.219.6
118,-16482,1649320089.635945000,18.65.123.10
119,66,1649320089.635956000,10.11.219.6
120,-2802,1649320089.637998000,18.65.123.10
121,66,1649320089.638010000,10.11.219.6
122,-13746,1649320089.638131000,18.65.123.10
123,66,1649320089.638150000,10.11.219.6
124,-15114,1649320089.640423000,18.65.123.10
125,66,1649320089.640431000,10.11.219.6
126,-74,1649320089.640452000,18.65.116.118
127,66,1649320089.640470000,10.11.219.6
128,284,1649320089.640726000,10.11.219.6
129,-16482,1649320089.643495000,18.65.123.10
130,66,1649320089.643507000,10.11.219.6
131,-2802,1649320089.647851000,18.65.123.10
132,66,1649320089.647872000,10.11.219.6
133,-2802,1649320089.650401000,18.65.123.10
134,66,1649320089.650416000,10.11.219.6
135,-9642,1649320089.652529000,18.65.123.10
136,66,1649320089.652540000,10.11.219.6
137,-1434,1649320089.652559000,18.65.123.10
138,66,1649320089.652566000,10.11.219.6
139,-24690,1649320089.655304000,18.65.123.10
140,66,1649320089.655329000,10.11.219.6
141,-5538,1649320089.655412000,18.65.123.10
142,66,1649320089.655420000,10.11.219.6
143,-2802,1649320089.655430000,18.65.123.10
144,66,1649320089.655447000,10.11.219.6
145,-9642,1649320089.657527000,18.65.123.10
146,66,1649320089.657538000,10.11.219.6
147,-1434,1649320089.657556000,18.65.123.10
148,66,1649320089.657582000,10.11.219.6
149,-17850,1649320089.660359000,18.65.123.10
150,66,1649320089.660382000,10.11.219.6
151,-6906,1649320089.660442000,18.65.123.10
152,66,1649320089.660486000,10.11.219.6
153,-5538,1649320089.660493000,18.65.123.10
154,66,1649320089.660591000,10.11.219.6
155,-8274,1649320089.662663000,18.65.123.10
156,66,1649320089.662678000,10.11.219.6
157,-11010,1649320089.662775000,18.65.123.10
158,66,1649320089.662795000,10.11.219.6
159,-2802,1649320089.662795000,18.65.123.10
160,66,1649320089.662884000,10.11.219.6
161,-5538,1649320089.665046000,18.65.123.10
162,66,1649320089.665065000,10.11.219.6
163,-11010,1649320089.665162000,18.65.123.10
164,66,1649320089.665195000,10.11.219.6
165,-5538,1649320089.667323000,18.65.123.10
166,66,1649320089.667333000,10.11.219.6
167,-2802,1649320089.667352000,18.65.123.10
168,66,1649320089.667397000,10.11.219.6
169,-4170,1649320089.667432000,18.65.123.10
170,-8274,1649320089.667439000,18.65.123.10
171,66,1649320089.667477000,10.11.219.6
172,-23322,1649320089.677006000,18.65.123.10
173,-66,1649320089.677058000,18.65.116.118
174,-2802,1649320089.677090000,18.65.116.118
175,66,1649320089.677108000,10.11.219.6
176,-1242,1649320089.677137000,18.65.116.118
177,66,1649320089.677137000,10.11.219.6
178,66,1649320089.677151000,10.11.219.6
179,-2802,1649320089.677158000,18.65.123.10
180,66,1649320089.677164000,10.11.219.6
181,-9642,1649320089.679003000,18.65.123.10
182,66,1649320089.679036000,10.11.219.6
183,-2802,1649320089.679069000,18.65.123.10
184,66,1649320089.679083000,10.11.219.6
185,-13746,1649320089.679191000,18.65.123.10
186,-2802,1649320089.679345000,18.65.123.10
187,-13746,1649320089.679358000,18.65.123.10
188,159,1649320089.681452000,10.11.219.6
189,-2802,1649320089.681595000,18.65.123.10
190,66,1649320089.682080000,10.11.219.6
191,-15114,1649320089.684008000,18.65.123.10
192,66,1649320089.684023000,10.11.219.6
193,-2802,1649320089.684064000,18.65.123.10
194,66,1649320089.684106000,10.11.219.6
195,-21954,1649320089.688551000,18.65.123.10
196,-6906,1649320089.688564000,18.65.123.10
197,-6906,1649320089.688566000,18.65.123.10
198,66,1649320089.688593000,10.11.219.6
199,-6906,1649320089.688667000,18.65.123.10
200,-11010,1649320089.688671000,18.65.123.10
201,66,1649320089.688691000,10.11.219.6
202,-2802,1649320089.690909000,18.65.123.10
203,66,1649320089.690913000,10.11.219.6
204,-2802,1649320089.691016000,18.65.123.10
205,66,1649320089.691018000,10.11.219.6
206,-1434,1649320089.695728000,18.65.123.10
207,66,1649320089.695740000,10.11.219.6
208,-31530,1649320089.695760000,18.65.123.10
209,-2802,1649320089.695773000,18.65.123.10
210,66,1649320089.695776000,10.11.219.6
211,-16482,1649320089.695838000,18.65.123.10
212,66,1649320089.695837000,10.11.219.6
213,66,1649320089.695850000,10.11.219.6
214,-2802,1649320089.698330000,18.65.123.10
215,66,1649320089.698343000,10.11.219.6
216,-2802,1649320089.698464000,18.65.123.10
217,66,1649320089.698469000,10.11.219.6
218,-6906,1649320089.698478000,18.65.123.10
219,-66,1649320089.698481000,18.65.116.118
220,66,1649320089.698499000,10.11.219.6
221,-237,1649320089.698519000,18.65.116.118
222,66,1649320089.698524000,10.11.219.6
223,-8274,1649320089.698536000,18.65.123.10
224,66,1649320089.698565000,10.11.219.6
225,526,1649320089.699032000,10.11.219.6
226,-5538,1649320089.700796000,18.65.123.10
227,66,1649320089.700802000,10.11.219.6
228,-5538,1649320089.700915000,18.65.123.10
229,66,1649320089.700918000,10.11.219.6
230,-12378,1649320089.703122000,18.65.123.10
231,66,1649320089.703128000,10.11.219.6
232,-2802,1649320089.703144000,18.65.123.10
233,66,1649320089.703148000,10.11.219.6
234,-5538,1649320089.703174000,18.65.123.10
235,66,1649320089.703178000,10.11.219.6
236,-11010,1649320089.705423000,18.65.123.10
237,66,1649320089.705428000,10.11.219.6
238,-5538,1649320089.705548000,18.65.123.10
239,66,1649320089.705553000,10.11.219.6
240,-6906,1649320089.705566000,18.65.123.10
241,66,1649320089.705570000,10.11.219.6
242,-1434,1649320089.705578000,18.65.123.10
243,66,1649320089.705585000,10.11.219.6
244,-11010,1649320089.707884000,18.65.123.10
245,66,1649320089.707898000,10.11.219.6
246,-19218,1649320089.710705000,18.65.123.10
247,66,1649320089.710729000,10.11.219.6
248,-8274,1649320089.710831000,18.65.123.10
249,66,1649320089.710849000,10.11.219.6
250,-2802,1649320089.710894000,18.65.123.10
251,66,1649320089.710905000,10.11.219.6
252,-8274,1649320089.712808000,18.65.123.10
253,66,1649320089.712838000,10.11.219.6
254,-5538,1649320089.712968000,18.65.123.10
255,66,1649320089.712981000,10.11.219.6
256,-6906,1649320089.713001000,18.65.123.10
257,-1434,1649320089.713017000,18.65.123.10
258,66,1649320089.713031000,10.11.219.6
259,-5538,1649320089.715698000,18.65.123.10
260,66,1649320089.715723000,10.11.219.6
261,-13746,1649320089.718319000,18.65.123.10
262,66,1649320089.718379000,10.11.219.6
263,-11010,1649320089.718408000,18.65.123.10
264,-2802,1649320089.718431000,18.65.123.10
265,66,1649320089.718464000,10.11.219.6
266,-8274,1649320089.720392000,18.65.123.10
267,66,1649320089.720401000,10.11.219.6
268,-4170,1649320089.720440000,18.65.123.10
269,66,1649320089.720460000,10.11.219.6
270,-2802,1649320089.723205000,18.65.123.10
271,66,1649320089.723223000,10.11.219.6
272,-66,1649320089.723248000,18.65.116.118
273,-2802,1649320089.723257000,18.65.123.10
274,66,1649320089.723304000,10.11.219.6
275,-11010,1649320089.725704000,18.65.123.10
276,-1047,1649320089.725806000,18.65.116.118
277,66,1649320089.725822000,10.11.219.6
278,66,1649320089.725851000,10.11.219.6
279,-12378,1649320089.725857000,18.65.123.10
280,-1434,1649320089.725867000,18.65.123.10
281,-11010,1649320089.725937000,18.65.123.10
282,66,1649320089.725985000,10.11.219.6
283,-6906,1649320089.727479000,18.65.123.10
284,66,1649320089.727495000,10.11.219.6
285,-6906,1649320089.727518000,18.65.123.10
286,66,1649320089.727571000,10.11.219.6
287,549,1649320089.733673000,10.11.219.6
288,-11010,1649320089.735418000,18.65.123.10
289,66,1649320089.735428000,10.11.219.6
290,-1434,1649320089.737443000,18.65.123.10
291,66,1649320089.737451000,10.11.219.6
292,-2802,1649320089.737462000,18.65.123.10
293,-2802,1649320089.737466000,18.65.123.10
294,-2802,1649320089.737469000,18.65.123.10
295,-2802,1649320089.737471000,18.65.123.10
296,66,1649320089.737491000,10.11.219.6
297,-1434,1649320089.739920000,18.65.123.10
298,-2802,1649320089.739939000,18.65.123.10
299,-2802,1649320089.739944000,18.65.123.10
300,-2802,1649320089.739946000,18.65.123.10
301,-2802,1649320089.739949000,18.65.123.10
302,-2802,1649320089.739987000,18.65.123.10
303,-2802,1649320089.739991000,18.65.123.10
304,-2802,1649320089.739993000,18.65.123.10
305,-2802,1649320089.739996000,18.65.123.10
306,66,1649320089.740002000,10.11.219.6
307,-2802,1649320089.740070000,18.65.123.10
308,-2802,1649320089.740075000,18.65.123.10
309,-2802,1649320089.740078000,18.65.123.10
310,-1434,1649320089.740079000,18.65.123.10
311,-1434,1649320089.740081000,18.65.123.10
312,66,1649320089.740106000,10.11.219.6
313,-1434,1649320089.742413000,18.65.123.10
314,-2802,1649320089.750082000,18.65.123.10
315,66,1649320089.750102000,10.11.219.6
316,-2802,1649320089.750134000,18.65.123.10
317,-2802,1649320089.750141000,18.65.123.10
318,66,1649320089.750213000,10.11.219.6
319,-2802,1649320089.754212000,18.65.123.10
320,-2802,1649320089.754225000,18.65.123.10
321,-2802,1649320089.754228000,18.65.123.10
322,-66,1649320089.754229000,18.65.116.118
323,-2802,1649320089.754241000,18.65.123.10
324,-3794,1649320089.754274000,18.65.116.118
325,66,1649320089.754274000,10.11.219.6
326,-2802,1649320089.754277000,18.65.123.10
327,-2802,1649320089.754280000,18.65.123.10
328,-2802,1649320089.754281000,18.65.123.10
329,-1434,1649320089.754292000,18.65.123.10
330,-1434,1649320089.754294000,18.65.123.10
331,-1434,1649320089.754350000,18.65.123.10
332,-2802,1649320089.754353000,18.65.123.10
333,66,1649320089.754357000,10.11.219.6
334,66,1649320089.754374000,10.11.219.6
335,66,1649320089.754429000,10.11.219.6
336,-5538,1649320089.757170000,18.65.123.10
337,66,1649320089.757184000,10.11.219.6
338,-1434,1649320089.757311000,18.65.123.10
339,-6906,1649320089.757318000,18.65.123.10
340,-6906,1649320089.757321000,18.65.123.10
341,-4170,1649320089.757334000,18.65.123.10
342,66,1649320089.757338000,10.11.219.6
343,66,1649320089.757391000,10.11.219.6
344,-2802,1649320089.763299000,18.65.123.10
345,66,1649320089.763314000,10.11.219.6
346,-6906,1649320089.763341000,18.65.123.10
347,-6906,1649320089.763348000,18.65.123.10
348,-6906,1649320089.763378000,18.65.123.10
349,66,1649320089.763407000,10.11.219.6
350,-2802,1649320089.763428000,18.65.123.10
351,66,1649320089.763545000,10.11.219.6
352,-4170,1649320089.766394000,18.65.123.10
353,66,1649320089.766432000,10.11.219.6
354,-2802,1649320089.766481000,18.65.123.10
355,66,1649320089.766605000,10.11.219.6
356,-1434,1649320089.768472000,18.65.123.10
357,-6906,1649320089.768490000,18.65.123.10
358,-6906,1649320089.768496000,18.65.123.10
359,-6906,1649320089.768536000,18.65.123.10
360,-2802,1649320089.768542000,18.65.123.10
361,66,1649320089.768552000,10.11.219.6
362,66,1649320089.768758000,10.11.219.6
363,-4170,1649320089.770864000,18.65.123.10
364,66,1649320089.770878000,10.11.219.6
365,-1434,1649320089.770905000,18.65.123.10
366,-2802,1649320089.773290000,18.65.123.10
367,66,1649320089.773308000,10.11.219.6
368,-2802,1649320089.773464000,18.65.123.10
369,66,1649320089.773480000,10.11.219.6
370,-6906,1649320089.773493000,18.65.123.10
371,-6906,1649320089.773498000,18.65.123.10
372,-8274,1649320089.773531000,18.65.123.10
373,66,1649320089.773598000,10.11.219.6
374,-1434,1649320089.775539000,18.65.123.10
375,-5538,1649320089.775627000,18.65.123.10
376,66,1649320089.775635000,10.11.219.6
377,-1434,1649320089.778092000,18.65.123.10
378,-4170,1649320089.778110000,18.65.123.10
379,-5538,1649320089.778244000,18.65.123.10
380,-9642,1649320089.778254000,18.65.123.10
381,-5538,1649320089.778283000,18.65.123.10
382,66,1649320089.778549000,10.11.219.6
383,-4170,1649320089.780421000,18.65.123.10
384,66,1649320089.780495000,10.11.219.6
385,-2802,1649320089.780574000,18.65.123.10
386,66,1649320089.780791000,10.11.219.6
387,-2802,1649320089.784921000,18.65.123.10
388,-5538,1649320089.784935000,18.65.123.10
389,-6906,1649320089.784939000,18.65.123.10
390,-1434,1649320089.784947000,18.65.123.10
391,66,1649320089.784996000,10.11.219.6
392,-5538,1649320089.785010000,18.65.123.10
393,-6906,1649320089.785013000,18.65.123.10
394,-4170,1649320089.785032000,18.65.123.10
395,-1434,1649320089.785033000,18.65.123.10
396,66,1649320089.785059000,10.11.219.6
397,-5538,1649320089.787593000,18.65.123.10
398,66,1649320089.787600000,10.11.219.6
399,-6906,1649320089.787611000,18.65.123.10
400,-1434,1649320089.787616000,18.65.123.10
401,66,1649320089.787659000,10.11.219.6
402,-5538,1649320089.789861000,18.65.123.10
403,66,1649320089.789866000,10.11.219.6
404,-2802,1649320089.789875000,18.65.123.10
405,66,1649320089.789920000,10.11.219.6
406,-4170,1649320089.789973000,18.65.123.10
407,-1434,1649320089.789976000,18.65.123.10
408,66,1649320089.789996000,10.11.219.6
409,-5538,1649320089.792314000,18.65.123.10
410,-6906,1649320089.792338000,18.65.123.10
411,-2802,1649320089.792349000,18.65.123.10
412,66,1649320089.792401000,10.11.219.6
413,-4170,1649320089.792441000,18.65.123.10
414,-6906,1649320089.792449000,18.65.123.10
415,66,1649320089.792475000,10.11.219.6
416,-6906,1649320089.792481000,18.65.123.10
417,-1434,1649320089.792484000,18.65.123.10
418,66,1649320089.792499000,10.11.219.6
419,-1434,1649320089.794587000,18.65.123.10
420,66,1649320089.794610000,10.11.219.6
421,-1434,1649320089.794626000,18.65.123.10
422,538,1649320089.797115000,10.11.219.6
423,-5538,1649320089.799747000,18.65.123.10
424,-1172,1649320089.799772000,18.65.110.227
425,66,1649320089.799796000,10.11.219.6
426,-6906,1649320089.799831000,18.65.123.10
427,-4865,1649320089.799897000,18.65.110.227
428,66,1649320089.799909000,10.11.219.6
429,-6906,1649320089.799923000,18.65.123.10
430,-6906,1649320089.799945000,18.65.123.10
431,-6906,1649320089.799982000,18.65.123.10
432,66,1649320089.800150000,10.11.219.6
433,-2802,1649320089.802805000,18.65.123.10
434,66,1649320089.802821000,10.11.219.6
435,-4170,1649320089.810411000,18.65.123.10
436,-6906,1649320089.810431000,18.65.123.10
437,-6906,1649320089.810444000,18.65.123.10
438,-5538,1649320089.810447000,18.65.110.227
439,66,1649320089.810458000,10.11.219.6
440,-134,1649320089.810483000,18.65.110.227
441,78,1649320089.810490000,10.11.219.6
442,-1434,1649320089.810495000,18.65.110.227
443,66,1649320089.810502000,10.11.219.6
444,-2802,1649320089.810505000,18.65.123.10
445,66,1649320089.810709000,10.11.219.6
446,-4170,1649320089.824169000,18.65.123.10
447,66,1649320089.824181000,10.11.219.6
448,-2802,1649320089.824201000,18.65.123.10
449,-8274,1649320089.824209000,18.65.123.10
450,66,1649320089.824238000,10.11.219.6
451,-1434,1649320089.824293000,18.65.123.10
452,-9642,1649320089.824299000,18.65.123.10
453,66,1649320089.824317000,10.11.219.6
454,-8274,1649320089.824330000,18.65.123.10
455,66,1649320089.824361000,10.11.219.6
456,-1434,1649320089.826225000,18.65.123.10
457,-9642,1649320089.826367000,18.65.123.10
458,66,1649320089.826375000,10.11.219.6
459,-4170,1649320089.826389000,18.65.123.10
460,66,1649320089.826411000,10.11.219.6
461,-5538,1649320089.829100000,18.65.123.10
462,-2802,1649320089.829119000,18.65.123.10
463,66,1649320089.829173000,10.11.219.6
464,-4170,1649320089.830469000,18.65.123.10
465,-1060,1649320089.830483000,18.65.116.118
466,-6906,1649320089.830494000,18.65.123.10
467,-2802,1649320089.830523000,18.65.123.10
468,-6906,1649320089.830527000,18.65.123.10
469,-1434,1649320089.830529000,18.65.123.10
470,66,1649320089.830537000,10.11.219.6
471,66,1649320089.830617000,10.11.219.6
472,-2802,1649320089.833752000,18.65.123.10
473,66,1649320089.833767000,10.11.219.6
474,-2802,1649320089.833904000,18.65.123.10
475,66,1649320089.833912000,10.11.219.6
476,-6906,1649320089.833925000,18.65.123.10
477,-6906,1649320089.833930000,18.65.123.10
478,-2802,1649320089.833945000,18.65.123.10
479,66,1649320089.833957000,10.11.219.6
480,66,1649320089.834004000,10.11.219.6
481,-4170,1649320089.836056000,18.65.123.10
482,66,1649320089.836075000,10.11.219.6
483,-1434,1649320089.836102000,18.65.123.10
484,-5538,1649320089.838479000,18.65.123.10
485,-6906,1649320089.838493000,18.65.123.10
486,-2802,1649320089.838500000,18.65.123.10
487,66,1649320089.838545000,10.11.219.6
488,-4170,1649320089.838550000,18.65.123.10
489,-1434,1649320089.838552000,18.65.123.10
490,66,1649320089.838615000,10.11.219.6
491,-2802,1649320089.840523000,18.65.123.10
492,66,1649320089.840540000,10.11.219.6
493,-2802,1649320089.840600000,18.65.123.10
494,66,1649320089.840602000,10.11.219.6
495,-2802,1649320089.840606000,18.65.123.10
496,-6906,1649320089.840609000,18.65.123.10
497,66,1649320089.840627000,10.11.219.6
498,-5538,1649320089.844376000,18.65.123.10
499,66,1649320089.844399000,10.11.219.6
500,-1434,1649320089.846456000,18.65.123.10
501,-6906,1649320089.846491000,18.65.123.10
502,-6906,1649320089.846498000,18.65.123.10
503,-6906,1649320089.846574000,18.65.123.10
504,-6388,1649320089.846586000,18.65.123.10
505,66,1649320089.846640000,10.11.219.6
506,66,1649320089.846847000,10.11.219.6
507,90,1649320089.846996000,10.11.219.6
508,66,1649320089.847009000,10.11.219.6
509,-54,1649320089.849539000,18.65.123.10
510,74,1649320089.868264000,10.11.219.6
511,-74,1649320089.872041000,18.65.123.10
512,66,1649320089.872074000,10.11.219.6
513,66,1649320089.873498000,10.11.219.6
514,583,1649320089.875348000,10.11.219.6
515,547,1649320089.875914000,10.11.219.6
516,74,1649320089.877717000,10.11.219.6
517,-66,1649320089.878564000,18.65.123.10
518,-1069,1649320089.878576000,18.65.116.118
519,66,1649320089.878594000,10.11.219.6
520,561,1649320089.878820000,10.11.219.6
521,-2802,1649320089.884663000,18.65.123.10
522,66,1649320089.884677000,10.11.219.6
523,-1328,1649320089.884696000,18.65.123.10
524,66,1649320089.884701000,10.11.219.6
525,-74,1649320089.884705000,18.65.116.118
526,66,1649320089.884719000,10.11.219.6
527,-83,1649320089.884733000,18.65.116.118
528,78,1649320089.884739000,10.11.219.6
529,-1434,1649320089.884745000,18.65.116.118
530,66,1649320089.884753000,10.11.219.6
531,583,1649320089.886131000,10.11.219.6
532,74,1649320089.886320000,10.11.219.6
533,74,1649320089.886436000,10.11.219.6
534,74,1649320089.886495000,10.11.219.6
535,74,1649320089.886561000,10.11.219.6
536,74,1649320089.886619000,10.11.219.6
537,570,1649320089.888323000,10.11.219.6
538,130,1649320089.888825000,10.11.219.6
539,499,1649320089.888955000,10.11.219.6
540,-66,1649320089.890640000,18.65.116.118
541,-74,1649320089.890651000,18.65.156.210
542,66,1649320089.890668000,10.11.219.6
543,-213,1649320089.890680000,18.65.116.118
544,66,1649320089.890683000,10.11.219.6
545,-74,1649320089.890686000,18.65.156.210
546,66,1649320089.890691000,10.11.219.6
547,-74,1649320089.890696000,18.65.156.210
548,66,1649320089.890699000,10.11.219.6
549,-74,1649320089.890701000,18.65.156.210
550,66,1649320089.890705000,10.11.219.6
551,-74,1649320089.890707000,18.65.156.210
552,66,1649320089.890710000,10.11.219.6
553,117,1649320089.890922000,10.11.219.6
554,-468,1649320089.891824000,18.65.116.118
555,78,1649320089.891831000,10.11.219.6
556,-66,1649320089.891837000,18.65.123.10
557,-66,1649320089.891840000,18.65.123.10
558,-1434,1649320089.891841000,18.65.116.118
559,66,1649320089.891843000,10.11.219.6
560,-610,1649320089.892993000,18.65.123.10
561,66,1649320089.892997000,10.11.219.6
562,-90,1649320089.893001000,18.65.123.10
563,583,1649320089.893640000,10.11.219.6
564,-66,1649320089.894189000,18.65.116.118
565,-66,1649320089.897148000,18.65.156.210
566,-4170,1649320089.898716000,18.65.156.210
567,66,1649320089.898733000,10.11.219.6
568,-1177,1649320089.899695000,18.65.156.210
569,66,1649320089.899712000,10.11.219.6
570,583,1649320089.899945000,10.11.219.6
571,-66,1649320089.902791000,18.65.156.210
572,-4170,1649320089.904326000,18.65.156.210
573,66,1649320089.904388000,10.11.219.6
574,-1177,1649320089.905108000,18.65.156.210
575,66,1649320089.905145000,10.11.219.6
576,583,1649320089.907421000,10.11.219.6
577,90,1649320089.907840000,10.11.219.6
578,66,1649320089.907859000,10.11.219.6
579,-66,1649320089.910267000,18.65.156.210
580,-54,1649320089.910283000,18.65.123.10
581,583,1649320089.911373000,10.11.219.6
582,-4170,1649320089.911807000,18.65.156.210
583,66,1649320089.911827000,10.11.219.6
584,-1177,1649320089.912723000,18.65.156.210
585,66,1649320089.912781000,10.11.219.6
586,583,1649320089.915461000,10.11.219.6
587,-66,1649320089.916072000,18.65.156.210
588,-4170,1649320089.916093000,18.65.156.210
589,66,1649320089.916111000,10.11.219.6
590,-1177,1649320089.916871000,18.65.156.210
591,66,1649320089.916879000,10.11.219.6
592,-66,1649320089.918780000,18.65.156.210
593,-4170,1649320089.920335000,18.65.156.210
594,66,1649320089.920351000,10.11.219.6
595,-1177,1649320089.921028000,18.65.156.210
596,66,1649320089.921040000,10.11.219.6
597,74,1649320089.922353000,10.11.219.6
598,-74,1649320089.925193000,18.65.123.10
599,66,1649320089.925214000,10.11.219.6
600,-396,1649320089.930504000,18.65.110.227
601,66,1649320089.930522000,10.11.219.6
602,583,1649320089.931212000,10.11.219.6
603,-8063,1649320089.932802000,18.65.110.227
604,66,1649320089.932847000,10.11.219.6
605,130,1649320089.932976000,10.11.219.6
606,130,1649320089.933561000,10.11.219.6
607,-4170,1649320089.935477000,18.65.110.227
608,66,1649320089.935495000,10.11.219.6
609,-761,1649320089.935512000,18.65.110.227
610,78,1649320089.935519000,10.11.219.6
611,-1434,1649320089.935523000,18.65.110.227
612,66,1649320089.935527000,10.11.219.6
613,130,1649320089.935834000,10.11.219.6
614,236,1649320089.936093000,10.11.219.6
615,394,1649320089.936114000,10.11.219.6
616,253,1649320089.936145000,10.11.219.6
617,130,1649320089.936318000,10.11.219.6
618,178,1649320089.937355000,10.11.219.6
619,236,1649320089.937655000,10.11.219.6
620,546,1649320089.937690000,10.11.219.6
621,-66,1649320089.937718000,18.65.123.10
622,-2802,1649320089.937730000,18.65.123.10
623,66,1649320089.937736000,10.11.219.6
624,-66,1649320089.937746000,18.65.156.210
625,-128,1649320089.937753000,18.65.156.210
626,66,1649320089.937756000,10.11.219.6
627,-1328,1649320089.937761000,18.65.123.10
628,66,1649320089.937766000,10.11.219.6
629,130,1649320089.938096000,10.11.219.6
630,-66,1649320089.938340000,18.65.156.210
631,-128,1649320089.938348000,18.65.156.210
632,66,1649320089.938354000,10.11.219.6
633,97,1649320089.938383000,10.11.219.6
634,684,1649320089.938643000,10.11.219.6
635,253,1649320089.938816000,10.11.219.6
636,253,1649320089.938836000,10.11.219.6
637,-66,1649320089.939410000,18.65.156.210
638,-66,1649320089.939422000,18.65.156.210
639,-97,1649320089.939425000,18.65.156.210
640,66,1649320089.939432000,10.11.219.6
641,-66,1649320089.939441000,18.65.156.210
642,-66,1649320089.939443000,18.65.156.210
643,-97,1649320089.939445000,18.65.156.210
644,66,1649320089.939448000,10.11.219.6
645,-66,1649320089.939451000,18.65.156.210
646,-128,1649320089.939452000,18.65.156.210
647,66,1649320089.939454000,10.11.219.6
648,-128,1649320089.939468000,18.65.156.210
649,66,1649320089.939470000,10.11.219.6
650,-2802,1649320089.939473000,18.65.156.210
651,66,1649320089.939475000,10.11.219.6
652,90,1649320089.939784000,10.11.219.6
653,66,1649320089.939812000,10.11.219.6
654,443,1649320089.940198000,10.11.219.6
655,97,1649320089.940433000,10.11.219.6
656,90,1649320089.940648000,10.11.219.6
657,66,1649320089.940666000,10.11.219.6
658,-5538,1649320089.941457000,18.65.156.210
659,66,1649320089.941465000,10.11.219.6
660,-8264,1649320089.941873000,18.65.156.210
661,66,1649320089.941879000,10.11.219.6
662,-2802,1649320089.941885000,18.65.156.210
663,66,1649320089.941890000,10.11.219.6
664,130,1649320089.943322000,10.11.219.6
665,500,1649320089.943514000,10.11.219.6
666,-8274,1649320089.943537000,18.65.156.210
667,66,1649320089.943550000,10.11.219.6
668,-4170,1649320089.943652000,18.65.156.210
669,66,1649320089.943656000,10.11.219.6
670,-1424,1649320089.946076000,18.65.156.210
671,-66,1649320089.946093000,18.65.156.210
672,-97,1649320089.946104000,18.65.156.210
673,66,1649320089.946115000,10.11.219.6
674,-66,1649320089.946139000,18.65.156.210
675,-786,1649320089.946144000,18.65.156.210
676,66,1649320089.946148000,10.11.219.6
677,-66,1649320089.946154000,18.65.156.210
678,-1434,1649320089.946158000,18.65.156.210
679,66,1649320089.946162000,10.11.219.6
680,-11010,1649320089.946218000,18.65.156.210
681,66,1649320089.946226000,10.11.219.6
682,-2802,1649320089.948771000,18.65.156.210
683,66,1649320089.948787000,10.11.219.6
684,-1424,1649320089.948879000,18.65.156.210
685,66,1649320089.948887000,10.11.219.6
686,-5538,1649320089.948901000,18.65.156.210
687,-66,1649320089.948905000,18.65.156.210
688,-66,1649320089.948920000,18.65.156.210
689,-6906,1649320089.948929000,18.65.156.210
690,66,1649320089.948934000,10.11.219.6
691,66,1649320089.949380000,10.11.219.6
692,-9632,1649320089.951305000,18.65.156.210
693,66,1649320089.951322000,10.11.219.6
694,-128,1649320089.951341000,18.65.156.210
695,66,1649320089.951346000,10.11.219.6
696,-4170,1649320089.951376000,18.65.156.210
697,66,1649320089.951380000,10.11.219.6
698,-2802,1649320089.951385000,18.65.156.210
699,66,1649320089.951388000,10.11.219.6
700,-66,1649320089.951391000,18.65.156.210
701,-66,1649320089.951401000,18.65.156.210
702,-97,1649320089.951404000,18.65.156.210
703,54,1649320089.951423000,10.11.219.6
704,-97,1649320089.951442000,18.65.156.210
705,66,1649320089.951446000,10.11.219.6
706,-66,1649320089.951450000,18.65.156.210
707,90,1649320089.951544000,10.11.219.6
708,66,1649320089.951569000,10.11.219.6
709,-5538,1649320089.953643000,18.65.156.210
710,66,1649320089.953656000,10.11.219.6
711,-66,1649320089.953669000,18.65.156.210
712,54,1649320089.953679000,10.11.219.6
713,-2802,1649320089.953701000,18.65.156.210
714,66,1649320089.953704000,10.11.219.6
715,-66,1649320089.953707000,18.65.156.210
716,-534,1649320089.953708000,18.65.156.210
717,-66,1649320089.953708000,18.65.156.210
718,-66,1649320089.953712000,18.65.123.10
719,-66,1649320089.953714000,18.65.123.10
720,-1434,1649320089.953716000,18.65.156.210
721,78,1649320089.953720000,10.11.219.6
722,-5538,1649320089.953724000,18.65.156.210
723,66,1649320089.953732000,10.11.219.6
724,66,1649320089.953737000,10.11.219.6
725,-2802,1649320089.956382000,18.65.156.210
726,66,1649320089.956390000,10.11.219.6
727,-8264,1649320089.956493000,18.65.156.210
728,66,1649320089.956495000,10.11.219.6
729,-66,1649320089.956500000,18.65.156.210
730,54,1649320089.956507000,10.11.219.6
731,-610,1649320089.956510000,18.65.123.10
732,66,1649320089.956512000,10.11.219.6
733,-5538,1649320089.956530000,18.65.156.210
734,66,1649320089.956532000,10.11.219.6
735,90,1649320089.956823000,10.11.219.6
736,66,1649320089.956840000,10.11.219.6
737,-16482,1649320089.958711000,18.65.156.210
738,66,1649320089.958723000,10.11.219.6
739,-2802,1649320089.961089000,18.65.156.210
740,66,1649320089.961100000,10.11.219.6
741,-90,1649320089.961113000,18.65.123.10
742,54,1649320089.961132000,10.11.219.6
743,-2802,1649320089.961182000,18.65.156.210
744,66,1649320089.961185000,10.11.219.6
745,-11010,1649320089.961191000,18.65.156.210
746,66,1649320089.961194000,10.11.219.6
747,-2802,1649320089.963611000,18.65.156.210
748,66,1649320089.963632000,10.11.219.6
749,-11010,1649320089.963703000,18.65.156.210
750,66,1649320089.963709000,10.11.219.6
751,-1434,1649320089.963724000,18.65.156.210
752,66,1649320089.963729000,10.11.219.6
753,-2802,1649320089.966831000,18.65.156.210
754,66,1649320089.966845000,10.11.219.6
755,-7952,1649320089.966950000,18.65.156.210
756,66,1649320089.966955000,10.11.219.6
757,-5538,1649320089.966964000,18.65.156.210
758,66,1649320089.966967000,10.11.219.6
759,-1035,1649320089.969426000,18.65.156.210
760,66,1649320089.969459000,10.11.219.6
761,-2802,1649320089.969483000,18.65.156.210
762,66,1649320089.969488000,10.11.219.6
763,-618,1649320089.969494000,18.65.156.210
764,78,1649320089.969499000,10.11.219.6
765,-66,1649320089.969547000,18.65.156.210
766,-66,1649320089.969555000,18.65.156.210
767,66,1649320089.969561000,10.11.219.6
768,-1434,1649320089.969576000,18.65.156.210
769,66,1649320089.969580000,10.11.219.6
770,-9642,1649320089.969586000,18.65.156.210
771,66,1649320089.969589000,10.11.219.6
772,-2802,1649320089.971164000,18.65.156.210
773,66,1649320089.971181000,10.11.219.6
774,-974,1649320089.971205000,18.65.156.210
775,78,1649320089.971212000,10.11.219.6
776,-54,1649320089.971217000,18.65.123.10
777,-1434,1649320089.971224000,18.65.156.210
778,66,1649320089.971228000,10.11.219.6
779,74,1649320089.974009000,10.11.219.6
780,-74,1649320089.976988000,18.65.123.10
781,66,1649320089.977009000,10.11.219.6
782,583,1649320089.979896000,10.11.219.6
783,-66,1649320089.983739000,18.65.123.10
784,-2802,1649320089.983749000,18.65.123.10
785,66,1649320089.983757000,10.11.219.6
786,-1328,1649320089.984644000,18.65.123.10
787,66,1649320089.984654000,10.11.219.6
788,130,1649320089.986673000,10.11.219.6
789,494,1649320089.986799000,10.11.219.6
790,-66,1649320089.988831000,18.65.123.10
791,-66,1649320089.990743000,18.65.123.10
792,-2802,1649320089.990754000,18.65.123.10
793,66,1649320089.990760000,10.11.219.6
794,-2802,1649320089.990793000,18.65.123.10
795,66,1649320089.990797000,10.11.219.6
796,-366,1649320089.990802000,18.65.123.10
797,78,1649320089.990806000,10.11.219.6
798,-1434,1649320089.990809000,18.65.123.10
799,-90,1649320089.990810000,18.65.123.10
800,66,1649320089.990820000,10.11.219.6
801,90,1649320089.991035000,10.11.219.6
802,66,1649320089.991055000,10.11.219.6
803,74,1649320089.992565000,10.11.219.6
804,-54,1649320089.994197000,18.65.123.10
805,-74,1649320089.995270000,18.65.123.10
806,66,1649320089.995302000,10.11.219.6
807,583,1649320089.999772000,10.11.219.6
808,-66,1649320090.002755000,18.65.123.10
809,-2802,1649320090.004145000,18.65.123.10
810,66,1649320090.004157000,10.11.219.6
811,-1328,1649320090.006191000,18.65.123.10
812,66,1649320090.006208000,10.11.219.6
813,130,1649320090.009013000,10.11.219.6
814,495,1649320090.009186000,10.11.219.6
815,-66,1649320090.011313000,18.65.123.10
816,-66,1649320090.012468000,18.65.123.10
817,-642,1649320090.012478000,18.65.123.10
818,66,1649320090.012485000,10.11.219.6
819,-90,1649320090.012505000,18.65.123.10
820,90,1649320090.012741000,10.11.219.6
821,66,1649320090.012763000,10.11.219.6
822,74,1649320090.015155000,10.11.219.6
823,-54,1649320090.015710000,18.65.123.10
824,-74,1649320090.018839000,18.65.123.10
825,66,1649320090.018875000,10.11.219.6
826,583,1649320090.020976000,10.11.219.6
827,-66,1649320090.024194000,18.65.123.10
828,-2802,1649320090.025570000,18.65.123.10
829,66,1649320090.025582000,10.11.219.6
830,-1328,1649320090.026501000,18.65.123.10
831,66,1649320090.026529000,10.11.219.6
832,-5538,1649320090.028572000,18.65.110.227
833,66,1649320090.028594000,10.11.219.6
834,-2802,1649320090.028638000,18.65.110.227
835,66,1649320090.028644000,10.11.219.6
836,-1434,1649320090.030059000,18.65.110.227
837,66,1649320090.030104000,10.11.219.6
838,-1421,1649320090.030147000,18.65.110.227
839,78,1649320090.030159000,10.11.219.6
840,-1434,1649320090.030167000,18.65.110.227
841,66,1649320090.030175000,10.11.219.6
842,-2802,1649320090.030184000,18.65.110.227
843,66,1649320090.030190000,10.11.219.6
844,-13736,1649320090.032064000,18.65.110.227
845,66,1649320090.032087000,10.11.219.6
846,-1426,1649320090.032132000,18.65.110.227
847,66,1649320090.032140000,10.11.219.6
848,-8274,1649320090.034210000,18.65.110.227
849,66,1649320090.034253000,10.11.219.6
850,-5538,1649320090.034369000,18.65.110.227
851,66,1649320090.034385000,10.11.219.6
852,130,1649320090.034897000,10.11.219.6
853,500,1649320090.035381000,10.11.219.6
854,-2792,1649320090.036678000,18.65.110.227
855,66,1649320090.036687000,10.11.219.6
856,-341,1649320090.036700000,18.65.110.227
857,78,1649320090.036704000,10.11.219.6
858,-1434,1649320090.036706000,18.65.110.227
859,66,1649320090.036709000,10.11.219.6
860,-6906,1649320090.036715000,18.65.110.227
861,66,1649320090.036717000,10.11.219.6
862,-890,1649320090.036726000,18.65.110.227
863,78,1649320090.036728000,10.11.219.6
864,-1434,1649320090.036730000,18.65.110.227
865,66,1649320090.036742000,10.11.219.6
866,-66,1649320090.038128000,18.65.123.10
867,-66,1649320090.038140000,18.65.123.10
868,-9642,1649320090.039338000,18.65.123.10
869,66,1649320090.039349000,10.11.219.6
870,-6896,1649320090.041453000,18.65.123.10
871,66,1649320090.041456000,10.11.219.6
872,-1434,1649320090.041462000,18.65.123.10
873,66,1649320090.041465000,10.11.219.6
874,-2802,1649320090.041543000,18.65.123.10
875,66,1649320090.041548000,10.11.219.6
876,-11010,1649320090.043370000,18.65.123.10
877,66,1649320090.043378000,10.11.219.6
878,-6906,1649320090.043400000,18.65.123.10
879,66,1649320090.043402000,10.11.219.6
880,-5538,1649320090.044761000,18.65.123.10
881,66,1649320090.044772000,10.11.219.6
882,-6906,1649320090.046936000,18.65.123.10
883,66,1649320090.046958000,10.11.219.6
884,-6906,1649320090.047064000,18.65.123.10
885,66,1649320090.047073000,10.11.219.6
886,-1434,1649320090.047083000,18.65.123.10
887,66,1649320090.047089000,10.11.219.6
888,-11010,1649320090.048644000,18.65.123.10
889,66,1649320090.048661000,10.11.219.6
890,-4314,1649320090.048705000,18.65.123.10
891,66,1649320090.048727000,10.11.219.6
892,90,1649320090.049047000,10.11.219.6
893,66,1649320090.049088000,10.11.219.6
894,-54,1649320090.051707000,18.65.123.10
895,74,1649320090.053684000,10.11.219.6
896,-74,1649320090.056997000,18.65.123.10
897,66,1649320090.057012000,10.11.219.6
898,583,1649320090.058967000,10.11.219.6
899,-66,1649320090.062427000,18.65.123.10
900,-2802,1649320090.063703000,18.65.123.10
901,66,1649320090.063717000,10.11.219.6
902,-1328,1649320090.065663000,18.65.123.10
903,66,1649320090.065693000,10.11.219.6
904,130,1649320090.068674000,10.11.219.6
905,501,1649320090.068820000,10.11.219.6
906,-66,1649320090.070952000,18.65.123.10
907,-66,1649320090.072089000,18.65.123.10
908,-675,1649320090.072098000,18.65.123.10
909,66,1649320090.072106000,10.11.219.6
910,-90,1649320090.072126000,18.65.123.10
911,90,1649320090.072416000,10.11.219.6
912,66,1649320090.072448000,10.11.219.6
913,74,1649320090.075025000,10.11.219.6
914,-54,1649320090.077473000,18.65.123.10
915,-74,1649320090.078425000,18.65.123.10
916,66,1649320090.078460000,10.11.219.6
917,583,1649320090.082805000,10.11.219.6
918,-66,1649320090.085960000,18.65.123.10
919,-2802,1649320090.087277000,18.65.123.10
920,66,1649320090.087293000,10.11.219.6
921,-1328,1649320090.089239000,18.65.123.10
922,66,1649320090.089250000,10.11.219.6
923,130,1649320090.092513000,10.11.219.6
924,508,1649320090.092675000,10.11.219.6
925,-66,1649320090.095577000,18.65.123.10
926,-66,1649320090.095595000,18.65.123.10
927,-4102,1649320090.097086000,18.65.123.10
928,66,1649320090.097139000,10.11.219.6
929,-90,1649320090.097206000,18.65.123.10
930,90,1649320090.097769000,10.11.219.6
931,66,1649320090.097808000,10.11.219.6
932,-54,1649320090.100898000,18.65.123.10
933,74,1649320090.100930000,10.11.219.6
934,-74,1649320090.104107000,18.65.123.10
935,66,1649320090.104125000,10.11.219.6
936,583,1649320090.106722000,10.11.219.6
937,-66,1649320090.112610000,18.65.123.10
938,-2802,1649320090.112626000,18.65.123.10
939,66,1649320090.112639000,10.11.219.6
940,-1328,1649320090.113875000,18.65.123.10
941,66,1649320090.113890000,10.11.219.6
942,130,1649320090.117689000,10.11.219.6
943,506,1649320090.117898000,10.11.219.6
944,-66,1649320090.120176000,18.65.123.10
945,-66,1649320090.123658000,18.65.123.10
946,-1434,1649320090.123667000,18.65.123.10
947,66,1649320090.123673000,10.11.219.6
948,-86,1649320090.123689000,18.65.123.10
949,78,1649320090.123693000,10.11.219.6
950,-1434,1649320090.123697000,18.65.123.10
951,66,1649320090.123701000,10.11.219.6
952,-90,1649320090.123704000,18.65.123.10
953,90,1649320090.123951000,10.11.219.6
954,66,1649320090.123976000,10.11.219.6
955,74,1649320090.126170000,10.11.219.6
956,-54,1649320090.126762000,18.65.123.10
957,-13746,1649320090.130858000,18.65.110.227
958,66,1649320090.130887000,10.11.219.6
959,-2792,1649320090.131013000,18.65.110.227
960,66,1649320090.131021000,10.11.219.6
961,-347,1649320090.131032000,18.65.110.227
962,78,1649320090.131039000,10.11.219.6
963,-1434,1649320090.131064000,18.65.110.227
964,66,1649320090.131071000,10.11.219.6
965,-13746,1649320090.131083000,18.65.110.227
966,66,1649320090.131087000,10.11.219.6
967,-1424,1649320090.133274000,18.65.110.227
968,78,1649320090.133300000,10.11.219.6
969,-1434,1649320090.133328000,18.65.110.227
970,66,1649320090.133356000,10.11.219.6
971,-6730,1649320090.133371000,18.65.110.227
972,66,1649320090.133380000,10.11.219.6
973,-6906,1649320090.133392000,18.65.110.227
974,66,1649320090.133418000,10.11.219.6
975,-884,1649320090.133473000,18.65.110.227
976,78,1649320090.133480000,10.11.219.6
977,-1434,1649320090.133491000,18.65.110.227
978,66,1649320090.133498000,10.11.219.6
979,-4170,1649320090.133505000,18.65.110.227
980,66,1649320090.133509000,10.11.219.6
981,-74,1649320090.135336000,18.65.123.10
982,66,1649320090.135411000,10.11.219.6
983,-5538,1649320090.135463000,18.65.110.227
984,66,1649320090.135482000,10.11.219.6
985,-6896,1649320090.135597000,18.65.110.227
986,66,1649320090.135613000,10.11.219.6
987,-100,1649320090.135631000,18.65.110.227
988,66,1649320090.135644000,10.11.219.6
989,-1434,1649320090.135659000,18.65.110.227
990,66,1649320090.135669000,10.11.219.6
991,-879,1649320090.135681000,18.65.110.227
992,78,1649320090.135698000,10.11.219.6
993,-1434,1649320090.135769000,18.65.110.227
994,66,1649320090.135782000,10.11.219.6
995,583,1649320090.139599000,10.11.219.6
996,-66,1649320090.142633000,18.65.123.10
997,-2802,1649320090.143937000,18.65.123.10
998,66,1649320090.143951000,10.11.219.6
999,-1328,1649320090.145959000,18.65.123.10
1000,66,1649320090.145982000,10.11.219.6
1001,174,1649320090.154217000,10.11.219.6
1002,190,1649320090.154348000,10.11.219.6
1003,169,1649320090.154671000,10.11.219.6
1004,622,1649320090.154757000,10.11.219.6
1005,207,1649320090.155889000,10.11.219.6
1006,1181,1649320090.156719000,10.11.219.6
1007,-66,1649320090.156724000,18.65.156.210
1008,130,1649320090.156929000,10.11.219.6
1009,188,1649320090.157135000,10.11.219.6
1010,518,1649320090.157488000,10.11.219.6
1011,295,1649320090.157705000,10.11.219.6
1012,760,1649320090.159039000,10.11.219.6
1013,-6906,1649320090.167988000,18.65.156.210
1014,66,1649320090.168016000,10.11.219.6
1015,-276,1649320090.168029000,18.65.156.210
1016,78,1649320090.168032000,10.11.219.6
1017,-1434,1649320090.168034000,18.65.156.210
1018,66,1649320090.168036000,10.11.219.6
1019,-66,1649320090.168037000,18.65.156.210
1020,-884,1649320090.168047000,18.65.156.210
1021,66,1649320090.168049000,10.11.219.6
1022,-4170,1649320090.168052000,18.65.156.210
1023,66,1649320090.168054000,10.11.219.6
1024,-103,1649320090.168055000,18.65.156.210
1025,-1434,1649320090.168056000,18.65.156.210
1026,-16472,1649320090.168059000,18.65.156.210
1027,-16472,1649320090.168065000,18.65.156.210
1028,78,1649320090.168064000,10.11.219.6
1029,-11010,1649320090.168069000,18.65.156.210
1030,66,1649320090.168076000,10.11.219.6
1031,66,1649320090.168080000,10.11.219.6
1032,66,1649320090.168083000,10.11.219.6
1033,66,1649320090.168087000,10.11.219.6
1034,-6906,1649320090.168091000,18.65.156.210
1035,66,1649320090.168093000,10.11.219.6
1036,-6906,1649320090.170453000,18.65.156.210
1037,66,1649320090.170470000,10.11.219.6
1038,-66,1649320090.170490000,18.65.156.210
1039,-2802,1649320090.170498000,18.65.156.210
1040,66,1649320090.170502000,10.11.219.6
1041,-5538,1649320090.170532000,18.65.156.210
1042,66,1649320090.170536000,10.11.219.6
1043,-8274,1649320090.173163000,18.65.156.210
1044,66,1649320090.173175000,10.11.219.6
1045,-8274,1649320090.173269000,18.65.156.210
1046,66,1649320090.173273000,10.11.219.6
1047,-15114,1649320090.174969000,18.65.156.210
1048,66,1649320090.174974000,10.11.219.6
1049,-66,1649320090.174991000,18.65.123.10
1050,-66,1649320090.174996000,18.65.156.210
1051,-66,1649320090.175000000,18.65.123.10
1052,-66,1649320090.175001000,18.65.156.210
1053,-66,1649320090.175002000,18.65.156.210
1054,-996,1649320090.175016000,18.65.123.10
1055,66,1649320090.175018000,10.11.219.6
1056,-90,1649320090.175021000,18.65.123.10
1057,-66,1649320090.175028000,18.65.156.210
1058,90,1649320090.175303000,10.11.219.6
1059,66,1649320090.175325000,10.11.219.6
1060,-6906,1649320090.176649000,18.65.156.210
1061,66,1649320090.176660000,10.11.219.6
1062,-6906,1649320090.176675000,18.65.156.210
1063,66,1649320090.176679000,10.11.219.6
1064,74,1649320090.176718000,10.11.219.6
1065,-2802,1649320090.177104000,18.65.156.210
1066,66,1649320090.177109000,10.11.219.6
1067,-5538,1649320090.177119000,18.65.156.210
1068,66,1649320090.177122000,10.11.219.6
1069,-2802,1649320090.179044000,18.65.156.210
1070,66,1649320090.179073000,10.11.219.6
1071,-12378,1649320090.181131000,18.65.156.210
1072,66,1649320090.181143000,10.11.219.6
1073,-4170,1649320090.181191000,18.65.156.210
1074,66,1649320090.181195000,10.11.219.6
1075,-1434,1649320090.181199000,18.65.156.210
1076,66,1649320090.181202000,10.11.219.6
1077,-2802,1649320090.183514000,18.65.156.210
1078,66,1649320090.183530000,10.11.219.6
1079,-11010,1649320090.183594000,18.65.156.210
1080,66,1649320090.183601000,10.11.219.6
1081,-2802,1649320090.185906000,18.65.156.210
1082,66,1649320090.185921000,10.11.219.6
1083,-5538,1649320090.186010000,18.65.156.210
1084,66,1649320090.186016000,10.11.219.6
1085,-5538,1649320090.186024000,18.65.156.210
1086,66,1649320090.186027000,10.11.219.6
1087,-5538,1649320090.188340000,18.65.156.210
1088,66,1649320090.188354000,10.11.219.6
1089,-5538,1649320090.188450000,18.65.156.210
1090,66,1649320090.188466000,10.11.219.6
1091,-8274,1649320090.191040000,18.65.156.210
1092,66,1649320090.191056000,10.11.219.6
1093,-8274,1649320090.191084000,18.65.156.210
1094,66,1649320090.191088000,10.11.219.6
1095,-2802,1649320090.191146000,18.65.156.210
1096,66,1649320090.191152000,10.11.219.6
1097,-11010,1649320090.191168000,18.65.156.210
1098,66,1649320090.191171000,10.11.219.6
1099,-5538,1649320090.193231000,18.65.156.210
1100,66,1649320090.193250000,10.11.219.6
1101,211,1649320090.193976000,10.11.219.6
1102,198,1649320090.196322000,10.11.219.6
1103,-8274,1649320090.198360000,18.65.156.210
1104,66,1649320090.198379000,10.11.219.6
1105,-54,1649320090.198431000,18.65.123.10
1106,-4170,1649320090.198452000,18.65.156.210
1107,66,1649320090.198457000,10.11.219.6
1108,-9642,1649320090.198463000,18.65.156.210
1109,66,1649320090.198474000,10.11.219.6
1110,-5538,1649320090.198528000,18.65.156.210
1111,66,1649320090.198531000,10.11.219.6
1112,-74,1649320090.198534000,18.65.123.10
1113,66,1649320090.198545000,10.11.219.6
1114,-13746,1649320090.198553000,18.65.156.210
1115,66,1649320090.198555000,10.11.219.6
1116,-2802,1649320090.200682000,18.65.156.210
1117,66,1649320090.200694000,10.11.219.6
1118,-2802,1649320090.200803000,18.65.156.210
1119,66,1649320090.200807000,10.11.219.6
1120,-8274,1649320090.200815000,18.65.156.210
1121,66,1649320090.200818000,10.11.219.6
1122,-8274,1649320090.200835000,18.65.156.210
1123,66,1649320090.200838000,10.11.219.6
1124,583,1649320090.201246000,10.11.219.6
1125,74,1649320090.201710000,10.11.219.6
1126,-2802,1649320090.202937000,18.65.156.210
1127,66,1649320090.202948000,10.11.219.6
1128,-5538,1649320090.203419000,18.65.156.210
1129,66,1649320090.203424000,10.11.219.6
1130,-5538,1649320090.203433000,18.65.156.210
1131,66,1649320090.203437000,10.11.219.6
1132,-2802,1649320090.203449000,18.65.156.210
1133,66,1649320090.203453000,10.11.219.6
1134,-8274,1649320090.207943000,18.65.156.210
1135,66,1649320090.207957000,10.11.219.6
1136,-6906,1649320090.208027000,18.65.156.210
1137,66,1649320090.208032000,10.11.219.6
1138,-8274,1649320090.208038000,18.65.156.210
1139,66,1649320090.208050000,10.11.219.6
1140,-2802,1649320090.210348000,18.65.156.210
1141,66,1649320090.210361000,10.11.219.6
1142,-13746,1649320090.210512000,18.65.156.210
1143,66,1649320090.210519000,10.11.219.6
1144,-8274,1649320090.210545000,18.65.156.210
1145,66,1649320090.210549000,10.11.219.6
1146,-2802,1649320090.212776000,18.65.156.210
1147,66,1649320090.212798000,10.11.219.6
1148,-2802,1649320090.212887000,18.65.156.210
1149,66,1649320090.212892000,10.11.219.6
1150,-8274,1649320090.217746000,18.65.156.210
1151,66,1649320090.217771000,10.11.219.6
1152,-66,1649320090.217800000,18.65.156.210
1153,-8274,1649320090.217811000,18.65.156.210
1154,66,1649320090.217815000,10.11.219.6
1155,-373,1649320090.217830000,18.65.156.210
1156,78,1649320090.217834000,10.11.219.6
1157,-2802,1649320090.217838000,18.65.156.210
1158,66,1649320090.217842000,10.11.219.6
1159,-2802,1649320090.217845000,18.65.156.210
1160,66,1649320090.217850000,10.11.219.6
1161,-843,1649320090.217852000,18.65.156.210
1162,78,1649320090.217858000,10.11.219.6
1163,-1434,1649320090.217860000,18.65.156.210
1164,66,1649320090.217863000,10.11.219.6
1165,-12378,1649320090.217867000,18.65.156.210
1166,66,1649320090.217872000,10.11.219.6
1167,-1434,1649320090.217919000,18.65.156.210
1168,66,1649320090.217923000,10.11.219.6
1169,-17850,1649320090.217930000,18.65.156.210
1170,66,1649320090.217932000,10.11.219.6
1171,-2802,1649320090.220056000,18.65.156.210
1172,66,1649320090.220070000,10.11.219.6
1173,-4170,1649320090.220175000,18.65.156.210
1174,66,1649320090.220183000,10.11.219.6
1175,-13746,1649320090.220193000,18.65.156.210
1176,66,1649320090.220196000,10.11.219.6
1177,-2802,1649320090.222269000,18.65.156.210
1178,66,1649320090.222282000,10.11.219.6
1179,-8274,1649320090.222407000,18.65.156.210
1180,66,1649320090.222414000,10.11.219.6
1181,-66,1649320090.222423000,18.65.123.10
1182,-2802,1649320090.222430000,18.65.123.10
1183,66,1649320090.222434000,10.11.219.6
1184,-1328,1649320090.222459000,18.65.123.10
1185,66,1649320090.222465000,10.11.219.6
1186,-1434,1649320090.222469000,18.65.156.210
1187,66,1649320090.222471000,10.11.219.6
1188,-5538,1649320090.222475000,18.65.156.210
1189,66,1649320090.222477000,10.11.219.6
1190,169,1649320090.224981000,10.11.219.6
1191,130,1649320090.226086000,10.11.219.6
1192,518,1649320090.226210000,10.11.219.6
1193,-19218,1649320090.229250000,18.65.156.210
1194,66,1649320090.229306000,10.11.219.6
1195,-8274,1649320090.229468000,18.65.156.210
1196,66,1649320090.229499000,10.11.219.6
1197,-2802,1649320090.232699000,18.65.156.210
1198,66,1649320090.232730000,10.11.219.6
1199,-2802,1649320090.232759000,18.65.156.210
1200,66,1649320090.232764000,10.11.219.6
1201,200,1649320090.233573000,10.11.219.6
1202,74,1649320090.233689000,10.11.219.6
1203,-13746,1649320090.237027000,18.65.156.210
1204,66,1649320090.237040000,10.11.219.6
1205,-8274,1649320090.239511000,18.65.156.210
1206,66,1649320090.239516000,10.11.219.6
1207,-4170,1649320090.239525000,18.65.156.210
1208,66,1649320090.239527000,10.11.219.6
1209,-9642,1649320090.241679000,18.65.156.210
1210,66,1649320090.241691000,10.11.219.6
1211,-8274,1649320090.241702000,18.65.156.210
1212,66,1649320090.241704000,10.11.219.6
1213,-387,1649320090.241710000,18.65.110.227
1214,78,1649320090.241715000,10.11.219.6
1215,-1434,1649320090.241717000,18.65.110.227
1216,66,1649320090.241719000,10.11.219.6
1217,-5538,1649320090.241733000,18.65.156.210
1218,66,1649320090.241735000,10.11.219.6
1219,-5538,1649320090.242692000,18.65.156.210
1220,66,1649320090.242704000,10.11.219.6
1221,-1434,1649320090.246114000,18.65.156.210
1222,66,1649320090.246128000,10.11.219.6
1223,-15114,1649320090.246145000,18.65.156.210
1224,66,1649320090.246148000,10.11.219.6
1225,-5538,1649320090.248290000,18.65.156.210
1226,66,1649320090.248337000,10.11.219.6
1227,-4170,1649320090.248443000,18.65.156.210
1228,66,1649320090.248456000,10.11.219.6
1229,-6906,1649320090.248465000,18.65.156.210
1230,66,1649320090.248469000,10.11.219.6
1231,-2802,1649320090.250826000,18.65.156.210
1232,66,1649320090.250836000,10.11.219.6
1233,-2802,1649320090.250852000,18.65.156.210
1234,66,1649320090.250863000,10.11.219.6
1235,-2802,1649320090.250883000,18.65.156.210
1236,66,1649320090.250888000,10.11.219.6
1237,-11000,1649320090.256367000,18.65.156.210
1238,66,1649320090.256379000,10.11.219.6
1239,-66,1649320090.256401000,18.65.123.10
1240,-66,1649320090.256408000,18.65.123.10
1241,-258,1649320090.256411000,18.65.156.210
1242,66,1649320090.256414000,10.11.219.6
1243,-310,1649320090.256418000,18.65.156.210
1244,78,1649320090.256421000,10.11.219.6
1245,-1434,1649320090.256423000,18.65.156.210
1246,66,1649320090.256429000,10.11.219.6
1247,-97,1649320090.256432000,18.65.156.210
1248,66,1649320090.256434000,10.11.219.6
1249,-675,1649320090.256436000,18.65.123.10
1250,66,1649320090.256439000,10.11.219.6
1251,-90,1649320090.256441000,18.65.123.10
1252,-6906,1649320090.256470000,18.65.156.210
1253,66,1649320090.256475000,10.11.219.6
1254,-11010,1649320090.256505000,18.65.156.210
1255,66,1649320090.256508000,10.11.219.6
1256,90,1649320090.256989000,10.11.219.6
1257,66,1649320090.257010000,10.11.219.6
1258,-6906,1649320090.258968000,18.65.156.210
1259,66,1649320090.258978000,10.11.219.6
1260,-9642,1649320090.258993000,18.65.156.210
1261,66,1649320090.258997000,10.11.219.6
1262,74,1649320090.259356000,10.11.219.6
1263,-15114,1649320090.260948000,18.65.156.210
1264,66,1649320090.260957000,10.11.219.6
1265,-2802,1649320090.263355000,18.65.156.210
1266,66,1649320090.263379000,10.11.219.6
1267,-1434,1649320090.265868000,18.65.156.210
1268,66,1649320090.265904000,10.11.219.6
1269,-74,1649320090.265938000,18.65.156.210
1270,66,1649320090.265976000,10.11.219.6
1271,-16472,1649320090.265996000,18.65.156.210
1272,66,1649320090.266011000,10.11.219.6
1273,-1434,1649320090.266028000,18.65.156.210
1274,66,1649320090.266039000,10.11.219.6
1275,-8274,1649320090.266136000,18.65.156.210
1276,66,1649320090.266167000,10.11.219.6
1277,-2802,1649320090.268186000,18.65.156.210
1278,66,1649320090.268199000,10.11.219.6
1279,-4160,1649320090.268282000,18.65.156.210
1280,66,1649320090.268285000,10.11.219.6
1281,-9642,1649320090.268291000,18.65.156.210
1282,66,1649320090.268294000,10.11.219.6
1283,583,1649320090.270247000,10.11.219.6
1284,-2802,1649320090.270314000,18.65.156.210
1285,66,1649320090.270319000,10.11.219.6
1286,-6502,1649320090.270550000,18.65.156.210
1287,66,1649320090.270555000,10.11.219.6
1288,-6906,1649320090.270563000,18.65.156.210
1289,66,1649320090.270659000,10.11.219.6
1290,-4170,1649320090.273197000,18.65.156.210
1291,66,1649320090.273207000,10.11.219.6
1292,-11010,1649320090.273285000,18.65.156.210
1293,66,1649320090.273307000,10.11.219.6
1294,-2802,1649320090.275597000,18.65.156.210
1295,66,1649320090.275606000,10.11.219.6
1296,-13746,1649320090.277993000,18.65.156.210
1297,66,1649320090.278060000,10.11.219.6
1298,-11010,1649320090.278083000,18.65.156.210
1299,-2802,1649320090.278095000,18.65.156.210
1300,66,1649320090.278960000,10.11.219.6
1301,-5538,1649320090.280062000,18.65.156.210
1302,66,1649320090.280117000,10.11.219.6
1303,-1434,1649320090.280383000,18.65.156.210
1304,66,1649320090.280391000,10.11.219.6
1305,-9642,1649320090.280406000,18.65.156.210
1306,66,1649320090.280427000,10.11.219.6
1307,-5538,1649320090.282695000,18.65.156.210
1308,66,1649320090.282736000,10.11.219.6
1309,-1434,1649320090.282842000,18.65.156.210
1310,-8274,1649320090.282862000,18.65.156.210
1311,66,1649320090.282907000,10.11.219.6
1312,-16482,1649320090.287693000,18.65.156.210
1313,-54,1649320090.287735000,18.65.123.10
1314,-2802,1649320090.287754000,18.65.156.210
1315,66,1649320090.287775000,10.11.219.6
1316,-11010,1649320090.287795000,18.65.156.210
1317,66,1649320090.287876000,10.11.219.6
1318,-2802,1649320090.289854000,18.65.156.210
1319,66,1649320090.289867000,10.11.219.6
1320,-8274,1649320090.292091000,18.65.156.210
1321,-74,1649320090.292100000,18.65.123.10
1322,66,1649320090.292117000,10.11.219.6
1323,-8274,1649320090.292130000,18.65.156.210
1324,66,1649320090.292138000,10.11.219.6
1325,-6906,1649320090.292154000,18.65.156.210
1326,-2802,1649320090.292156000,18.65.156.210
1327,66,1649320090.292323000,10.11.219.6
1328,-2802,1649320090.294175000,18.65.156.210
1329,66,1649320090.294194000,10.11.219.6
1330,-1434,1649320090.294210000,18.65.156.210
1331,-341,1649320090.294213000,18.65.156.210
1332,78,1649320090.294219000,10.11.219.6
1333,-66,1649320090.294223000,18.65.156.210
1334,-2802,1649320090.294230000,18.65.156.210
1335,66,1649320090.294233000,10.11.219.6
1336,-1434,1649320090.294237000,18.65.156.210
1337,66,1649320090.294242000,10.11.219.6
1338,-1177,1649320090.294250000,18.65.156.210
1339,66,1649320090.294253000,10.11.219.6
1340,-1434,1649320090.294257000,18.65.156.210
1341,66,1649320090.294261000,10.11.219.6
1342,583,1649320090.296565000,10.11.219.6
1343,-66,1649320090.301888000,18.65.123.10
1344,-2802,1649320090.301900000,18.65.123.10
1345,66,1649320090.301914000,10.11.219.6
1346,-1328,1649320090.301938000,18.65.123.10
1347,66,1649320090.301944000,10.11.219.6
1348,130,1649320090.303042000,10.11.219.6
1349,253,1649320090.303499000,10.11.219.6
1350,130,1649320090.306731000,10.11.219.6
1351,-66,1649320090.306770000,18.65.156.210
1352,-128,1649320090.306781000,18.65.156.210
1353,66,1649320090.306788000,10.11.219.6
1354,90,1649320090.307009000,10.11.219.6
1355,66,1649320090.307033000,10.11.219.6
1356,517,1649320090.307236000,10.11.219.6
1357,-66,1649320090.308920000,18.65.156.210
1358,-97,1649320090.308934000,18.65.156.210
1359,54,1649320090.308954000,10.11.219.6
1360,-66,1649320090.309508000,18.65.123.10
1361,-66,1649320090.309521000,18.65.156.210
1362,54,1649320090.309538000,10.11.219.6
1363,-66,1649320090.311003000,18.65.156.210
1364,54,1649320090.311026000,10.11.219.6
1365,-66,1649320090.311799000,18.65.123.10
1366,-772,1649320090.311815000,18.65.123.10
1367,66,1649320090.311825000,10.11.219.6
1368,-90,1649320090.311846000,18.65.123.10
1369,90,1649320090.312197000,10.11.219.6
1370,66,1649320090.312236000,10.11.219.6
1371,-54,1649320090.317242000,18.65.123.10
1372,-74,1649320090.326747000,54.71.91.162
1373,66,1649320090.326774000,10.11.219.6
1374,583,1649320090.330982000,10.11.219.6
1375,-66,1649320090.554262000,54.71.91.162
1376,-1407,1649320090.554273000,54.71.91.162
1377,78,1649320090.554282000,10.11.219.6
1378,-4170,1649320090.554296000,54.71.91.162
1379,66,1649320090.554303000,10.11.219.6
1380,192,1649320090.557812000,10.11.219.6
1381,-324,1649320090.760111000,54.71.91.162
1382,66,1649320090.760119000,10.11.219.6
1383,-135,1649320090.760122000,54.71.91.162
1384,66,1649320090.760124000,10.11.219.6
1385,243,1649320090.800942000,10.11.219.6
1386,507,1649320090.800975000,10.11.219.6
1387,-306,1649320090.801407000,18.65.110.227
1388,78,1649320090.801423000,10.11.219.6
1389,-1434,1649320090.801436000,18.65.110.227
1390,66,1649320090.801446000,10.11.219.6
1391,-1434,1649320090.801451000,18.65.110.227
1392,66,1649320090.801456000,10.11.219.6
1393,-742,1649320090.801460000,18.65.110.227
1394,78,1649320090.801463000,10.11.219.6
1395,-1434,1649320090.801467000,18.65.110.227
1396,66,1649320090.801470000,10.11.219.6
1397,-2409,1649320090.801474000,18.65.110.227
1398,66,1649320090.801478000,10.11.219.6
1399,-1434,1649320090.801481000,18.65.110.227
1400,66,1649320090.801484000,10.11.219.6
1401,-2406,1649320090.801510000,18.65.110.227
1402,66,1649320090.801513000,10.11.219.6
1403,104,1649320090.801742000,10.11.219.6
1404,-5538,1649320090.812744000,18.65.110.227
1405,66,1649320090.812767000,10.11.219.6
1406,-1434,1649320090.812909000,18.65.110.227
1407,66,1649320090.812916000,10.11.219.6
1408,-884,1649320090.812922000,18.65.110.227
1409,78,1649320090.812927000,10.11.219.6
1410,-1434,1649320090.812933000,18.65.110.227
1411,66,1649320090.812936000,10.11.219.6
1412,191,1649320090.824255000,10.11.219.6
1413,-4170,1649320090.829639000,18.65.156.210
1414,66,1649320090.829690000,10.11.219.6
1415,-2802,1649320090.829744000,18.65.156.210
1416,66,1649320090.829753000,10.11.219.6
1417,-9632,1649320090.831841000,18.65.156.210
1418,66,1649320090.831889000,10.11.219.6
1419,-5538,1649320090.831935000,18.65.156.210
1420,66,1649320090.831942000,10.11.219.6
1421,-8274,1649320090.832030000,18.65.156.210
1422,66,1649320090.832042000,10.11.219.6
1423,202,1649320090.833113000,10.11.219.6
1424,74,1649320090.833161000,10.11.219.6
1425,-2792,1649320090.835614000,18.65.156.210
1426,66,1649320090.835627000,10.11.219.6
1427,-1434,1649320090.835650000,18.65.156.210
1428,-99,1649320090.835652000,18.65.156.210
1429,78,1649320090.835657000,10.11.219.6
1430,-1434,1649320090.835660000,18.65.156.210
1431,66,1649320090.835662000,10.11.219.6
1432,-934,1649320090.837294000,18.65.156.210
1433,-74,1649320090.837307000,18.65.156.210
1434,66,1649320090.837320000,10.11.219.6
1435,583,1649320090.839956000,10.11.219.6
1436,-66,1649320090.844136000,18.65.156.210
1437,-4170,1649320090.844148000,18.65.156.210
1438,66,1649320090.844164000,10.11.219.6
1439,-1177,1649320090.846974000,18.65.156.210
1440,66,1649320090.846997000,10.11.219.6
1441,130,1649320090.850227000,10.11.219.6
1442,253,1649320090.850482000,10.11.219.6
1443,-66,1649320090.853322000,18.65.156.210
1444,-128,1649320090.853334000,18.65.156.210
1445,66,1649320090.853342000,10.11.219.6
1446,-66,1649320090.853356000,18.65.156.210
1447,-97,1649320090.853360000,18.65.156.210
1448,66,1649320090.853364000,10.11.219.6
1449,90,1649320090.853462000,10.11.219.6
1450,66,1649320090.853477000,10.11.219.6
1451,-66,1649320090.858594000,18.65.156.210
1452,-66,1649320090.858609000,18.65.156.210
1453,66,1649320090.858621000,10.11.219.6
1454,66,1649320090.877421000,10.11.219.6
1455,155,1649320090.886039000,10.11.219.6
1456,244,1649320090.886303000,10.11.219.6
1457,155,1649320090.886495000,10.11.219.6
1458,-66,1649320090.892513000,18.65.156.210
1459,-980,1649320090.892535000,18.65.156.210
1460,66,1649320090.892552000,10.11.219.6
1461,-4170,1649320090.892580000,18.65.156.210
1462,66,1649320090.892589000,10.11.219.6
1463,-2802,1649320090.892631000,18.65.156.210
1464,66,1649320090.892637000,10.11.219.6
1465,-548,1649320090.892642000,18.65.156.210
1466,78,1649320090.892647000,10.11.219.6
1467,-1434,1649320090.892651000,18.65.156.210
1468,66,1649320090.892655000,10.11.219.6
1469,-5538,1649320090.892660000,18.65.156.210
1470,66,1649320090.892663000,10.11.219.6
1471,-11000,1649320090.894860000,18.65.156.210
1472,66,1649320090.894883000,10.11.219.6
1473,-517,1649320090.894922000,18.65.156.210
1474,66,1649320090.894939000,10.11.219.6
1475,-4170,1649320090.894948000,18.65.156.210
1476,66,1649320090.894954000,10.11.219.6
1477,-2802,1649320090.897720000,18.65.156.210
1478,66,1649320090.897737000,10.11.219.6
1479,-9632,1649320090.897825000,18.65.156.210
1480,66,1649320090.897831000,10.11.219.6
1481,-4170,1649320090.897838000,18.65.156.210
1482,66,1649320090.897841000,10.11.219.6
1483,-367,1649320090.897848000,18.65.156.210
1484,78,1649320090.897868000,10.11.219.6
1485,-1434,1649320090.900182000,18.65.156.210
1486,66,1649320090.900206000,10.11.219.6
1487,-4170,1649320090.900231000,18.65.110.227
1488,66,1649320090.900239000,10.11.219.6
1489,-11010,1649320090.900278000,18.65.110.227
1490,66,1649320090.900287000,10.11.219.6
1491,-1424,1649320090.901863000,18.65.110.227
1492,66,1649320090.901877000,10.11.219.6
1493,-389,1649320090.901899000,18.65.110.227
1494,78,1649320090.901903000,10.11.219.6
1495,-1434,1649320090.901907000,18.65.110.227
1496,66,1649320090.901911000,10.11.219.6
1497,156,1649320090.914742000,10.11.219.6
1498,-121,1649320090.919113000,18.65.156.210
1499,78,1649320090.919143000,10.11.219.6
1500,-1434,1649320090.919166000,18.65.156.210
1501,66,1649320090.919182000,10.11.219.6
1502,-97,1649320090.919188000,18.65.156.210
1503,66,1649320090.919195000,10.11.219.6
1504,174,1649320090.920932000,10.11.219.6
1505,194,1649320090.921171000,10.11.219.6
1506,189,1649320090.923469000,10.11.219.6
1507,-66,1649320090.924334000,54.71.91.162
1508,-104,1649320090.924348000,54.71.91.162
1509,66,1649320090.924355000,10.11.219.6
1510,-66,1649320090.924369000,18.65.156.210
1511,-698,1649320090.926218000,18.65.156.210
1512,66,1649320090.926231000,10.11.219.6
1513,-9642,1649320090.926249000,18.65.156.210
1514,66,1649320090.926253000,10.11.219.6
1515,-163,1649320090.928305000,18.65.156.210
1516,78,1649320090.928319000,10.11.219.6
1517,-1434,1649320090.928337000,18.65.156.210
1518,66,1649320090.928341000,10.11.219.6
1519,-2559,1649320090.928345000,18.65.156.210
1520,66,1649320090.928349000,10.11.219.6
1521,-236,1649320090.928353000,54.71.91.162
1522,66,1649320090.928356000,10.11.219.6
1523,-104,1649320090.928358000,54.71.91.162
1524,66,1649320090.928360000,10.11.219.6
1525,850,1649320091.135991000,10.11.219.6
1526,-66,1649320091.141377000,18.65.110.227
1527,194,1649320091.151281000,10.11.219.6
1528,181,1649320091.152098000,10.11.219.6
1529,-2802,1649320091.156277000,18.65.156.210
1530,66,1649320091.156301000,10.11.219.6
1531,-8274,1649320091.156346000,18.65.156.210
1532,66,1649320091.156353000,10.11.219.6
1533,-2802,1649320091.158700000,18.65.156.210
1534,66,1649320091.158717000,10.11.219.6
1535,-2792,1649320091.158851000,18.65.156.210
1536,66,1649320091.158856000,10.11.219.6
1537,-16472,1649320091.158866000,18.65.156.210
1538,66,1649320091.158873000,10.11.219.6
1539,-19218,1649320091.161281000,18.65.156.210
1540,66,1649320091.161299000,10.11.219.6
1541,-101,1649320091.161337000,18.65.156.210
1542,78,1649320091.161350000,10.11.219.6
1543,-1434,1649320091.161356000,18.65.156.210
1544,66,1649320091.161361000,10.11.219.6
1545,-1434,1649320091.161365000,18.65.156.210
1546,66,1649320091.161370000,10.11.219.6
1547,-3545,1649320091.162004000,18.65.156.210
1548,66,1649320091.162014000,10.11.219.6
1549,157,1649320091.272244000,10.11.219.6
1550,-8274,1649320091.279369000,18.65.156.210
1551,66,1649320091.279430000,10.11.219.6
1552,-8264,1649320091.279623000,18.65.156.210
1553,66,1649320091.279641000,10.11.219.6
1554,-5538,1649320091.279662000,18.65.156.210
1555,66,1649320091.279671000,10.11.219.6
1556,-2802,1649320091.283596000,18.65.156.210
1557,66,1649320091.283616000,10.11.219.6
1558,-8264,1649320091.283748000,18.65.156.210
1559,66,1649320091.283752000,10.11.219.6
1560,-13746,1649320091.283759000,18.65.156.210
1561,66,1649320091.283761000,10.11.219.6
1562,-2802,1649320091.285748000,18.65.156.210
1563,66,1649320091.285766000,10.11.219.6
1564,-8274,1649320091.285898000,18.65.156.210
1565,66,1649320091.285901000,10.11.219.6
1566,-11010,1649320091.285906000,18.65.156.210
1567,66,1649320091.285908000,10.11.219.6
1568,-2802,1649320091.288188000,18.65.156.210
1569,66,1649320091.288208000,10.11.219.6
1570,-11010,1649320091.288310000,18.65.156.210
1571,66,1649320091.288313000,10.11.219.6
1572,-8274,1649320091.288343000,18.65.156.210
1573,66,1649320091.288346000,10.11.219.6
1574,-5538,1649320091.290838000,18.65.156.210
1575,66,1649320091.290864000,10.11.219.6
1576,-11010,1649320091.290958000,18.65.156.210
1577,-5538,1649320091.290971000,18.65.156.210
1578,66,1649320091.290974000,10.11.219.6
1579,66,1649320091.291054000,10.11.219.6
1580,-4170,1649320091.293948000,18.65.156.210
1581,66,1649320091.293966000,10.11.219.6
1582,-15114,1649320091.294073000,18.65.156.210
1583,-1434,1649320091.294081000,18.65.156.210
1584,66,1649320091.294597000,10.11.219.6
1585,-2802,1649320091.295024000,18.65.156.210
1586,66,1649320091.295041000,10.11.219.6
1587,-1434,1649320091.295056000,18.65.156.210
1588,66,1649320091.295058000,10.11.219.6
1589,-93,1649320091.295060000,18.65.156.210
1590,78,1649320091.295063000,10.11.219.6
1591,-1434,1649320091.295065000,18.65.156.210
1592,66,1649320091.295067000,10.11.219.6
1593,188,1649320091.297793000,10.11.219.6
1594,-674,1649320091.301025000,18.65.156.210
1595,78,1649320091.301049000,10.11.219.6
1596,-1434,1649320091.301064000,18.65.156.210
1597,66,1649320091.301072000,10.11.219.6
1598,155,1649320091.305696000,10.11.219.6
1599,-1410,1649320091.309496000,18.65.156.210
1600,-2802,1649320091.329251000,18.65.110.227
1601,66,1649320091.329269000,10.11.219.6
1602,-565,1649320091.329922000,18.65.110.227
1603,78,1649320091.329936000,10.11.219.6
1604,-1434,1649320091.329946000,18.65.110.227
1605,66,1649320091.329953000,10.11.219.6
1606,-107,1649320091.329966000,18.65.110.227
1607,66,1649320091.329969000,10.11.219.6
1608,-97,1649320091.329971000,18.65.110.227
1609,66,1649320091.329974000,10.11.219.6
1610,66,1649320091.357425000,10.11.219.6
1611,-995,1649320091.439364000,18.65.110.227
1612,66,1649320091.439389000,10.11.219.6
1613,-2504,1649320091.449240000,18.65.110.227
1614,66,1649320091.449260000,10.11.219.6
1615,74,1649320091.453621000,10.11.219.6
1616,-74,1649320091.457438000,18.65.121.79
1617,66,1649320091.457456000,10.11.219.6
1618,583,1649320091.459320000,10.11.219.6
1619,-66,1649320091.466356000,18.65.121.79
1620,-5538,1649320091.466395000,18.65.121.79
1621,66,1649320091.466439000,10.11.219.6
1622,-567,1649320091.466492000,18.65.121.79
1623,66,1649320091.466512000,10.11.219.6
1624,130,1649320091.473848000,10.11.219.6
1625,501,1649320091.473979000,10.11.219.6
1626,-66,1649320091.478771000,18.65.121.79
1627,-66,1649320091.478787000,18.65.121.79
1628,-5538,1649320091.485131000,18.65.121.79
1629,66,1649320091.485152000,10.11.219.6
1630,-2802,1649320091.489843000,18.65.121.79
1631,66,1649320091.489860000,10.11.219.6
1632,-8264,1649320091.489998000,18.65.121.79
1633,66,1649320091.490004000,10.11.219.6
1634,-15114,1649320091.490015000,18.65.121.79
1635,66,1649320091.490020000,10.11.219.6
1636,-4170,1649320091.490036000,18.65.121.79
1637,66,1649320091.490039000,10.11.219.6
1638,-5538,1649320091.491132000,18.65.121.79
1639,66,1649320091.491143000,10.11.219.6
1640,-2802,1649320091.494598000,18.65.121.79
1641,66,1649320091.494621000,10.11.219.6
1642,-7977,1649320091.494670000,18.65.121.79
1643,66,1649320091.494677000,10.11.219.6
1644,74,1649320091.563441000,10.11.219.6
1645,-74,1649320091.569161000,18.65.106.74
1646,66,1649320091.569184000,10.11.219.6
1647,583,1649320091.571124000,10.11.219.6
1648,-66,1649320091.577375000,18.65.106.74
1649,-2802,1649320091.577385000,18.65.106.74
1650,66,1649320091.577394000,10.11.219.6
1651,-2802,1649320091.577436000,18.65.106.74
1652,66,1649320091.577441000,10.11.219.6
1653,-567,1649320091.580150000,18.65.106.74
1654,66,1649320091.580186000,10.11.219.6
1655,130,1649320091.587607000,10.11.219.6
1656,531,1649320091.587851000,10.11.219.6
1657,-66,1649320091.594502000,18.65.106.74
1658,-66,1649320091.594518000,18.65.106.74
1659,-2802,1649320091.594523000,18.65.106.74
1660,66,1649320091.594534000,10.11.219.6
1661,-543,1649320091.594562000,18.65.106.74
1662,78,1649320091.594584000,10.11.219.6
1663,-1434,1649320091.594601000,18.65.106.74
1664,66,1649320091.594613000,10.11.219.6
1665,172,1649320091.620617000,10.11.219.6
1666,270,1649320091.623532000,10.11.219.6
1667,1052,1649320091.623596000,10.11.219.6
1668,653,1649320091.623887000,10.11.219.6
1669,-8274,1649320091.628778000,18.65.156.210
1670,66,1649320091.628821000,10.11.219.6
1671,-5538,1649320091.628871000,18.65.156.210
1672,66,1649320091.628879000,10.11.219.6
1673,-940,1649320091.628885000,18.65.156.210
1674,78,1649320091.628889000,10.11.219.6
1675,-1434,1649320091.628892000,18.65.156.210
1676,66,1649320091.628905000,10.11.219.6
1677,-66,1649320091.629115000,18.65.110.227
1678,-66,1649320091.629124000,18.65.110.227
1679,-66,1649320091.629128000,18.65.110.227
1680,-1016,1649320091.648931000,18.65.110.227
1681,66,1649320091.648959000,10.11.219.6
1682,-8274,1649320091.650817000,18.65.110.227
1683,66,1649320091.650876000,10.11.219.6
1684,-6551,1649320091.650982000,18.65.110.227
1685,66,1649320091.650994000,10.11.219.6
1686,164,1649320091.658723000,10.11.219.6
1687,164,1649320091.659165000,10.11.219.6
1688,-66,1649320091.664672000,18.65.156.210
1689,-4765,1649320091.664717000,18.65.156.210
1690,66,1649320091.664751000,10.11.219.6
1691,-3841,1649320091.664821000,18.65.156.210
1692,66,1649320091.664843000,10.11.219.6
1693,-165,1649320091.664869000,18.65.156.210
1694,66,1649320091.664875000,10.11.219.6
1695,-97,1649320091.664881000,18.65.156.210
1696,66,1649320091.664886000,10.11.219.6
1697,152,1649320091.665384000,10.11.219.6
1698,-1434,1649320091.669351000,18.65.156.210
1699,66,1649320091.669367000,10.11.219.6
1700,-251,1649320091.669384000,18.65.156.210
1701,78,1649320091.669388000,10.11.219.6
1702,-1434,1649320091.669392000,18.65.156.210
1703,66,1649320091.669395000,10.11.219.6
1704,-8274,1649320091.749585000,18.65.110.227
1705,66,1649320091.749628000,10.11.219.6
1706,-8264,1649320091.749738000,18.65.110.227
1707,66,1649320091.749745000,10.11.219.6
1708,-5538,1649320091.749753000,18.65.110.227
1709,66,1649320091.749758000,10.11.219.6
1710,-4053,1649320091.751920000,18.65.110.227
1711,66,1649320091.751937000,10.11.219.6
1712,-1434,1649320091.751969000,18.65.110.227
1713,-10909,1649320091.752030000,18.65.110.227
1714,66,1649320091.752124000,10.11.219.6
1715,-519,1649320091.759499000,18.65.110.227
1716,78,1649320091.759513000,10.11.219.6
1717,-1434,1649320091.759525000,18.65.110.227
1718,66,1649320091.759532000,10.11.219.6
1719,-97,1649320091.759536000,18.65.110.227
1720,66,1649320091.759778000,10.11.219.6
1721,164,1649320091.760340000,10.11.219.6
1722,165,1649320091.763974000,10.11.219.6
1723,164,1649320091.768426000,10.11.219.6
1724,-2802,1649320091.768530000,18.65.110.227
1725,66,1649320091.768603000,10.11.219.6
1726,-13736,1649320091.768700000,18.65.110.227
1727,-100,1649320091.768719000,18.65.110.227
1728,-6374,1649320091.768721000,18.65.156.210
1729,66,1649320091.768729000,10.11.219.6
1730,66,1649320091.768736000,10.11.219.6
1731,-5538,1649320091.769944000,18.65.156.210
1732,66,1649320091.769955000,10.11.219.6
1733,-199,1649320091.769963000,18.65.156.210
1734,78,1649320091.769982000,10.11.219.6
1735,-1434,1649320091.769984000,18.65.156.210
1736,66,1649320091.769986000,10.11.219.6
1737,-716,1649320091.769988000,18.65.156.210
1738,66,1649320091.769990000,10.11.219.6
1739,164,1649320091.770281000,10.11.219.6
1740,165,1649320091.770785000,10.11.219.6
1741,164,1649320091.771057000,10.11.219.6
1742,-2802,1649320091.773870000,18.65.156.210
1743,66,1649320091.773892000,10.11.219.6
1744,-4170,1649320091.773932000,18.65.156.210
1745,66,1649320091.773938000,10.11.219.6
1746,-600,1649320091.773943000,18.65.156.210
1747,78,1649320091.773948000,10.11.219.6
1748,-1434,1649320091.773951000,18.65.156.210
1749,66,1649320091.773961000,10.11.219.6
1750,-66,1649320091.778726000,18.65.156.210
1751,-866,1649320091.778770000,18.65.156.210
1752,66,1649320091.778797000,10.11.219.6
1753,-4170,1649320091.778848000,18.65.156.210
1754,160,1649320091.778891000,10.11.219.6
1755,66,1649320091.778930000,10.11.219.6
1756,-1434,1649320091.778963000,18.65.156.210
1757,-559,1649320091.778979000,18.65.156.210
1758,78,1649320091.779001000,10.11.219.6
1759,-1434,1649320091.779019000,18.65.156.210
1760,66,1649320091.779030000,10.11.219.6
1761,-97,1649320091.779036000,18.65.156.210
1762,-8051,1649320091.779047000,18.65.156.210
1763,66,1649320091.779059000,10.11.219.6
1764,-97,1649320091.779132000,18.65.156.210
1765,160,1649320091.780667000,10.11.219.6
1766,160,1649320091.783106000,10.11.219.6
1767,-1434,1649320091.783217000,18.65.156.210
1768,-1106,1649320091.783230000,18.65.156.210
1769,78,1649320091.783238000,10.11.219.6
1770,-1434,1649320091.783248000,18.65.156.210
1771,66,1649320091.783253000,10.11.219.6
1772,-807,1649320091.783257000,18.65.156.210
1773,78,1649320091.783260000,10.11.219.6
1774,-1434,1649320091.783291000,18.65.156.210
1775,159,1649320091.783297000,10.11.219.6
1776,160,1649320091.784203000,10.11.219.6
1777,160,1649320091.784690000,10.11.219.6
1778,159,1649320091.784985000,10.11.219.6
1779,160,1649320091.785364000,10.11.219.6
1780,159,1649320091.787884000,10.11.219.6
1781,-705,1649320091.787998000,18.65.156.210
1782,78,1649320091.788016000,10.11.219.6
1783,-1434,1649320091.788030000,18.65.156.210
1784,66,1649320091.788037000,10.11.219.6
1785,-66,1649320091.788044000,18.65.156.210
1786,-2802,1649320091.788047000,18.65.156.210
1787,66,1649320091.788064000,10.11.219.6
1788,152,1649320091.788663000,10.11.219.6
1789,254,1649320091.788791000,10.11.219.6
1790,-6742,1649320091.788801000,18.65.156.210
1791,-97,1649320091.788807000,18.65.156.210
1792,-6269,1649320091.788811000,18.65.156.210
1793,-97,1649320091.788816000,18.65.156.210
1794,66,1649320091.788879000,10.11.219.6
1795,-5538,1649320091.791911000,18.65.156.210
1796,66,1649320091.791930000,10.11.219.6
1797,-6689,1649320091.791990000,18.65.156.210
1798,-97,1649320091.791993000,18.65.156.210
1799,-66,1649320091.791994000,18.65.156.210
1800,66,1649320091.792020000,10.11.219.6
1801,-2802,1649320091.794697000,18.65.156.210
1802,66,1649320091.794764000,10.11.219.6
1803,-4170,1649320091.794856000,18.65.156.210
1804,-531,1649320091.794861000,18.65.156.210
1805,78,1649320091.794869000,10.11.219.6
1806,-1434,1649320091.794876000,18.65.156.210
1807,66,1649320091.794882000,10.11.219.6
1808,-9642,1649320091.794891000,18.65.156.210
1809,-385,1649320091.794911000,18.65.156.210
1810,78,1649320091.794917000,10.11.219.6
1811,-1434,1649320091.794922000,18.65.156.210
1812,66,1649320091.794927000,10.11.219.6
1813,-97,1649320091.794931000,18.65.156.210
1814,-2802,1649320091.794933000,18.65.156.210
1815,66,1649320091.794986000,10.11.219.6
1816,-5538,1649320091.797530000,18.65.156.210
1817,66,1649320091.797551000,10.11.219.6
1818,-76,1649320091.797572000,18.65.156.210
1819,78,1649320091.797581000,10.11.219.6
1820,-1434,1649320091.797621000,18.65.156.210
1821,66,1649320091.797627000,10.11.219.6
1822,-97,1649320091.797631000,18.65.156.210
1823,-66,1649320091.797634000,18.65.156.210
1824,-5538,1649320091.797641000,18.65.156.210
1825,66,1649320091.797647000,10.11.219.6
1826,-473,1649320091.797651000,18.65.156.210
1827,78,1649320091.797665000,10.11.219.6
1828,-678,1649320091.797703000,18.65.156.210
1829,-1434,1649320091.797706000,18.65.156.210
1830,66,1649320091.797710000,10.11.219.6
1831,-5538,1649320091.797716000,18.65.156.210
1832,66,1649320091.798405000,10.11.219.6
1833,-4170,1649320091.800139000,18.65.156.210
1834,66,1649320091.800153000,10.11.219.6
1835,-738,1649320091.800170000,18.65.156.210
1836,78,1649320091.800175000,10.11.219.6
1837,-1434,1649320091.800179000,18.65.156.210
1838,66,1649320091.800182000,10.11.219.6
1839,-97,1649320091.800184000,18.65.156.210
1840,-3951,1649320091.800186000,18.65.156.210
1841,-97,1649320091.800192000,18.65.156.210
1842,66,1649320091.800216000,10.11.219.6
1843,184,1649320091.803641000,10.11.219.6
1844,178,1649320091.803844000,10.11.219.6
1845,239,1649320091.806700000,10.11.219.6
1846,167,1649320091.807576000,10.11.219.6
1847,-2802,1649320091.808678000,18.65.156.210
1848,66,1649320091.808737000,10.11.219.6
1849,166,1649320091.809009000,10.11.219.6
1850,-6906,1649320091.809112000,18.65.156.210
1851,-8116,1649320091.809129000,18.65.156.210
1852,-4170,1649320091.809150000,18.65.156.210
1853,66,1649320091.809153000,10.11.219.6
1854,66,1649320091.809171000,10.11.219.6
1855,66,1649320091.809206000,10.11.219.6
1856,-2792,1649320091.818327000,18.65.156.210
1857,-6730,1649320091.818350000,18.65.156.210
1858,-1434,1649320091.818358000,18.65.156.210
1859,-671,1649320091.818378000,18.65.156.210
1860,78,1649320091.818392000,10.11.219.6
1861,-85,1649320091.818413000,18.65.156.210
1862,66,1649320091.818414000,10.11.219.6
1863,-1434,1649320091.818415000,18.65.156.210
1864,66,1649320091.818424000,10.11.219.6
1865,-8274,1649320091.818431000,18.65.156.210
1866,78,1649320091.818432000,10.11.219.6
1867,-670,1649320091.818442000,18.65.156.210
1868,78,1649320091.818446000,10.11.219.6
1869,-1434,1649320091.818450000,18.65.156.210
1870,66,1649320091.818453000,10.11.219.6
1871,-1073,1649320091.818456000,18.65.156.210
1872,-97,1649320091.818458000,18.65.156.210
1873,-1434,1649320091.818459000,18.65.156.210
1874,66,1649320091.818463000,10.11.219.6
1875,66,1649320091.819671000,10.11.219.6
1876,180,1649320091.824353000,10.11.219.6
1877,-371,1649320091.830370000,18.65.156.210
1878,78,1649320091.830389000,10.11.219.6
1879,-1434,1649320091.830406000,18.65.156.210
1880,66,1649320091.830415000,10.11.219.6
1881,240,1649320091.839514000,10.11.219.6
1882,-2802,1649320091.845323000,18.65.156.210
1883,-6906,1649320091.845559000,18.65.156.210
1884,-1434,1649320091.845575000,18.65.110.227
1885,-416,1649320091.845585000,18.65.110.227
1886,78,1649320091.845623000,10.11.219.6
1887,-5096,1649320091.845692000,18.65.156.210
1888,-1434,1649320091.845716000,18.65.110.227
1889,66,1649320091.845734000,10.11.219.6
1890,66,1649320091.846541000,10.11.219.6
1891,155,1649320091.856906000,10.11.219.6
1892,-361,1649320091.861454000,18.65.156.210
1893,78,1649320091.861475000,10.11.219.6
1894,-1434,1649320091.861491000,18.65.156.210
1895,66,1649320091.861499000,10.11.219.6
1896,251,1649320091.880438000,10.11.219.6
1897,-2802,1649320091.887425000,18.65.156.210
1898,66,1649320091.887507000,10.11.219.6
1899,-13736,1649320091.887522000,18.65.156.210
1900,66,1649320091.887532000,10.11.219.6
1901,-951,1649320091.887532000,18.65.156.210
1902,153,1649320091.903971000,10.11.219.6
1903,222,1649320091.904133000,10.11.219.6
1904,-2802,1649320091.906994000,18.65.156.210
1905,66,1649320091.907071000,10.11.219.6
1906,-821,1649320091.907388000,18.65.156.210
1907,78,1649320091.907396000,10.11.219.6
1908,-1434,1649320091.907404000,18.65.156.210
1909,66,1649320091.907411000,10.11.219.6
1910,-1434,1649320091.907879000,18.65.156.210
1911,-235,1649320091.907893000,18.65.156.210
1912,78,1649320091.907899000,10.11.219.6
1913,-1434,1649320091.907908000,18.65.156.210
1914,66,1649320091.907912000,10.11.219.6
1915,-97,1649320091.907916000,18.65.156.210
1916,-116,1649320091.947269000,18.65.110.227
1917,66,1649320091.947399000,10.11.219.6
1918,66,1649320091.949449000,10.11.219.6
1919,-4170,1649320091.962640000,18.65.110.227
1920,-152,1649320091.962653000,18.65.110.227
1921,78,1649320091.962660000,10.11.219.6
1922,-1434,1649320091.962677000,18.65.110.227
1923,66,1649320091.962680000,10.11.219.6
1924,-2802,1649320091.969495000,18.65.110.227
1925,66,1649320091.969508000,10.11.219.6
1926,-4170,1649320091.969663000,18.65.110.227
1927,-884,1649320091.969669000,18.65.110.227
1928,78,1649320091.969674000,10.11.219.6
1929,-1434,1649320091.969681000,18.65.110.227
1930,66,1649320091.969684000,10.11.219.6
1931,-12378,1649320091.969688000,18.65.110.227
1932,66,1649320091.969773000,10.11.219.6
1933,-4160,1649320091.971743000,18.65.110.227
1934,66,1649320091.971750000,10.11.219.6
1935,-100,1649320091.971759000,18.65.110.227
1936,-5538,1649320091.971762000,18.65.110.227
1937,-264,1649320091.971769000,18.65.110.227
1938,78,1649320091.971772000,10.11.219.6
1939,-1434,1649320091.971774000,18.65.110.227
1940,66,1649320091.971776000,10.11.219.6
1941,-97,1649320091.971778000,18.65.110.227
1942,66,1649320091.971877000,10.11.219.6
1943,177,1649320091.990993000,10.11.219.6
1944,166,1649320091.991218000,10.11.219.6
1945,74,1649320091.993842000,10.11.219.6
1946,-9501,1649320091.994866000,18.65.156.210
1947,-1434,1649320091.994922000,18.65.156.210
1948,66,1649320091.995045000,10.11.219.6
1949,171,1649320092.002342000,10.11.219.6
1950,-8274,1649320092.005381000,18.65.156.210
1951,-6896,1649320092.005393000,18.65.156.210
1952,-6906,1649320092.005409000,18.65.156.210
1953,-1434,1649320092.005496000,18.65.156.210
1954,-8264,1649320092.005498000,18.65.156.210
1955,-6906,1649320092.005500000,18.65.156.210
1956,66,1649320092.005511000,10.11.219.6
1957,66,1649320092.005719000,10.11.219.6
1958,-1434,1649320092.007560000,18.65.156.210
1959,-8274,1649320092.007575000,18.65.156.210
1960,66,1649320092.007582000,10.11.219.6
1961,-8274,1649320092.007594000,18.65.156.210
1962,-2802,1649320092.007607000,18.65.156.210
1963,66,1649320092.007652000,10.11.219.6
1964,-5538,1649320092.010130000,18.65.156.210
1965,66,1649320092.010143000,10.11.219.6
1966,-356,1649320092.010158000,18.65.156.210
1967,78,1649320092.010164000,10.11.219.6
1968,-679,1649320092.010171000,18.65.156.210
1969,-1434,1649320092.010178000,18.65.156.210
1970,66,1649320092.010186000,10.11.219.6
1971,66,1649320092.010386000,10.11.219.6
1972,157,1649320092.041711000,10.11.219.6
1973,-2802,1649320092.053747000,18.65.156.210
1974,-2802,1649320092.053782000,18.65.156.210
1975,66,1649320092.053819000,10.11.219.6
1976,-11000,1649320092.061364000,18.65.156.210
1977,-2802,1649320092.061391000,18.65.156.210
1978,66,1649320092.061480000,10.11.219.6
1979,-13736,1649320092.068370000,18.65.156.210
1980,66,1649320092.068448000,10.11.219.6
1981,-16482,1649320092.068486000,18.65.156.210
1982,66,1649320092.068550000,10.11.219.6
1983,-4170,1649320092.070650000,18.65.156.210
1984,66,1649320092.070659000,10.11.219.6
1985,-431,1649320092.070671000,18.65.156.210
1986,78,1649320092.070681000,10.11.219.6
1987,-1434,1649320092.070691000,18.65.156.210
1988,66,1649320092.070696000,10.11.219.6
1989,-13746,1649320092.073577000,18.65.156.210
1990,66,1649320092.073629000,10.11.219.6
1991,-11010,1649320092.075898000,18.65.156.210
1992,66,1649320092.075911000,10.11.219.6
1993,-13746,1649320092.076007000,18.65.156.210
1994,66,1649320092.076062000,10.11.219.6
1995,-11010,1649320092.080946000,18.65.156.210
1996,66,1649320092.080974000,10.11.219.6
1997,-16482,1649320092.081088000,18.65.156.210
1998,66,1649320092.081155000,10.11.219.6
1999,-8274,1649320092.083376000,18.65.156.210
2000,66,1649320092.083395000,10.11.219.6
2001,-2802,1649320092.083419000,18.65.156.210
2002,66,1649320092.083466000,10.11.219.6
2003,-19218,1649320092.085646000,18.65.156.210
2004,66,1649320092.085712000,10.11.219.6
2005,-2802,1649320092.088333000,18.65.156.210
2006,66,1649320092.088348000,10.11.219.6
2007,-2802,1649320092.088457000,18.65.156.210
2008,66,1649320092.088464000,10.11.219.6
2009,-11010,1649320092.088474000,18.65.156.210
2010,66,1649320092.088492000,10.11.219.6
2011,-2802,1649320092.095166000,18.65.156.210
2012,66,1649320092.095215000,10.11.219.6
2013,-13746,1649320092.095302000,18.65.156.210
2014,66,1649320092.095502000,10.11.219.6
2015,-2802,1649320092.097604000,18.65.156.210
2016,66,1649320092.097624000,10.11.219.6
2017,-6906,1649320092.097738000,18.65.156.210
2018,-1434,1649320092.097751000,18.65.156.210
2019,-518,1649320092.097755000,18.65.156.210
2020,78,1649320092.097771000,10.11.219.6
2021,-1434,1649320092.097788000,18.65.156.210
2022,66,1649320092.097806000,10.11.219.6
2023,157,1649320092.103667000,10.11.219.6
2024,157,1649320092.103993000,10.11.219.6
2025,178,1649320092.104117000,10.11.219.6
2026,-66,1649320092.111001000,18.65.156.210
2027,-1297,1649320092.111022000,18.65.156.210
2028,-4170,1649320092.111031000,18.65.156.210
2029,-11010,1649320092.111099000,18.65.156.210
2030,66,1649320092.111102000,10.11.219.6
2031,66,1649320092.111141000,10.11.219.6
2032,-1424,1649320092.113523000,18.65.156.210
2033,-13746,1649320092.113634000,18.65.156.210
2034,66,1649320092.113820000,10.11.219.6
2035,-2792,1649320092.114874000,18.65.156.210
2036,66,1649320092.114904000,10.11.219.6
2037,-5538,1649320092.114935000,18.65.156.210
2038,66,1649320092.115024000,10.11.219.6
2039,-5538,1649320092.117439000,18.65.156.210
2040,66,1649320092.117464000,10.11.219.6
2041,-11010,1649320092.117536000,18.65.156.210
2042,66,1649320092.117590000,10.11.219.6
2043,-2802,1649320092.119627000,18.65.156.210
2044,66,1649320092.119645000,10.11.219.6
2045,-5538,1649320092.119663000,18.65.156.210
2046,-8274,1649320092.119701000,18.65.156.210
2047,66,1649320092.119715000,10.11.219.6
2048,66,1649320092.119732000,10.11.219.6
2049,-5538,1649320092.122013000,18.65.156.210
2050,66,1649320092.122024000,10.11.219.6
2051,-5538,1649320092.122101000,18.65.156.210
2052,66,1649320092.122107000,10.11.219.6
2053,-5538,1649320092.122121000,18.65.156.210
2054,66,1649320092.122203000,10.11.219.6
2055,-5238,1649320092.123467000,18.65.156.210
2056,66,1649320092.123473000,10.11.219.6
2057,-66,1649320092.138958000,52.119.174.17
2058,54,1649320092.138990000,10.11.219.6
2059,571,1649320092.141337000,10.11.219.6
2060,359,1649320092.225421000,10.11.219.6
2061,-1434,1649320092.231341000,18.65.110.227
2062,66,1649320092.231404000,10.11.219.6
2063,-331,1649320092.231449000,18.65.110.227
2064,78,1649320092.231466000,10.11.219.6
2065,-1434,1649320092.231480000,18.65.110.227
2066,66,1649320092.231495000,10.11.219.6
2067,352,1649320092.259199000,10.11.219.6
2068,-2802,1649320092.264051000,18.65.156.210
2069,-5538,1649320092.264103000,18.65.156.210
2070,-2802,1649320092.264107000,18.65.156.210
2071,66,1649320092.264163000,10.11.219.6
2072,-5528,1649320092.265634000,18.65.156.210
2073,66,1649320092.265675000,10.11.219.6
2074,-5538,1649320092.268099000,18.65.156.210
2075,66,1649320092.268115000,10.11.219.6
2076,-2802,1649320092.270520000,18.65.156.210
2077,66,1649320092.270530000,10.11.219.6
2078,-2802,1649320092.270543000,18.65.156.210
2079,66,1649320092.270614000,10.11.219.6
2080,-5538,1649320092.270625000,18.65.156.210
2081,-8274,1649320092.270629000,18.65.156.210
2082,66,1649320092.270657000,10.11.219.6
2083,-8274,1649320092.272977000,18.65.156.210
2084,66,1649320092.272990000,10.11.219.6
2085,-2802,1649320092.273014000,18.65.156.210
2086,66,1649320092.273064000,10.11.219.6
2087,-5538,1649320092.275668000,18.65.156.210
2088,66,1649320092.275681000,10.11.219.6
2089,-8274,1649320092.275701000,18.65.156.210
2090,-8274,1649320092.275736000,18.65.156.210
2091,66,1649320092.275757000,10.11.219.6
2092,-2802,1649320092.278484000,18.65.156.210
2093,66,1649320092.278500000,10.11.219.6
2094,-5538,1649320092.278623000,18.65.156.210
2095,-8274,1649320092.278628000,18.65.156.210
2096,-5538,1649320092.278641000,18.65.156.210
2097,66,1649320092.278671000,10.11.219.6
2098,-2802,1649320092.280833000,18.65.156.210
2099,66,1649320092.280866000,10.11.219.6
2100,-5538,1649320092.280906000,18.65.156.210
2101,-1434,1649320092.280961000,18.65.156.210
2102,-5538,1649320092.280971000,18.65.156.210
2103,-869,1649320092.280972000,18.65.156.210
2104,78,1649320092.280980000,10.11.219.6
2105,-1434,1649320092.280985000,18.65.156.210
2106,66,1649320092.280989000,10.11.219.6
2107,-54,1649320092.281165000,52.119.174.17
2108,-54,1649320092.281174000,52.119.174.17
2109,-2774,1649320092.284077000,52.119.174.17
2110,54,1649320092.284091000,10.11.219.6
2111,-3236,1649320092.284128000,52.119.174.17
2112,54,1649320092.284132000,10.11.219.6
2113,180,1649320092.287161000,10.11.219.6
2114,-105,1649320092.512165000,52.119.174.17
2115,54,1649320092.512189000,10.11.219.6
2116,524,1649320092.512587000,10.11.219.6
2117,177,1649320092.553784000,10.11.219.6
2118,-2386,1649320092.556842000,18.65.156.210
2119,66,1649320092.556916000,10.11.219.6
2120,74,1649320092.591444000,10.11.219.6
2121,74,1649320092.676931000,10.11.219.6
2122,74,1649320092.677065000,10.11.219.6
2123,-503,1649320092.681216000,52.119.174.17
2124,54,1649320092.681251000,10.11.219.6
2125,1022,1649320092.691042000,10.11.219.6
2126,1434,1649320092.692628000,10.11.219.6
2127,126,1649320092.692647000,10.11.219.6
2128,1386,1649320092.693741000,10.11.219.6
2129,149,1649320092.707026000,10.11.219.6
2130,-4982,1649320092.711114000,18.65.156.210
2131,66,1649320092.711224000,10.11.219.6
2132,74,1649320092.711625000,10.11.219.6
2133,-66,1649320092.715058000,52.119.166.51
2134,54,1649320092.715099000,10.11.219.6
2135,571,1649320092.718985000,10.11.219.6
2136,74,1649320092.719444000,10.11.219.6
2137,-74,1649320092.723931000,18.65.156.177
2138,66,1649320092.723965000,10.11.219.6
2139,583,1649320092.727240000,10.11.219.6
2140,-66,1649320092.731656000,18.65.156.177
2141,-2802,1649320092.731723000,18.65.156.177
2142,66,1649320092.731809000,10.11.219.6
2143,-2802,1649320092.735462000,18.65.156.177
2144,66,1649320092.735484000,10.11.219.6
2145,-568,1649320092.735511000,18.65.156.177
2146,66,1649320092.735519000,10.11.219.6
2147,130,1649320092.740374000,10.11.219.6
2148,236,1649320092.740817000,10.11.219.6
2149,385,1649320092.740849000,10.11.219.6
2150,-66,1649320092.742873000,18.65.110.227
2151,-66,1649320092.742892000,18.65.156.177
2152,-128,1649320092.742898000,18.65.156.177
2153,66,1649320092.742910000,10.11.219.6
2154,-66,1649320092.742930000,18.65.156.177
2155,-97,1649320092.742935000,18.65.156.177
2156,66,1649320092.742939000,10.11.219.6
2157,-66,1649320092.742945000,18.65.156.177
2158,97,1649320092.743609000,10.11.219.6
2159,-2802,1649320092.745834000,18.65.156.177
2160,66,1649320092.745851000,10.11.219.6
2161,-5538,1649320092.745899000,18.65.156.177
2162,66,1649320092.745909000,10.11.219.6
2163,-145,1649320092.745915000,18.65.156.177
2164,78,1649320092.745921000,10.11.219.6
2165,-1434,1649320092.745925000,18.65.156.177
2166,66,1649320092.745936000,10.11.219.6
2167,-66,1649320092.747047000,18.65.156.177
2168,158,1649320092.791948000,10.11.219.6
2169,157,1649320092.793223000,10.11.219.6
2170,158,1649320092.793695000,10.11.219.6
2171,157,1649320092.794561000,10.11.219.6
2172,158,1649320092.794778000,10.11.219.6
2173,157,1649320092.796689000,10.11.219.6
2174,158,1649320092.797679000,10.11.219.6
2175,-2802,1649320092.798853000,18.65.156.210
2176,66,1649320092.799187000,10.11.219.6
2177,-11010,1649320092.799337000,18.65.156.210
2178,66,1649320092.799994000,10.11.219.6
2179,-2792,1649320092.803764000,18.65.156.210
2180,66,1649320092.803848000,10.11.219.6
2181,-772,1649320092.808834000,18.65.156.210
2182,-4170,1649320092.808844000,18.65.156.210
2183,-2802,1649320092.808913000,18.65.156.210
2184,379,1649320092.808972000,10.11.219.6
2185,66,1649320092.809074000,10.11.219.6
2186,437,1649320092.810744000,10.11.219.6
2187,-9632,1649320092.810881000,18.65.156.210
2188,-1434,1649320092.810895000,18.65.156.210
2189,66,1649320092.810929000,10.11.219.6
2190,-10888,1649320092.811014000,18.65.156.210
2191,-13746,1649320092.811057000,18.65.156.210
2192,66,1649320092.811133000,10.11.219.6
2193,-2792,1649320092.813393000,18.65.156.210
2194,66,1649320092.813427000,10.11.219.6
2195,-4170,1649320092.816649000,18.65.156.210
2196,-345,1649320092.816669000,18.65.156.210
2197,78,1649320092.816689000,10.11.219.6
2198,-1434,1649320092.816718000,18.65.156.210
2199,66,1649320092.816733000,10.11.219.6
2200,-12378,1649320092.816750000,18.65.156.210
2201,-4160,1649320092.816823000,18.65.156.210
2202,-15114,1649320092.816833000,18.65.156.210
2203,66,1649320092.816932000,10.11.219.6
2204,-2802,1649320092.825301000,18.65.156.210
2205,66,1649320092.825322000,10.11.219.6
2206,-619,1649320092.825342000,18.65.156.210
2207,78,1649320092.825350000,10.11.219.6
2208,-1434,1649320092.825354000,18.65.156.210
2209,66,1649320092.825357000,10.11.219.6
2210,-5538,1649320092.825363000,18.65.156.210
2211,66,1649320092.825403000,10.11.219.6
2212,-5538,1649320092.828004000,18.65.156.210
2213,66,1649320092.828028000,10.11.219.6
2214,-5528,1649320092.828127000,18.65.156.210
2215,-13512,1649320092.828137000,18.65.156.210
2216,-668,1649320092.828156000,18.65.110.227
2217,66,1649320092.828161000,10.11.219.6
2218,-97,1649320092.828167000,18.65.110.227
2219,66,1649320092.828169000,10.11.219.6
2220,-5538,1649320092.828174000,18.65.156.210
2221,66,1649320092.828851000,10.11.219.6
2222,-11000,1649320092.830949000,18.65.156.210
2223,66,1649320092.831012000,10.11.219.6
2224,-5538,1649320092.831196000,18.65.156.210
2225,66,1649320092.831512000,10.11.219.6
2226,-689,1649320092.832429000,18.65.156.210
2227,78,1649320092.832448000,10.11.219.6
2228,-66,1649320092.832457000,18.65.110.227
2229,-66,1649320092.832462000,54.71.91.162
2230,-66,1649320092.832466000,52.94.176.92
2231,54,1649320092.832479000,10.11.219.6
2232,-235,1649320092.832484000,54.71.91.162
2233,66,1649320092.832491000,10.11.219.6
2234,-104,1649320092.832495000,54.71.91.162
2235,66,1649320092.832499000,10.11.219.6
2236,-66,1649320092.832502000,52.94.176.92
2237,54,1649320092.832513000,10.11.219.6
2238,-235,1649320092.832517000,54.71.91.162
2239,66,1649320092.832522000,10.11.219.6
2240,-104,1649320092.832542000,54.71.91.162
2241,66,1649320092.832546000,10.11.219.6
2242,-1434,1649320092.832551000,18.65.156.210
2243,66,1649320092.832556000,10.11.219.6
2244,-54,1649320092.837147000,52.119.166.51
2245,571,1649320092.840270000,10.11.219.6
2246,-66,1649320092.841453000,52.94.176.92
2247,54,1649320092.841476000,10.11.219.6
2248,-54,1649320092.841492000,52.119.166.51
2249,571,1649320092.844169000,10.11.219.6
2250,-2774,1649320092.844273000,52.119.166.51
2251,54,1649320092.844284000,10.11.219.6
2252,-3294,1649320092.844308000,52.119.166.51
2253,54,1649320092.844318000,10.11.219.6
2254,180,1649320092.850060000,10.11.219.6
2255,571,1649320092.852171000,10.11.219.6
2256,-668,1649320092.925384000,18.65.110.227
2257,66,1649320092.925408000,10.11.219.6
2258,-97,1649320092.925431000,18.65.110.227
2259,66,1649320092.925435000,10.11.219.6
2260,-236,1649320092.937257000,54.71.91.162
2261,66,1649320092.937277000,10.11.219.6
2262,-104,1649320092.937297000,54.71.91.162
2263,66,1649320092.937305000,10.11.219.6
2264,-54,1649320092.971347000,52.94.176.92
2265,-54,1649320092.971358000,52.94.176.92
2266,-105,1649320092.971776000,52.119.166.51
2267,54,1649320092.971795000,10.11.219.6
2268,825,1649320092.972018000,10.11.219.6
2269,-54,1649320092.973892000,52.94.176.92
2270,-54,1649320092.981859000,52.94.176.92
2271,-54,1649320092.981906000,52.94.176.92
2272,-6079,1649320092.981920000,52.94.176.92
2273,54,1649320092.981984000,10.11.219.6
2274,-2774,1649320092.986012000,52.94.176.92
2275,54,1649320092.986062000,10.11.219.6
2276,180,1649320092.987214000,10.11.219.6
2277,-3359,1649320092.987393000,52.94.176.92
2278,54,1649320092.987408000,10.11.219.6
2279,-54,1649320092.987419000,52.94.176.92
2280,-6079,1649320092.987429000,52.94.176.92
2281,54,1649320092.987433000,10.11.219.6
2282,180,1649320092.990678000,10.11.219.6
2283,180,1649320092.995435000,10.11.219.6
2284,74,1649320093.015009000,10.11.219.6
2285,74,1649320093.030090000,10.11.219.6
2286,-439,1649320093.103363000,52.119.166.51
2287,54,1649320093.103386000,10.11.219.6
2288,74,1649320093.115619000,10.11.219.6
2289,-105,1649320093.126049000,52.94.176.92
2290,54,1649320093.126071000,10.11.219.6
2291,1414,1649320093.126447000,10.11.219.6
2292,1414,1649320093.126459000,10.11.219.6
2293,1414,1649320093.126470000,10.11.219.6
2294,1414,1649320093.126474000,10.11.219.6
2295,1414,1649320093.127315000,10.11.219.6
2296,1414,1649320093.127325000,10.11.219.6
2297,1414,1649320093.127338000,10.11.219.6
2298,1414,1649320093.127343000,10.11.219.6
2299,1414,1649320093.127986000,10.11.219.6
2300,1414,1649320093.128019000,10.11.219.6
2301,-105,1649320093.130364000,52.94.176.92
2302,54,1649320093.130389000,10.11.219.6
2303,639,1649320093.130934000,10.11.219.6
2304,-105,1649320093.131551000,52.94.176.92
2305,54,1649320093.131590000,10.11.219.6
2306,160,1649320093.153785000,10.11.219.6
2307,-66,1649320093.154848000,52.119.175.30
2308,54,1649320093.154876000,10.11.219.6
2309,571,1649320093.160531000,10.11.219.6
2310,-8274,1649320093.162815000,18.65.156.210
2311,-5237,1649320093.163007000,18.65.156.210
2312,-2332,1649320093.163037000,18.65.156.210
2313,-97,1649320093.163046000,18.65.156.210
2314,66,1649320093.163093000,10.11.219.6
2315,-66,1649320093.165553000,52.94.176.92
2316,54,1649320093.165580000,10.11.219.6
2317,571,1649320093.170967000,10.11.219.6
2318,160,1649320093.175290000,10.11.219.6
2319,-2802,1649320093.179931000,18.65.156.210
2320,-549,1649320093.179954000,18.65.156.210
2321,78,1649320093.179965000,10.11.219.6
2322,-1434,1649320093.179980000,18.65.156.210
2323,66,1649320093.179985000,10.11.219.6
2324,160,1649320093.201358000,10.11.219.6
2325,-2802,1649320093.209436000,18.65.156.210
2326,66,1649320093.209535000,10.11.219.6
2327,159,1649320093.210453000,10.11.219.6
2328,-13736,1649320093.212135000,18.65.156.210
2329,-8274,1649320093.212179000,18.65.156.210
2330,-293,1649320093.212185000,18.65.156.210
2331,-1434,1649320093.212187000,18.65.156.210
2332,-1434,1649320093.212197000,18.65.156.210
2333,-190,1649320093.212198000,18.65.156.210
2334,-1434,1649320093.212199000,18.65.156.210
2335,66,1649320093.212202000,10.11.219.6
2336,78,1649320093.212223000,10.11.219.6
2337,66,1649320093.212235000,10.11.219.6
2338,78,1649320093.212243000,10.11.219.6
2339,66,1649320093.212251000,10.11.219.6
2340,-2802,1649320093.218736000,18.65.156.210
2341,66,1649320093.218755000,10.11.219.6
2342,-13736,1649320093.218864000,18.65.156.210
2343,-1434,1649320093.218886000,18.65.156.210
2344,-729,1649320093.218888000,18.65.156.210
2345,-1434,1649320093.218889000,18.65.156.210
2346,-223,1649320093.218890000,18.65.156.210
2347,66,1649320093.218893000,10.11.219.6
2348,78,1649320093.218905000,10.11.219.6
2349,66,1649320093.218909000,10.11.219.6
2350,160,1649320093.224732000,10.11.219.6
2351,160,1649320093.226627000,10.11.219.6
2352,-5538,1649320093.230652000,18.65.156.210
2353,66,1649320093.230709000,10.11.219.6
2354,-2802,1649320093.230744000,18.65.156.210
2355,66,1649320093.230752000,10.11.219.6
2356,-8264,1649320093.232195000,18.65.156.210
2357,-11010,1649320093.232204000,18.65.156.210
2358,66,1649320093.232239000,10.11.219.6
2359,-2802,1649320093.235458000,18.65.156.210
2360,66,1649320093.235470000,10.11.219.6
2361,-2792,1649320093.235569000,18.65.156.210
2362,66,1649320093.235574000,10.11.219.6
2363,-5538,1649320093.235585000,18.65.156.210
2364,66,1649320093.235627000,10.11.219.6
2365,-1191,1649320093.238314000,18.65.156.210
2366,-12378,1649320093.238325000,18.65.156.210
2367,66,1649320093.238370000,10.11.219.6
2368,-2795,1649320093.238442000,18.65.156.210
2369,-9642,1649320093.238450000,18.65.156.210
2370,-1043,1649320093.238463000,18.65.156.210
2371,78,1649320093.238471000,10.11.219.6
2372,-1434,1649320093.238481000,18.65.156.210
2373,66,1649320093.238487000,10.11.219.6
2374,159,1649320093.246664000,10.11.219.6
2375,160,1649320093.253263000,10.11.219.6
2376,-2802,1649320093.253355000,18.65.156.210
2377,66,1649320093.253425000,10.11.219.6
2378,-13736,1649320093.253801000,18.65.156.210
2379,-5538,1649320093.253829000,18.65.156.210
2380,66,1649320093.253856000,10.11.219.6
2381,-2802,1649320093.256222000,18.65.156.210
2382,66,1649320093.256233000,10.11.219.6
2383,-8264,1649320093.256316000,18.65.156.210
2384,-2802,1649320093.256321000,18.65.156.210
2385,-440,1649320093.256325000,18.65.156.210
2386,78,1649320093.256330000,10.11.219.6
2387,-1434,1649320093.256337000,18.65.156.210
2388,66,1649320093.256346000,10.11.219.6
2389,159,1649320093.260416000,10.11.219.6
2390,-2802,1649320093.260433000,18.65.156.210
2391,66,1649320093.260508000,10.11.219.6
2392,-13736,1649320093.260582000,18.65.156.210
2393,-5538,1649320093.260603000,18.65.156.210
2394,66,1649320093.260637000,10.11.219.6
2395,-2802,1649320093.262307000,18.65.156.210
2396,66,1649320093.262319000,10.11.219.6
2397,-2802,1649320093.263084000,18.65.156.210
2398,66,1649320093.263091000,10.11.219.6
2399,-758,1649320093.263101000,18.65.156.210
2400,78,1649320093.263106000,10.11.219.6
2401,-54,1649320093.263109000,52.94.176.92
2402,1414,1649320093.263119000,10.11.219.6
2403,508,1649320093.263122000,10.11.219.6
2404,-54,1649320093.263125000,52.94.176.92
2405,-54,1649320093.263127000,52.94.176.92
2406,-54,1649320093.263128000,52.94.176.92
2407,-54,1649320093.263129000,52.94.176.92
2408,-1434,1649320093.263136000,18.65.156.210
2409,66,1649320093.263139000,10.11.219.6
2410,-211,1649320093.263142000,18.65.156.210
2411,-2802,1649320093.267137000,18.65.156.210
2412,66,1649320093.267154000,10.11.219.6
2413,-13736,1649320093.267291000,18.65.156.210
2414,-5538,1649320093.267334000,18.65.156.210
2415,66,1649320093.267426000,10.11.219.6
2416,160,1649320093.269339000,10.11.219.6
2417,-5538,1649320093.269447000,18.65.156.210
2418,66,1649320093.269493000,10.11.219.6
2419,-5528,1649320093.269791000,18.65.156.210
2420,-2802,1649320093.269796000,18.65.156.210
2421,66,1649320093.269836000,10.11.219.6
2422,-3876,1649320093.271251000,18.65.156.210
2423,66,1649320093.271287000,10.11.219.6
2424,-2802,1649320093.277788000,18.65.156.210
2425,66,1649320093.277811000,10.11.219.6
2426,-13736,1649320093.277935000,18.65.156.210
2427,-4151,1649320093.277969000,18.65.156.210
2428,66,1649320093.277971000,10.11.219.6
2429,-97,1649320093.277972000,18.65.156.210
2430,66,1649320093.278204000,10.11.219.6
2431,-756,1649320093.283826000,52.94.176.92
2432,54,1649320093.283858000,10.11.219.6
2433,-103,1649320093.283883000,52.94.176.92
2434,54,1649320093.283895000,10.11.219.6
2435,1414,1649320093.285219000,10.11.219.6
2436,669,1649320093.285238000,10.11.219.6
2437,-66,1649320093.293351000,52.94.234.174
2438,54,1649320093.293388000,10.11.219.6
2439,-54,1649320093.295456000,52.119.175.30
2440,571,1649320093.296103000,10.11.219.6
2441,-54,1649320093.300854000,52.94.176.92
2442,-54,1649320093.300866000,52.119.175.30
2443,-5950,1649320093.303692000,52.119.175.30
2444,54,1649320093.303709000,10.11.219.6
2445,-54,1649320093.307289000,52.94.176.92
2446,180,1649320093.307397000,10.11.219.6
2447,-6079,1649320093.308431000,52.94.176.92
2448,54,1649320093.308442000,10.11.219.6
2449,180,1649320093.312741000,10.11.219.6
2450,-54,1649320093.392870000,52.94.176.92
2451,-681,1649320093.413446000,52.94.176.92
2452,54,1649320093.413488000,10.11.219.6
2453,-54,1649320093.425349000,52.94.176.92
2454,-682,1649320093.440098000,52.94.176.92
2455,-105,1649320093.449648000,52.94.176.92
2456,54,1649320093.449662000,10.11.219.6
2457,-105,1649320093.449674000,52.119.175.30
2458,54,1649320093.449678000,10.11.219.6
2459,1414,1649320093.449990000,10.11.219.6
2460,1414,1649320093.449999000,10.11.219.6
2461,795,1649320093.450071000,10.11.219.6
2462,1145,1649320093.450540000,10.11.219.6
2463,-54,1649320093.471553000,52.94.234.174
2464,-54,1649320093.475509000,52.94.234.174
2465,-150,1649320093.475522000,52.94.234.174
2466,54,1649320093.475548000,10.11.219.6
2467,-5022,1649320093.475576000,52.94.234.174
2468,54,1649320093.475584000,10.11.219.6
2469,-392,1649320093.475590000,52.94.234.174
2470,54,1649320093.475594000,10.11.219.6
2471,-63,1649320093.475598000,52.94.234.174
2472,54,1649320093.475602000,10.11.219.6
2473,54,1649320093.481451000,10.11.219.6
2474,204,1649320093.482115000,10.11.219.6
2475,-63,1649320093.499533000,52.94.234.174
2476,66,1649320093.499560000,10.11.219.6
2477,-54,1649320093.585193000,52.94.176.92
2478,-659,1649320093.603552000,52.94.176.92
2479,54,1649320093.603591000,10.11.219.6
2480,-105,1649320093.603616000,52.94.176.92
2481,54,1649320093.603621000,10.11.219.6
2482,-54,1649320093.647078000,52.119.175.30
2483,-54,1649320093.659342000,52.94.234.174
2484,-60,1649320093.659355000,52.94.234.174
2485,54,1649320093.659364000,10.11.219.6
2486,-123,1649320093.659388000,52.94.234.174
2487,54,1649320093.659391000,10.11.219.6
2488,507,1649320093.660113000,10.11.219.6
2489,-1098,1649320093.663716000,52.119.175.30
2490,54,1649320093.663741000,10.11.219.6
2491,842,1649320093.669365000,10.11.219.6
2492,228,1649320093.802114000,10.11.219.6
2493,1355,1649320093.802169000,10.11.219.6
2494,1434,1649320093.802324000,10.11.219.6
2495,1434,1649320093.802334000,10.11.219.6
2496,1434,1649320093.803497000,10.11.219.6
2497,1434,1649320093.803505000,10.11.219.6
2498,1434,1649320093.803513000,10.11.219.6
2499,1434,1649320093.803516000,10.11.219.6
2500,1434,1649320093.804083000,10.11.219.6
2501,1434,1649320093.804087000,10.11.219.6
2502,-54,1649320093.809309000,52.119.175.30
2503,-283,1649320093.839335000,52.94.234.174
2504,54,1649320093.839367000,10.11.219.6
2505,74,1649320093.856281000,10.11.219.6
2506,-1950,1649320093.898323000,52.119.175.30
2507,54,1649320093.898450000,10.11.219.6
2508,-66,1649320093.925311000,54.71.91.162
2509,1434,1649320093.925337000,10.11.219.6
2510,1434,1649320093.925348000,10.11.219.6
2511,1434,1649320093.925358000,10.11.219.6
2512,1434,1649320093.925362000,10.11.219.6
2513,-66,1649320093.925366000,54.71.91.162
2514,-108,1649320093.925375000,54.71.91.162
2515,66,1649320093.925379000,10.11.219.6
2516,1434,1649320093.925941000,10.11.219.6
2517,1434,1649320093.925951000,10.11.219.6
2518,1434,1649320093.925965000,10.11.219.6
2519,1434,1649320093.925969000,10.11.219.6
2520,-66,1649320093.926158000,54.71.91.162
2521,-66,1649320093.926171000,54.71.91.162
2522,1434,1649320093.926732000,10.11.219.6
2523,1434,1649320093.926739000,10.11.219.6
2524,1434,1649320093.926747000,10.11.219.6
2525,1434,1649320093.926752000,10.11.219.6
2526,1434,1649320093.927284000,10.11.219.6
2527,1434,1649320093.927288000,10.11.219.6
2528,1434,1649320093.927295000,10.11.219.6
2529,1434,1649320093.927305000,10.11.219.6
2530,-66,1649320093.927528000,54.71.91.162
2531,74,1649320093.928059000,10.11.219.6
2532,1434,1649320093.928152000,10.11.219.6
2533,1434,1649320093.928157000,10.11.219.6
2534,1434,1649320093.928164000,10.11.219.6
2535,1434,1649320093.928167000,10.11.219.6
2536,-74,1649320094.058713000,18.218.135.105
2537,66,1649320094.058769000,10.11.219.6
2538,-66,1649320094.058806000,54.71.91.162
2539,1434,1649320094.058844000,10.11.219.6
2540,1434,1649320094.058855000,10.11.219.6
2541,1434,1649320094.058877000,10.11.219.6
2542,1434,1649320094.058886000,10.11.219.6
2543,-66,1649320094.058896000,54.71.91.162
2544,-108,1649320094.058909000,54.71.91.162
2545,-66,1649320094.058914000,54.71.91.162
2546,-66,1649320094.058922000,54.71.91.162
2547,-66,1649320094.058927000,54.71.91.162
2548,-66,1649320094.058932000,54.71.91.162
2549,-66,1649320094.058990000,54.71.91.162
2550,-66,1649320094.059002000,54.71.91.162
2551,-108,1649320094.059005000,54.71.91.162
2552,-66,1649320094.059007000,54.71.91.162
2553,66,1649320094.059083000,10.11.219.6
2554,1434,1649320094.059619000,10.11.219.6
2555,1434,1649320094.059633000,10.11.219.6
2556,1434,1649320094.059652000,10.11.219.6
2557,1434,1649320094.059658000,10.11.219.6
2558,1357,1649320094.059664000,10.11.219.6
2559,583,1649320094.063797000,10.11.219.6
2560,-66,1649320094.099571000,209.54.180.3
2561,54,1649320094.099640000,10.11.219.6
2562,571,1649320094.105180000,10.11.219.6
2563,-66,1649320094.183496000,54.71.91.162
2564,-66,1649320094.183515000,54.71.91.162
2565,-66,1649320094.183518000,54.71.91.162
2566,-66,1649320094.183521000,54.71.91.162
2567,-108,1649320094.183525000,54.71.91.162
2568,66,1649320094.183645000,10.11.219.6
2569,-260,1649320094.189821000,54.71.91.162
2570,66,1649320094.189958000,10.11.219.6
2571,697,1649320094.205567000,10.11.219.6
2572,306,1649320094.206045000,10.11.219.6
2573,1007,1649320094.206930000,10.11.219.6
2574,176,1649320094.207273000,10.11.219.6
2575,-5538,1649320094.211975000,18.65.156.210
2576,-1434,1649320094.212027000,18.65.156.210
2577,-6906,1649320094.212032000,18.65.156.210
2578,66,1649320094.212043000,10.11.219.6
2579,66,1649320094.212076000,10.11.219.6
2580,-5538,1649320094.214364000,18.65.156.210
2581,66,1649320094.214404000,10.11.219.6
2582,-5538,1649320094.214488000,18.65.156.210
2583,-66,1649320094.214492000,18.65.156.210
2584,-5538,1649320094.214497000,18.65.156.210
2585,-2802,1649320094.214508000,18.65.156.210
2586,66,1649320094.214601000,10.11.219.6
2587,-4170,1649320094.219855000,18.65.156.210
2588,66,1649320094.219871000,10.11.219.6
2589,-6906,1649320094.219896000,18.65.156.210
2590,-6906,1649320094.219909000,18.65.156.210
2591,-6906,1649320094.219913000,18.65.156.210
2592,-2802,1649320094.219924000,18.65.156.210
2593,-4170,1649320094.219975000,18.65.156.210
2594,-4170,1649320094.219978000,18.65.156.210
2595,-2802,1649320094.219980000,18.65.156.210
2596,-4170,1649320094.219993000,18.65.156.210
2597,66,1649320094.220131000,10.11.219.6
2598,-2802,1649320094.222234000,18.65.156.210
2599,66,1649320094.222250000,10.11.219.6
2600,-1434,1649320094.223545000,18.65.156.210
2601,-4170,1649320094.223561000,18.65.156.210
2602,-5538,1649320094.223565000,18.65.156.210
2603,66,1649320094.223615000,10.11.219.6
2604,-2802,1649320094.225446000,18.65.156.210
2605,66,1649320094.225461000,10.11.219.6
2606,178,1649320094.227043000,10.11.219.6
2607,571,1649320094.231778000,10.11.219.6
2608,323,1649320094.232984000,10.11.219.6
2609,-2802,1649320094.237673000,18.65.156.210
2610,-5538,1649320094.237691000,18.65.156.210
2611,66,1649320094.237753000,10.11.219.6
2612,-5538,1649320094.237868000,18.65.156.210
2613,66,1649320094.237875000,10.11.219.6
2614,-5538,1649320094.237884000,18.65.156.210
2615,-4170,1649320094.237920000,18.65.156.210
2616,-5538,1649320094.237923000,18.65.156.210
2617,-2802,1649320094.237925000,18.65.156.210
2618,66,1649320094.238006000,10.11.219.6
2619,219,1649320094.239107000,10.11.219.6
2620,-2802,1649320094.240106000,18.65.156.210
2621,-4170,1649320094.240114000,18.65.156.210
2622,66,1649320094.240164000,10.11.219.6
2623,-1434,1649320094.240575000,18.65.156.210
2624,-5538,1649320094.240578000,18.65.156.210
2625,-5538,1649320094.240580000,18.65.156.210
2626,-5538,1649320094.240593000,18.65.156.210
2627,66,1649320094.240603000,10.11.219.6
2628,-5538,1649320094.243051000,18.65.156.210
2629,66,1649320094.243072000,10.11.219.6
2630,-5538,1649320094.243191000,18.65.156.210
2631,-5538,1649320094.243198000,18.65.156.210
2632,-5538,1649320094.243232000,18.65.156.210
2633,-2802,1649320094.243235000,18.65.156.210
2634,66,1649320094.243330000,10.11.219.6
2635,-2802,1649320094.245354000,18.65.156.210
2636,66,1649320094.245374000,10.11.219.6
2637,-4170,1649320094.245638000,18.65.156.210
2638,-5538,1649320094.245653000,18.65.156.210
2639,-5538,1649320094.245658000,18.65.156.210
2640,66,1649320094.245689000,10.11.219.6
2641,-66,1649320094.245706000,18.65.156.210
2642,-5538,1649320094.245723000,18.65.156.210
2643,-2802,1649320094.245727000,18.65.156.210
2644,66,1649320094.245816000,10.11.219.6
2645,-2802,1649320094.247987000,18.65.156.210
2646,66,1649320094.247998000,10.11.219.6
2647,-2802,1649320094.248011000,18.65.156.210
2648,66,1649320094.248051000,10.11.219.6
2649,-2802,1649320094.248118000,18.65.156.210
2650,-5538,1649320094.248124000,18.65.156.210
2651,-5538,1649320094.248126000,18.65.156.210
2652,-5538,1649320094.248145000,18.65.156.210
2653,66,1649320094.248145000,10.11.219.6
2654,66,1649320094.248224000,10.11.219.6
2655,-5538,1649320094.251090000,18.65.156.210
2656,66,1649320094.251108000,10.11.219.6
2657,-2802,1649320094.251125000,18.65.156.210
2658,66,1649320094.251153000,10.11.219.6
2659,-2802,1649320094.251215000,18.65.156.210
2660,66,1649320094.251237000,10.11.219.6
2661,-5538,1649320094.256095000,18.65.156.210
2662,66,1649320094.256111000,10.11.219.6
2663,-66,1649320094.256141000,18.218.135.105
2664,-4170,1649320094.256159000,18.65.156.210
2665,-5538,1649320094.256203000,18.65.156.210
2666,-4170,1649320094.256209000,18.218.135.105
2667,66,1649320094.256221000,10.11.219.6
2668,-83,1649320094.256235000,18.218.135.105
2669,78,1649320094.256242000,10.11.219.6
2670,66,1649320094.256248000,10.11.219.6
2671,-5538,1649320094.256298000,18.65.156.210
2672,-5538,1649320094.256304000,18.65.156.210
2673,-1434,1649320094.256312000,18.218.135.105
2674,66,1649320094.256321000,10.11.219.6
2675,-5538,1649320094.256372000,18.65.156.210
2676,66,1649320094.256397000,10.11.219.6
2677,-2802,1649320094.258517000,18.65.156.210
2678,66,1649320094.258536000,10.11.219.6
2679,-2802,1649320094.258674000,18.65.156.210
2680,-5538,1649320094.258682000,18.65.156.210
2681,-5538,1649320094.258687000,18.65.156.210
2682,-5538,1649320094.258723000,18.65.156.210
2683,-5538,1649320094.261251000,18.65.156.210
2684,-5538,1649320094.261363000,18.65.156.210
2685,-6906,1649320094.261368000,18.65.156.210
2686,-2802,1649320094.263006000,18.65.156.210
2687,-5538,1649320094.263013000,18.65.156.210
2688,-1434,1649320094.263037000,18.65.156.210
2689,-4170,1649320094.263040000,18.65.156.210
2690,192,1649320094.263299000,10.11.219.6
2691,66,1649320094.263644000,10.11.219.6
2692,-2802,1649320094.266379000,18.65.156.210
2693,66,1649320094.266401000,10.11.219.6
2694,-2802,1649320094.266427000,18.65.156.210
2695,-4170,1649320094.266515000,18.65.156.210
2696,-6906,1649320094.266521000,18.65.156.210
2697,-5538,1649320094.266540000,18.65.156.210
2698,66,1649320094.266846000,10.11.219.6
2699,-1434,1649320094.269219000,18.65.156.210
2700,-1434,1649320094.269231000,18.65.156.210
2701,66,1649320094.269243000,10.11.219.6
2702,-2802,1649320094.269372000,18.65.156.210
2703,-2802,1649320094.269377000,18.65.156.210
2704,-4170,1649320094.269380000,18.65.156.210
2705,-4170,1649320094.269382000,18.65.156.210
2706,66,1649320094.269391000,10.11.219.6
2707,-4170,1649320094.269403000,18.65.156.210
2708,-1434,1649320094.269405000,18.65.156.210
2709,66,1649320094.269420000,10.11.219.6
2710,-2802,1649320094.270629000,18.65.156.210
2711,66,1649320094.270646000,10.11.219.6
2712,-4170,1649320094.270663000,18.65.156.210
2713,-54,1649320094.270668000,209.54.180.3
2714,-1047,1649320094.270673000,18.65.156.210
2715,66,1649320094.270902000,10.11.219.6
2716,-54,1649320094.273769000,209.54.180.3
2717,-2774,1649320094.275431000,209.54.180.3
2718,54,1649320094.275444000,10.11.219.6
2719,-3281,1649320094.275484000,209.54.180.3
2720,54,1649320094.275490000,10.11.219.6
2721,180,1649320094.281893000,10.11.219.6
2722,456,1649320094.282531000,10.11.219.6
2723,838,1649320094.283991000,10.11.219.6
2724,176,1649320094.284476000,10.11.219.6
2725,952,1649320094.285471000,10.11.219.6
2726,-2802,1649320094.288858000,18.65.156.210
2727,66,1649320094.288891000,10.11.219.6
2728,-4170,1649320094.288978000,18.65.156.210
2729,-6906,1649320094.288981000,18.65.156.210
2730,66,1649320094.288992000,10.11.219.6
2731,-6906,1649320094.288999000,18.65.156.210
2732,66,1649320094.289008000,10.11.219.6
2733,174,1649320094.289939000,10.11.219.6
2734,182,1649320094.291740000,10.11.219.6
2735,-5538,1649320094.293732000,18.65.156.210
2736,66,1649320094.293754000,10.11.219.6
2737,-1434,1649320094.293857000,18.65.156.210
2738,-6906,1649320094.293861000,18.65.156.210
2739,-6906,1649320094.293867000,18.65.156.210
2740,66,1649320094.293871000,10.11.219.6
2741,66,1649320094.293913000,10.11.219.6
2742,-5538,1649320094.296424000,18.65.156.210
2743,66,1649320094.296431000,10.11.219.6
2744,-1434,1649320094.296576000,18.65.156.210
2745,-6906,1649320094.296579000,18.65.156.210
2746,-6906,1649320094.296582000,18.65.156.210
2747,-1434,1649320094.296585000,18.65.156.210
2748,66,1649320094.296587000,10.11.219.6
2749,-5538,1649320094.299485000,18.65.156.210
2750,66,1649320094.299490000,10.11.219.6
2751,-6906,1649320094.299633000,18.65.156.210
2752,-6906,1649320094.299643000,18.65.156.210
2753,-2802,1649320094.299665000,18.65.156.210
2754,66,1649320094.299667000,10.11.219.6
2755,66,1649320094.299721000,10.11.219.6
2756,-4170,1649320094.301927000,18.65.156.210
2757,66,1649320094.301932000,10.11.219.6
2758,-1434,1649320094.301938000,18.65.156.210
2759,-1434,1649320094.302078000,18.65.156.210
2760,66,1649320094.302082000,10.11.219.6
2761,-6906,1649320094.302089000,18.65.156.210
2762,-6906,1649320094.302091000,18.65.156.210
2763,-66,1649320094.302094000,18.65.156.210
2764,-1434,1649320094.302098000,18.65.156.210
2765,66,1649320094.302103000,10.11.219.6
2766,-4170,1649320094.305220000,18.65.156.210
2767,66,1649320094.305230000,10.11.219.6
2768,-1434,1649320094.305348000,18.65.156.210
2769,-6906,1649320094.305352000,18.65.156.210
2770,-6906,1649320094.305354000,18.65.156.210
2771,-1434,1649320094.305357000,18.65.156.210
2772,66,1649320094.305367000,10.11.219.6
2773,-2802,1649320094.307632000,18.65.156.210
2774,66,1649320094.307646000,10.11.219.6
2775,-2802,1649320094.307774000,18.65.156.210
2776,-6906,1649320094.307778000,18.65.156.210
2777,-6906,1649320094.307781000,18.65.156.210
2778,-2802,1649320094.307793000,18.65.156.210
2779,66,1649320094.307797000,10.11.219.6
2780,66,1649320094.307855000,10.11.219.6
2781,-2802,1649320094.310043000,18.65.156.210
2782,66,1649320094.310054000,10.11.219.6
2783,-1434,1649320094.310173000,18.65.156.210
2784,-2802,1649320094.310177000,18.65.156.210
2785,-6906,1649320094.310179000,18.65.156.210
2786,66,1649320094.310190000,10.11.219.6
2787,-6906,1649320094.310212000,18.65.156.210
2788,-1434,1649320094.310218000,18.65.156.210
2789,66,1649320094.310271000,10.11.219.6
2790,-5538,1649320094.311115000,18.65.156.210
2791,66,1649320094.311126000,10.11.219.6
2792,-2802,1649320094.313651000,18.65.156.210
2793,66,1649320094.313667000,10.11.219.6
2794,-4170,1649320094.313790000,18.65.156.210
2795,-6906,1649320094.313794000,18.65.156.210
2796,66,1649320094.313811000,10.11.219.6
2797,-8274,1649320094.313824000,18.65.156.210
2798,66,1649320094.313871000,10.11.219.6
2799,-2802,1649320094.316121000,18.65.156.210
2800,66,1649320094.316136000,10.11.219.6
2801,-5538,1649320094.316261000,18.65.156.210
2802,-8274,1649320094.316267000,18.65.156.210
2803,66,1649320094.316273000,10.11.219.6
2804,-5538,1649320094.316287000,18.65.156.210
2805,66,1649320094.316345000,10.11.219.6
2806,-1434,1649320094.317342000,18.65.156.210
2807,-936,1649320094.317351000,18.65.156.210
2808,78,1649320094.317362000,10.11.219.6
2809,-1434,1649320094.317377000,18.65.156.210
2810,66,1649320094.317382000,10.11.219.6
2811,191,1649320094.317419000,10.11.219.6
2812,-1428,1649320094.321362000,18.65.156.210
2813,740,1649320094.322503000,10.11.219.6
2814,184,1649320094.327146000,10.11.219.6
2815,-2802,1649320094.329700000,18.65.156.210
2816,66,1649320094.329731000,10.11.219.6
2817,-5538,1649320094.329831000,18.65.156.210
2818,-8264,1649320094.329837000,18.65.156.210
2819,66,1649320094.329848000,10.11.219.6
2820,-5538,1649320094.329856000,18.65.156.210
2821,66,1649320094.329999000,10.11.219.6
2822,173,1649320094.330437000,10.11.219.6
2823,-2802,1649320094.331493000,18.65.156.210
2824,66,1649320094.331529000,10.11.219.6
2825,-8274,1649320094.332048000,18.65.156.210
2826,-8274,1649320094.332055000,18.65.156.210
2827,66,1649320094.332068000,10.11.219.6
2828,-2802,1649320094.332071000,18.65.156.210
2829,66,1649320094.332113000,10.11.219.6
2830,455,1649320094.333383000,10.11.219.6
2831,-5538,1649320094.333997000,18.65.156.210
2832,-2802,1649320094.334006000,18.65.156.210
2833,66,1649320094.334022000,10.11.219.6
2834,-5538,1649320094.334209000,18.65.156.210
2835,66,1649320094.334219000,10.11.219.6
2836,-5093,1649320094.334228000,18.65.156.210
2837,66,1649320094.334236000,10.11.219.6
2838,185,1649320094.335157000,10.11.219.6
2839,-4170,1649320094.335934000,18.65.156.210
2840,-665,1649320094.335947000,18.65.156.210
2841,78,1649320094.335957000,10.11.219.6
2842,-1434,1649320094.335969000,18.65.156.210
2843,66,1649320094.335978000,10.11.219.6
2844,174,1649320094.336411000,10.11.219.6
2845,1226,1649320094.340446000,10.11.219.6
2846,-2802,1649320094.340539000,18.65.156.210
2847,66,1649320094.340569000,10.11.219.6
2848,1295,1649320094.341321000,10.11.219.6
2849,-5538,1649320094.341568000,18.65.156.210
2850,-8264,1649320094.341574000,18.65.156.210
2851,66,1649320094.341588000,10.11.219.6
2852,-5538,1649320094.341592000,18.65.156.210
2853,66,1649320094.341744000,10.11.219.6
2854,-2802,1649320094.344087000,18.65.156.210
2855,66,1649320094.344101000,10.11.219.6
2856,-8274,1649320094.344223000,18.65.156.210
2857,-8274,1649320094.344228000,18.65.156.210
2858,-66,1649320094.344242000,18.65.156.210
2859,-2802,1649320094.344249000,18.65.156.210
2860,66,1649320094.344259000,10.11.219.6
2861,66,1649320094.344321000,10.11.219.6
2862,-1434,1649320094.346387000,18.65.156.210
2863,-4170,1649320094.346540000,18.65.156.210
2864,66,1649320094.346547000,10.11.219.6
2865,-8274,1649320094.346559000,18.65.156.210
2866,-6906,1649320094.346579000,18.65.156.210
2867,66,1649320094.346617000,10.11.219.6
2868,-1434,1649320094.348121000,18.65.156.210
2869,-8274,1649320094.348126000,18.65.156.210
2870,66,1649320094.348129000,10.11.219.6
2871,-2802,1649320094.350509000,18.65.156.210
2872,66,1649320094.350513000,10.11.219.6
2873,-5538,1649320094.350665000,18.65.156.210
2874,-66,1649320094.350667000,18.65.156.210
2875,-8274,1649320094.350673000,18.65.156.210
2876,66,1649320094.350676000,10.11.219.6
2877,-5538,1649320094.350685000,18.65.156.210
2878,66,1649320094.350738000,10.11.219.6
2879,-2802,1649320094.352772000,18.65.156.210
2880,66,1649320094.352777000,10.11.219.6
2881,-1434,1649320094.352783000,18.65.156.210
2882,-6906,1649320094.352932000,18.65.156.210
2883,-6906,1649320094.352936000,18.65.156.210
2884,-2802,1649320094.352946000,18.65.156.210
2885,66,1649320094.352949000,10.11.219.6
2886,66,1649320094.353021000,10.11.219.6
2887,-4170,1649320094.355238000,18.65.156.210
2888,66,1649320094.355249000,10.11.219.6
2889,-1434,1649320094.355379000,18.65.156.210
2890,-8274,1649320094.355385000,18.65.156.210
2891,-6906,1649320094.355387000,18.65.156.210
2892,66,1649320094.355405000,10.11.219.6
2893,-1434,1649320094.357817000,18.65.156.210
2894,-2802,1649320094.357825000,18.65.156.210
2895,66,1649320094.357835000,10.11.219.6
2896,-6906,1649320094.357966000,18.65.156.210
2897,-9642,1649320094.357969000,18.65.156.210
2898,66,1649320094.357993000,10.11.219.6
2899,-4170,1649320094.359997000,18.65.156.210
2900,66,1649320094.360004000,10.11.219.6
2901,-5538,1649320094.360143000,18.65.156.210
2902,66,1649320094.360147000,10.11.219.6
2903,-5538,1649320094.360151000,18.65.156.210
2904,66,1649320094.360159000,10.11.219.6
2905,-4170,1649320094.360161000,18.65.156.210
2906,-1434,1649320094.360161000,18.65.156.210
2907,66,1649320094.360217000,10.11.219.6
2908,-5538,1649320094.361868000,18.65.156.210
2909,66,1649320094.361874000,10.11.219.6
2910,-5538,1649320094.361880000,18.65.156.210
2911,66,1649320094.361887000,10.11.219.6
2912,-5538,1649320094.364260000,18.65.156.210
2913,66,1649320094.364265000,10.11.219.6
2914,-5538,1649320094.364401000,18.65.156.210
2915,66,1649320094.364403000,10.11.219.6
2916,-8274,1649320094.364408000,18.65.156.210
2917,66,1649320094.364416000,10.11.219.6
2918,-2802,1649320094.364419000,18.65.156.210
2919,66,1649320094.364471000,10.11.219.6
2920,-5538,1649320094.365622000,18.65.156.210
2921,66,1649320094.365627000,10.11.219.6
2922,-4170,1649320094.365633000,18.65.156.210
2923,66,1649320094.365639000,10.11.219.6
2924,-2802,1649320094.373162000,18.65.156.210
2925,66,1649320094.373167000,10.11.219.6
2926,-1434,1649320094.375973000,18.65.156.210
2927,-6906,1649320094.375978000,18.65.156.210
2928,66,1649320094.375989000,10.11.219.6
2929,-1434,1649320094.376117000,18.65.156.210
2930,-8274,1649320094.376122000,18.65.156.210
2931,-9642,1649320094.376125000,18.65.156.210
2932,66,1649320094.376127000,10.11.219.6
2933,66,1649320094.376186000,10.11.219.6
2934,-5538,1649320094.378647000,18.65.156.210
2935,66,1649320094.378652000,10.11.219.6
2936,-2802,1649320094.378790000,18.65.156.210
2937,66,1649320094.378797000,10.11.219.6
2938,-8274,1649320094.378803000,18.65.156.210
2939,66,1649320094.378817000,10.11.219.6
2940,-5538,1649320094.378824000,18.65.156.210
2941,66,1649320094.378886000,10.11.219.6
2942,-2802,1649320094.380959000,18.65.156.210
2943,66,1649320094.380965000,10.11.219.6
2944,-8274,1649320094.380972000,18.65.156.210
2945,66,1649320094.380979000,10.11.219.6
2946,-8274,1649320094.380995000,18.65.156.210
2947,-2802,1649320094.380997000,18.65.156.210
2948,66,1649320094.381011000,10.11.219.6
2949,-5538,1649320094.383101000,18.65.156.210
2950,66,1649320094.383106000,10.11.219.6
2951,-6906,1649320094.383236000,18.65.156.210
2952,-8274,1649320094.383242000,18.65.156.210
2953,66,1649320094.383265000,10.11.219.6
2954,-5538,1649320094.386367000,18.65.156.210
2955,66,1649320094.386372000,10.11.219.6
2956,-2802,1649320094.386507000,18.65.156.210
2957,66,1649320094.386512000,10.11.219.6
2958,-8274,1649320094.386518000,18.65.156.210
2959,66,1649320094.386526000,10.11.219.6
2960,-5538,1649320094.386530000,18.65.156.210
2961,66,1649320094.386585000,10.11.219.6
2962,-2802,1649320094.389043000,18.65.156.210
2963,66,1649320094.389047000,10.11.219.6
2964,-8274,1649320094.389181000,18.65.156.210
2965,-8274,1649320094.389183000,18.65.156.210
2966,66,1649320094.389198000,10.11.219.6
2967,-5538,1649320094.391410000,18.65.156.210
2968,66,1649320094.391415000,10.11.219.6
2969,-2802,1649320094.391531000,18.65.156.210
2970,66,1649320094.391535000,10.11.219.6
2971,-6906,1649320094.391547000,18.65.156.210
2972,66,1649320094.391614000,10.11.219.6
2973,-8274,1649320094.393807000,18.65.156.210
2974,66,1649320094.393818000,10.11.219.6
2975,-5538,1649320094.393920000,18.65.156.210
2976,66,1649320094.393926000,10.11.219.6
2977,-2802,1649320094.403886000,18.65.156.210
2978,66,1649320094.403893000,10.11.219.6
2979,-8274,1649320094.403902000,18.65.156.210
2980,-5538,1649320094.403912000,18.65.156.210
2981,66,1649320094.403921000,10.11.219.6
2982,-2802,1649320094.404008000,18.65.156.210
2983,66,1649320094.404014000,10.11.219.6
2984,-8274,1649320094.404022000,18.65.156.210
2985,66,1649320094.404036000,10.11.219.6
2986,-6906,1649320094.404044000,18.65.156.210
2987,66,1649320094.404061000,10.11.219.6
2988,-1434,1649320094.406099000,18.65.156.210
2989,-4170,1649320094.406103000,18.65.156.210
2990,66,1649320094.406106000,10.11.219.6
2991,-4170,1649320094.406245000,18.65.156.210
2992,66,1649320094.406249000,10.11.219.6
2993,-6906,1649320094.406255000,18.65.156.210
2994,66,1649320094.406260000,10.11.219.6
2995,-5538,1649320094.406267000,18.65.156.210
2996,66,1649320094.406316000,10.11.219.6
2997,-2802,1649320094.408809000,18.65.156.210
2998,66,1649320094.408817000,10.11.219.6
2999,-2802,1649320094.408960000,18.65.156.210
3000,66,1649320094.408967000,10.11.219.6
3001,-11010,1649320094.408975000,18.65.156.210
3002,66,1649320094.408990000,10.11.219.6
3003,-5538,1649320094.408992000,18.65.156.210
3004,66,1649320094.409156000,10.11.219.6
3005,-5538,1649320094.411155000,18.65.156.210
3006,66,1649320094.411167000,10.11.219.6
3007,-5538,1649320094.411181000,18.65.156.210
3008,66,1649320094.411183000,10.11.219.6
3009,-8274,1649320094.413436000,18.65.156.210
3010,-2802,1649320094.413441000,18.65.156.210
3011,66,1649320094.413465000,10.11.219.6
3012,-5538,1649320094.413556000,18.65.156.210
3013,-8274,1649320094.413559000,18.65.156.210
3014,66,1649320094.413565000,10.11.219.6
3015,-5538,1649320094.413577000,18.65.156.210
3016,66,1649320094.413601000,10.11.219.6
3017,-4170,1649320094.415685000,18.65.156.210
3018,66,1649320094.415690000,10.11.219.6
3019,-2802,1649320094.415810000,18.65.156.210
3020,66,1649320094.415816000,10.11.219.6
3021,-8274,1649320094.415829000,18.65.156.210
3022,-5538,1649320094.415846000,18.65.156.210
3023,66,1649320094.415852000,10.11.219.6
3024,66,1649320094.415863000,10.11.219.6
3025,-2802,1649320094.418692000,18.65.156.210
3026,66,1649320094.418700000,10.11.219.6
3027,-2802,1649320094.418707000,18.65.156.210
3028,66,1649320094.418716000,10.11.219.6
3029,-5538,1649320094.418832000,18.65.156.210
3030,-8274,1649320094.418837000,18.65.156.210
3031,66,1649320094.418842000,10.11.219.6
3032,-2802,1649320094.418843000,18.65.156.210
3033,66,1649320094.418897000,10.11.219.6
3034,-5538,1649320094.420781000,18.65.156.210
3035,66,1649320094.420786000,10.11.219.6
3036,-8274,1649320094.424383000,18.65.156.210
3037,-4170,1649320094.424387000,18.65.156.210
3038,-5538,1649320094.424395000,18.65.156.210
3039,66,1649320094.424397000,10.11.219.6
3040,66,1649320094.424455000,10.11.219.6
3041,-2802,1649320094.424514000,18.65.156.210
3042,66,1649320094.424520000,10.11.219.6
3043,-8274,1649320094.424528000,18.65.156.210
3044,-5538,1649320094.424543000,18.65.156.210
3045,66,1649320094.424566000,10.11.219.6
3046,-2802,1649320094.427300000,18.65.156.210
3047,66,1649320094.427306000,10.11.219.6
3048,-8274,1649320094.427466000,18.65.156.210
3049,-8274,1649320094.427471000,18.65.156.210
3050,-2802,1649320094.427481000,18.65.156.210
3051,66,1649320094.427482000,10.11.219.6
3052,66,1649320094.427539000,10.11.219.6
3053,-5538,1649320094.429583000,18.65.156.210
3054,66,1649320094.429588000,10.11.219.6
3055,-8274,1649320094.429704000,18.65.156.210
3056,-2802,1649320094.429707000,18.65.156.210
3057,66,1649320094.429721000,10.11.219.6
3058,-4170,1649320094.431794000,18.65.156.210
3059,66,1649320094.431800000,10.11.219.6
3060,-2802,1649320094.431807000,18.65.156.210
3061,66,1649320094.431812000,10.11.219.6
3062,-5538,1649320094.431918000,18.65.156.210
3063,66,1649320094.431922000,10.11.219.6
3064,-8274,1649320094.431929000,18.65.156.210
3065,66,1649320094.431936000,10.11.219.6
3066,-5538,1649320094.434235000,18.65.156.210
3067,66,1649320094.434240000,10.11.219.6
3068,-2802,1649320094.434378000,18.65.156.210
3069,66,1649320094.434383000,10.11.219.6
3070,-8274,1649320094.434389000,18.65.156.210
3071,-5538,1649320094.434399000,18.65.156.210
3072,66,1649320094.434399000,10.11.219.6
3073,66,1649320094.434454000,10.11.219.6
3074,-2802,1649320094.436894000,18.65.156.210
3075,66,1649320094.436899000,10.11.219.6
3076,-8274,1649320094.437071000,18.65.156.210
3077,-8274,1649320094.437075000,18.65.156.210
3078,-2802,1649320094.437080000,18.65.156.210
3079,66,1649320094.437087000,10.11.219.6
3080,-4170,1649320094.439752000,18.65.156.210
3081,66,1649320094.439757000,10.11.219.6
3082,-8274,1649320094.439890000,18.65.156.210
3083,-8274,1649320094.439894000,18.65.156.210
3084,66,1649320094.439907000,10.11.219.6
3085,-2802,1649320094.441913000,18.65.156.210
3086,66,1649320094.441920000,10.11.219.6
3087,-5538,1649320094.442041000,18.65.156.210
3088,-8274,1649320094.442046000,18.65.156.210
3089,-661,1649320094.442050000,18.65.156.210
3090,78,1649320094.442055000,10.11.219.6
3091,-1434,1649320094.442061000,18.65.156.210
3092,66,1649320094.442069000,10.11.219.6
3093,-372,1649320094.446920000,18.218.135.105
3094,66,1649320094.446933000,10.11.219.6
3095,-135,1649320094.446945000,18.218.135.105
3096,66,1649320094.446951000,10.11.219.6
3097,243,1649320094.447480000,10.11.219.6
3098,376,1649320094.447498000,10.11.219.6
3099,104,1649320094.447849000,10.11.219.6
3100,-105,1649320094.451154000,209.54.180.3
3101,54,1649320094.451173000,10.11.219.6
3102,1391,1649320094.451457000,10.11.219.6
3103,-3257,1649320094.677509000,209.54.180.3
3104,54,1649320094.677546000,10.11.219.6
3105,-2420,1649320094.677570000,209.54.180.3
3106,54,1649320094.677576000,10.11.219.6
3107,-66,1649320094.677582000,18.218.135.105
3108,-104,1649320094.677591000,18.218.135.105
3109,66,1649320094.677595000,10.11.219.6
3110,-233,1649320094.677601000,18.218.135.105
3111,66,1649320094.677610000,10.11.219.6
3112,74,1649320094.701599000,10.11.219.6
3113,74,1649320094.711339000,10.11.219.6
3114,74,1649320094.714617000,10.11.219.6
3115,-74,1649320094.715596000,18.65.148.37
3116,66,1649320094.715617000,10.11.219.6
3117,583,1649320094.719373000,10.11.219.6
3118,-66,1649320094.723637000,18.65.148.37
3119,-5538,1649320094.723650000,18.65.148.37
3120,66,1649320094.723663000,10.11.219.6
3121,-922,1649320094.726028000,18.65.148.37
3122,66,1649320094.726038000,10.11.219.6
3123,-74,1649320094.727645000,54.250.105.172
3124,66,1649320094.727664000,10.11.219.6
3125,186,1649320094.728024000,10.11.219.6
3126,181,1649320094.728317000,10.11.219.6
3127,183,1649320094.728591000,10.11.219.6
3128,179,1649320094.729042000,10.11.219.6
3129,583,1649320094.730705000,10.11.219.6
3130,167,1649320094.730935000,10.11.219.6
3131,194,1649320094.731032000,10.11.219.6
3132,193,1649320094.731557000,10.11.219.6
3133,-2599,1649320094.732418000,18.65.156.210
3134,175,1649320094.732433000,10.11.219.6
3135,-1434,1649320094.732467000,18.65.156.210
3136,-484,1649320094.732472000,18.65.156.210
3137,78,1649320094.732478000,10.11.219.6
3138,-1434,1649320094.732483000,18.65.156.210
3139,66,1649320094.732488000,10.11.219.6
3140,-66,1649320094.734737000,18.65.156.210
3141,-789,1649320094.734749000,18.65.156.210
3142,-4170,1649320094.734753000,18.65.156.210
3143,-212,1649320094.734776000,18.65.156.210
3144,78,1649320094.734787000,10.11.219.6
3145,-1434,1649320094.734807000,18.65.156.210
3146,66,1649320094.734813000,10.11.219.6
3147,-66,1649320094.734817000,18.65.156.210
3148,-680,1649320094.734823000,18.65.156.210
3149,-795,1649320094.734824000,18.65.156.210
3150,130,1649320094.734996000,10.11.219.6
3151,-161,1649320094.737261000,18.65.156.210
3152,78,1649320094.737281000,10.11.219.6
3153,-1434,1649320094.737306000,18.65.156.210
3154,66,1649320094.737318000,10.11.219.6
3155,-664,1649320094.737328000,18.65.156.210
3156,-66,1649320094.737990000,18.65.148.37
3157,-128,1649320094.737994000,18.65.148.37
3158,66,1649320094.737999000,10.11.219.6
3159,-66,1649320094.745960000,54.250.105.172
3160,-1434,1649320094.745973000,54.250.105.172
3161,66,1649320094.745980000,10.11.219.6
3162,-487,1649320094.745990000,54.250.105.172
3163,78,1649320094.745994000,10.11.219.6
3164,-1434,1649320094.745999000,54.250.105.172
3165,66,1649320094.746003000,10.11.219.6
3166,236,1649320094.759182000,10.11.219.6
3167,388,1649320094.759221000,10.11.219.6
3168,192,1649320094.762838000,10.11.219.6
3169,74,1649320094.762973000,10.11.219.6
3170,97,1649320094.763598000,10.11.219.6
3171,-66,1649320094.763783000,18.65.148.37
3172,-66,1649320094.763797000,18.65.148.37
3173,-97,1649320094.763803000,18.65.148.37
3174,66,1649320094.763812000,10.11.219.6
3175,-74,1649320094.766975000,18.65.116.37
3176,66,1649320094.767006000,10.11.219.6
3177,-66,1649320094.767022000,18.65.148.37
3178,583,1649320094.770278000,10.11.219.6
3179,-66,1649320094.776111000,18.65.116.37
3180,-2802,1649320094.776126000,18.65.116.37
3181,66,1649320094.776140000,10.11.219.6
3182,-2802,1649320094.776174000,18.65.116.37
3183,66,1649320094.776180000,10.11.219.6
3184,-592,1649320094.776200000,18.65.116.37
3185,66,1649320094.776203000,10.11.219.6
3186,-324,1649320094.776206000,54.250.105.172
3187,66,1649320094.776210000,10.11.219.6
3188,-135,1649320094.776213000,54.250.105.172
3189,66,1649320094.776214000,10.11.219.6
3190,66,1649320094.777417000,10.11.219.6
3191,130,1649320094.779918000,10.11.219.6
3192,236,1649320094.780221000,10.11.219.6
3193,406,1649320094.780240000,10.11.219.6
3194,-66,1649320094.783141000,18.65.116.37
3195,-128,1649320094.783146000,18.65.116.37
3196,66,1649320094.783151000,10.11.219.6
3197,-66,1649320094.783162000,18.65.116.37
3198,-66,1649320094.783164000,18.65.116.37
3199,-97,1649320094.783166000,18.65.116.37
3200,66,1649320094.783170000,10.11.219.6
3201,97,1649320094.783226000,10.11.219.6
3202,-66,1649320094.787296000,18.65.116.37
3203,-519,1649320094.792039000,18.65.148.37
3204,66,1649320094.792055000,10.11.219.6
3205,-97,1649320094.792086000,18.65.148.37
3206,66,1649320094.792097000,10.11.219.6
3207,-847,1649320094.794928000,18.65.116.37
3208,66,1649320094.794950000,10.11.219.6
3209,-97,1649320094.794974000,18.65.116.37
3210,66,1649320094.794980000,10.11.219.6
3211,243,1649320094.828510000,10.11.219.6
3212,403,1649320094.828554000,10.11.219.6
3213,510,1649320094.828725000,10.11.219.6
3214,104,1649320094.829617000,10.11.219.6
3215,-104,1649320094.843690000,54.250.105.172
3216,66,1649320094.843739000,10.11.219.6
3217,-623,1649320094.843767000,54.250.105.172
3218,66,1649320094.843779000,10.11.219.6
3219,-104,1649320094.843787000,54.250.105.172
3220,66,1649320094.843793000,10.11.219.6
3221,74,1649320094.849817000,10.11.219.6
3222,-66,1649320094.885916000,54.250.105.172
3223,97,1649320094.941746000,10.11.219.6
3224,66,1649320094.941827000,10.11.219.6
3225,-66,1649320094.945503000,18.65.116.118
3226,-66,1649320094.945527000,18.65.116.118
3227,66,1649320094.945545000,10.11.219.6
3228,74,1649320094.951867000,10.11.219.6
3229,-74,1649320094.985971000,18.65.61.201
3230,66,1649320094.986029000,10.11.219.6
3231,583,1649320095.000185000,10.11.219.6
3232,-639,1649320095.005749000,209.54.180.3
3233,54,1649320095.005778000,10.11.219.6
3234,536,1649320095.006206000,10.11.219.6
3235,-66,1649320095.023220000,209.54.180.3
3236,54,1649320095.023255000,10.11.219.6
3237,571,1649320095.026776000,10.11.219.6
3238,74,1649320095.111191000,10.11.219.6
3239,74,1649320095.112050000,10.11.219.6
3240,74,1649320095.112705000,10.11.219.6
3241,74,1649320095.112949000,10.11.219.6
3242,74,1649320095.113220000,10.11.219.6
3243,74,1649320095.113950000,10.11.219.6
3244,74,1649320095.114246000,10.11.219.6
3245,74,1649320095.114940000,10.11.219.6
3246,-74,1649320095.115053000,35.186.254.217
3247,66,1649320095.115076000,10.11.219.6
3248,-74,1649320095.115085000,69.192.133.13
3249,66,1649320095.115093000,10.11.219.6
3250,74,1649320095.115147000,10.11.219.6
3251,74,1649320095.115389000,10.11.219.6
3252,-74,1649320095.115836000,104.93.8.214
3253,66,1649320095.115848000,10.11.219.6
3254,-74,1649320095.117174000,142.250.76.130
3255,66,1649320095.117186000,10.11.219.6
3256,-74,1649320095.117765000,69.192.133.144
3257,66,1649320095.117776000,10.11.219.6
3258,583,1649320095.118170000,10.11.219.6
3259,583,1649320095.120486000,10.11.219.6
3260,583,1649320095.122815000,10.11.219.6
3261,-66,1649320095.124077000,35.186.254.217
3262,-66,1649320095.124084000,69.192.133.13
3263,-1434,1649320095.124086000,35.186.254.217
3264,66,1649320095.124091000,10.11.219.6
3265,-749,1649320095.124097000,35.186.254.217
3266,78,1649320095.124100000,10.11.219.6
3267,-1434,1649320095.124103000,35.186.254.217
3268,66,1649320095.124106000,10.11.219.6
3269,583,1649320095.124672000,10.11.219.6
3270,583,1649320095.126699000,10.11.219.6
3271,-2802,1649320095.127638000,69.192.133.13
3272,66,1649320095.127646000,10.11.219.6
3273,74,1649320095.129042000,10.11.219.6
3274,-1426,1649320095.129291000,69.192.133.13
3275,66,1649320095.129300000,10.11.219.6
3276,-454,1649320095.129308000,69.192.133.13
3277,66,1649320095.129312000,10.11.219.6
3278,-74,1649320095.129316000,35.213.12.39
3279,66,1649320095.129327000,10.11.219.6
3280,-66,1649320095.129332000,142.250.76.130
3281,-74,1649320095.129336000,54.92.121.120
3282,66,1649320095.129341000,10.11.219.6
3283,-74,1649320095.129344000,18.178.22.21
3284,66,1649320095.129349000,10.11.219.6
3285,-66,1649320095.129352000,104.93.8.214
3286,-74,1649320095.129355000,104.244.42.67
3287,66,1649320095.129359000,10.11.219.6
3288,-2802,1649320095.130160000,104.93.8.214
3289,66,1649320095.130167000,10.11.219.6
3290,-1392,1649320095.130175000,104.93.8.214
3291,66,1649320095.130179000,10.11.219.6
3292,-66,1649320095.130683000,69.192.133.144
3293,192,1649320095.132353000,10.11.219.6
3294,-2802,1649320095.133193000,69.192.133.144
3295,66,1649320095.133205000,10.11.219.6
3296,-1159,1649320095.133214000,69.192.133.144
3297,66,1649320095.133218000,10.11.219.6
3298,583,1649320095.134498000,10.11.219.6
3299,-66,1649320095.137370000,69.192.133.13
3300,-340,1649320095.137378000,69.192.133.13
3301,66,1649320095.137384000,10.11.219.6
3302,583,1649320095.138188000,10.11.219.6
3303,583,1649320095.139920000,10.11.219.6
3304,583,1649320095.142051000,10.11.219.6
3305,192,1649320095.146408000,10.11.219.6
3306,74,1649320095.148425000,10.11.219.6
3307,-66,1649320095.154893000,35.213.12.39
3308,-66,1649320095.154903000,69.192.133.144
3309,-324,1649320095.154906000,69.192.133.144
3310,66,1649320095.154912000,10.11.219.6
3311,-2802,1649320095.154925000,35.213.12.39
3312,66,1649320095.154928000,10.11.219.6
3313,-1426,1649320095.154931000,35.213.12.39
3314,66,1649320095.154934000,10.11.219.6
3315,-958,1649320095.154936000,35.213.12.39
3316,66,1649320095.154938000,10.11.219.6
3317,-66,1649320095.154965000,18.178.22.21
3318,-66,1649320095.154967000,54.92.121.120
3319,-4045,1649320095.154969000,18.178.22.21
3320,66,1649320095.154972000,10.11.219.6
3321,-66,1649320095.156244000,104.244.42.67
3322,-2802,1649320095.156248000,54.92.121.120
3323,66,1649320095.156251000,10.11.219.6
3324,-2454,1649320095.157179000,54.92.121.120
3325,66,1649320095.157184000,10.11.219.6
3326,-2762,1649320095.157188000,104.244.42.67
3327,66,1649320095.157190000,10.11.219.6
3328,-811,1649320095.157192000,104.244.42.67
3329,66,1649320095.157194000,10.11.219.6
3330,-74,1649320095.163259000,18.179.228.131
3331,66,1649320095.163281000,10.11.219.6
3332,-2802,1649320095.168008000,142.250.76.130
3333,66,1649320095.168026000,10.11.219.6
3334,-495,1649320095.172163000,142.250.76.130
3335,78,1649320095.172192000,10.11.219.6
3336,-1434,1649320095.172220000,142.250.76.130
3337,66,1649320095.172230000,10.11.219.6
3338,-639,1649320095.181462000,209.54.180.3
3339,146,1649320095.192887000,10.11.219.6
3340,-66,1649320095.197105000,104.93.8.214
3341,-353,1649320095.197119000,104.93.8.214
3342,66,1649320095.197131000,10.11.219.6
3343,-353,1649320095.197152000,104.93.8.214
3344,66,1649320095.197157000,10.11.219.6
3345,-54,1649320095.197162000,209.54.180.3
3346,159,1649320095.197814000,10.11.219.6
3347,576,1649320095.197844000,10.11.219.6
3348,192,1649320095.203650000,10.11.219.6
3349,-54,1649320095.206088000,209.54.180.3
3350,-66,1649320095.206098000,69.192.133.13
3351,-2774,1649320095.206101000,209.54.180.3
3352,54,1649320095.206108000,10.11.219.6
3353,-3281,1649320095.206932000,209.54.180.3
3354,54,1649320095.206946000,10.11.219.6
3355,-66,1649320095.210982000,35.213.12.39
3356,-340,1649320095.211453000,35.213.12.39
3357,66,1649320095.211466000,10.11.219.6
3358,-74,1649320095.211478000,69.173.158.64
3359,66,1649320095.211490000,10.11.219.6
3360,-340,1649320095.217545000,54.92.121.120
3361,66,1649320095.217563000,10.11.219.6
3362,-135,1649320095.217579000,54.92.121.120
3363,66,1649320095.217583000,10.11.219.6
3364,54,1649320095.229463000,10.11.219.6
3365,-74,1649320095.233447000,18.65.61.201
3366,66,1649320095.233469000,10.11.219.6
3367,332,1649320095.238732000,10.11.219.6
3368,450,1649320095.239266000,10.11.219.6
3369,-66,1649320095.243089000,18.65.110.227
3370,180,1649320095.246014000,10.11.219.6
3371,530,1649320095.246188000,10.11.219.6
3372,583,1649320095.248419000,10.11.219.6
3373,-66,1649320095.249465000,104.93.8.214
3374,-66,1649320095.263960000,18.179.228.131
3375,-2802,1649320095.263970000,18.179.228.131
3376,66,1649320095.263977000,10.11.219.6
3377,-326,1649320095.263989000,18.179.228.131
3378,78,1649320095.263992000,10.11.219.6
3379,-1434,1649320095.263994000,18.179.228.131
3380,66,1649320095.263996000,10.11.219.6
3381,-66,1649320095.285268000,18.65.61.201
3382,-2802,1649320095.285278000,18.65.61.201
3383,66,1649320095.285286000,10.11.219.6
3384,-2802,1649320095.285296000,18.65.61.201
3385,66,1649320095.285299000,10.11.219.6
3386,-586,1649320095.285301000,18.65.61.201
3387,66,1649320095.285303000,10.11.219.6
3388,-74,1649320095.295669000,54.236.117.107
3389,66,1649320095.295692000,10.11.219.6
3390,583,1649320095.296982000,10.11.219.6
3391,464,1649320095.297527000,10.11.219.6
3392,583,1649320095.299514000,10.11.219.6
3393,-66,1649320095.301085000,69.192.133.144
3394,192,1649320095.302558000,10.11.219.6
3395,74,1649320095.305073000,10.11.219.6
3396,74,1649320095.305213000,10.11.219.6
3397,74,1649320095.305329000,10.11.219.6
3398,74,1649320095.305472000,10.11.219.6
3399,74,1649320095.305566000,10.11.219.6
3400,583,1649320095.309603000,10.11.219.6
3401,74,1649320095.310636000,10.11.219.6
3402,74,1649320095.310746000,10.11.219.6
3403,74,1649320095.310860000,10.11.219.6
3404,-74,1649320095.312051000,35.227.202.26
3405,66,1649320095.312066000,10.11.219.6
3406,-74,1649320095.312074000,34.98.64.218
3407,66,1649320095.312078000,10.11.219.6
3408,74,1649320095.312727000,10.11.219.6
3409,74,1649320095.312877000,10.11.219.6
3410,74,1649320095.313078000,10.11.219.6
3411,74,1649320095.313166000,10.11.219.6
3412,74,1649320095.313259000,10.11.219.6
3413,-74,1649320095.315348000,69.192.133.13
3414,66,1649320095.315367000,10.11.219.6
3415,-117,1649320095.315889000,18.179.228.131
3416,66,1649320095.315895000,10.11.219.6
3417,583,1649320095.317021000,10.11.219.6
3418,583,1649320095.318822000,10.11.219.6
3419,583,1649320095.321332000,10.11.219.6
3420,-66,1649320095.322243000,34.98.64.218
3421,-1434,1649320095.324417000,34.98.64.218
3422,66,1649320095.324427000,10.11.219.6
3423,-641,1649320095.324442000,34.98.64.218
3424,78,1649320095.324446000,10.11.219.6
3425,-66,1649320095.324460000,35.227.202.26
3426,-66,1649320095.324463000,69.192.133.13
3427,-74,1649320095.324465000,54.238.160.164
3428,66,1649320095.324473000,10.11.219.6
3429,-74,1649320095.324476000,31.13.82.36
3430,66,1649320095.324480000,10.11.219.6
3431,-1434,1649320095.324482000,34.98.64.218
3432,66,1649320095.324486000,10.11.219.6
3433,-74,1649320095.325828000,103.231.99.80
3434,66,1649320095.325835000,10.11.219.6
3435,-3692,1649320095.325840000,35.227.202.26
3436,66,1649320095.325845000,10.11.219.6
3437,-2802,1649320095.325849000,69.192.133.13
3438,66,1649320095.325852000,10.11.219.6
3439,-1426,1649320095.325856000,69.192.133.13
3440,66,1649320095.325859000,10.11.219.6
3441,583,1649320095.327866000,10.11.219.6
3442,-74,1649320095.328108000,54.150.10.110
3443,66,1649320095.328123000,10.11.219.6
3444,-454,1649320095.328128000,69.192.133.13
3445,66,1649320095.328131000,10.11.219.6
3446,583,1649320095.329667000,10.11.219.6
3447,192,1649320095.333592000,10.11.219.6
3448,583,1649320095.336284000,10.11.219.6
3449,-66,1649320095.337180000,69.192.133.13
3450,-340,1649320095.337188000,69.192.133.13
3451,66,1649320095.337194000,10.11.219.6
3452,583,1649320095.338388000,10.11.219.6
3453,74,1649320095.339193000,10.11.219.6
3454,74,1649320095.339620000,10.11.219.6
3455,-66,1649320095.341997000,54.238.160.164
3456,-5426,1649320095.342009000,54.238.160.164
3457,66,1649320095.342021000,10.11.219.6
3458,-66,1649320095.342031000,31.13.82.36
3459,-1434,1649320095.342859000,31.13.82.36
3460,66,1649320095.342865000,10.11.219.6
3461,-765,1649320095.342870000,31.13.82.36
3462,78,1649320095.342873000,10.11.219.6
3463,-1434,1649320095.342874000,31.13.82.36
3464,66,1649320095.342877000,10.11.219.6
3465,-74,1649320095.344731000,142.250.76.130
3466,66,1649320095.344749000,10.11.219.6
3467,-74,1649320095.344760000,142.250.207.98
3468,66,1649320095.344766000,10.11.219.6
3469,192,1649320095.345600000,10.11.219.6
3470,-669,1649320095.347027000,18.65.110.227
3471,66,1649320095.347034000,10.11.219.6
3472,-97,1649320095.347042000,18.65.110.227
3473,66,1649320095.347043000,10.11.219.6
3474,583,1649320095.350942000,10.11.219.6
3475,-66,1649320095.351814000,103.231.99.80
3476,-3527,1649320095.351826000,54.150.10.110
3477,66,1649320095.351834000,10.11.219.6
3478,583,1649320095.352825000,10.11.219.6
3479,-2802,1649320095.354002000,103.231.99.80
3480,66,1649320095.354010000,10.11.219.6
3481,-333,1649320095.354018000,103.231.99.80
3482,78,1649320095.354021000,10.11.219.6
3483,-66,1649320095.354023000,142.250.76.130
3484,-1434,1649320095.354026000,103.231.99.80
3485,66,1649320095.354028000,10.11.219.6
3486,-1186,1649320095.354709000,69.192.133.13
3487,66,1649320095.354713000,10.11.219.6
3488,192,1649320095.356674000,10.11.219.6
3489,-66,1649320095.357271000,142.250.207.98
3490,-324,1649320095.357278000,54.238.160.164
3491,66,1649320095.357283000,10.11.219.6
3492,-135,1649320095.357290000,54.238.160.164
3493,66,1649320095.357292000,10.11.219.6
3494,192,1649320095.363475000,10.11.219.6
3495,74,1649320095.365176000,10.11.219.6
3496,-235,1649320095.365885000,54.71.91.162
3497,66,1649320095.365902000,10.11.219.6
3498,-104,1649320095.365911000,54.71.91.162
3499,66,1649320095.365914000,10.11.219.6
3500,-1434,1649320095.365918000,103.231.99.80
3501,78,1649320095.365923000,10.11.219.6
3502,-784,1649320095.366579000,69.192.133.144
3503,66,1649320095.366589000,10.11.219.6
3504,-117,1649320095.370842000,54.150.10.110
3505,66,1649320095.370860000,10.11.219.6
3506,-74,1649320095.371462000,119.9.108.211
3507,66,1649320095.371477000,10.11.219.6
3508,583,1649320095.373340000,10.11.219.6
3509,-66,1649320095.375274000,103.231.99.80
3510,-72,1649320095.375293000,103.231.99.80
3511,66,1649320095.375306000,10.11.219.6
3512,-111,1649320095.375334000,103.231.99.80
3513,66,1649320095.375338000,10.11.219.6
3514,-122,1649320095.375343000,103.231.99.80
3515,66,1649320095.375345000,10.11.219.6
3516,-74,1649320095.375854000,18.138.31.125
3517,66,1649320095.375870000,10.11.219.6
3518,-74,1649320095.377289000,103.231.99.243
3519,66,1649320095.377307000,10.11.219.6
3520,583,1649320095.378004000,10.11.219.6
3521,583,1649320095.380219000,10.11.219.6
3522,130,1649320095.386652000,10.11.219.6
3523,-98,1649320095.387533000,69.173.158.64
3524,78,1649320095.387551000,10.11.219.6
3525,-1434,1649320095.387563000,69.173.158.64
3526,66,1649320095.387570000,10.11.219.6
3527,-1430,1649320095.387574000,69.173.158.64
3528,66,1649320095.387579000,10.11.219.6
3529,-720,1649320095.387582000,69.173.158.64
3530,66,1649320095.387585000,10.11.219.6
3531,-70,1649320095.387588000,103.71.26.126
3532,66,1649320095.387604000,10.11.219.6
3533,-74,1649320095.391310000,103.43.90.117
3534,66,1649320095.391338000,10.11.219.6
3535,-646,1649320095.391353000,35.186.254.217
3536,66,1649320095.391359000,10.11.219.6
3537,-74,1649320095.391362000,69.173.158.64
3538,66,1649320095.391367000,10.11.219.6
3539,-66,1649320095.391706000,103.231.99.243
3540,-2802,1649320095.396437000,103.231.99.243
3541,66,1649320095.396452000,10.11.219.6
3542,-333,1649320095.396466000,103.231.99.243
3543,78,1649320095.396469000,10.11.219.6
3544,-1434,1649320095.396471000,103.231.99.243
3545,66,1649320095.396473000,10.11.219.6
3546,-2802,1649320095.396485000,142.250.76.130
3547,66,1649320095.396492000,10.11.219.6
3548,-496,1649320095.396494000,142.250.76.130
3549,78,1649320095.396496000,10.11.219.6
3550,-1434,1649320095.396502000,142.250.76.130
3551,66,1649320095.396505000,10.11.219.6
3552,-2802,1649320095.398578000,142.250.207.98
3553,66,1649320095.398587000,10.11.219.6
3554,-496,1649320095.398883000,142.250.207.98
3555,78,1649320095.398889000,10.11.219.6
3556,-1434,1649320095.398893000,142.250.207.98
3557,66,1649320095.398896000,10.11.219.6
3558,-1434,1649320095.409906000,103.231.99.243
3559,78,1649320095.409921000,10.11.219.6
3560,-105,1649320095.419439000,209.54.180.3
3561,54,1649320095.419456000,10.11.219.6
3562,-1434,1649320095.438403000,119.9.108.211
3563,66,1649320095.438419000,10.11.219.6
3564,-308,1649320095.438432000,119.9.108.211
3565,78,1649320095.438435000,10.11.219.6
3566,-1434,1649320095.438437000,119.9.108.211
3567,66,1649320095.438439000,10.11.219.6
3568,-66,1649320095.449705000,18.138.31.125
3569,-5490,1649320095.456831000,18.138.31.125
3570,66,1649320095.456850000,10.11.219.6
3571,236,1649320095.456891000,10.11.219.6
3572,403,1649320095.456925000,10.11.219.6
3573,-66,1649320095.461453000,35.186.254.217
3574,-97,1649320095.461468000,35.186.254.217
3575,66,1649320095.461478000,10.11.219.6
3576,216,1649320095.462517000,10.11.219.6
3577,192,1649320095.471133000,10.11.219.6
3578,292,1649320095.471337000,10.11.219.6
3579,405,1649320095.471437000,10.11.219.6
3580,505,1649320095.471844000,10.11.219.6
3581,398,1649320095.471888000,10.11.219.6
3582,399,1649320095.471980000,10.11.219.6
3583,-441,1649320095.472163000,35.186.254.217
3584,66,1649320095.472176000,10.11.219.6
3585,580,1649320095.472515000,10.11.219.6
3586,400,1649320095.472566000,10.11.219.6
3587,287,1649320095.472573000,10.11.219.6
3588,562,1649320095.472639000,10.11.219.6
3589,130,1649320095.473544000,10.11.219.6
3590,97,1649320095.473790000,10.11.219.6
3591,-66,1649320095.475491000,18.65.110.227
3592,-66,1649320095.475507000,18.65.110.227
3593,-66,1649320095.475511000,69.192.133.13
3594,-66,1649320095.475515000,18.65.110.227
3595,-674,1649320095.484370000,142.250.76.130
3596,66,1649320095.484386000,10.11.219.6
3597,-74,1649320095.484403000,34.226.104.236
3598,66,1649320095.484413000,10.11.219.6
3599,-66,1649320095.484417000,35.186.254.217
3600,-66,1649320095.484419000,103.231.99.243
3601,-117,1649320095.484421000,103.231.99.243
3602,66,1649320095.484423000,10.11.219.6
3603,-122,1649320095.484425000,103.231.99.243
3604,66,1649320095.484427000,10.11.219.6
3605,-66,1649320095.493183000,54.236.117.107
3606,-4170,1649320095.493195000,54.236.117.107
3607,66,1649320095.493204000,10.11.219.6
3608,-166,1649320095.493219000,54.236.117.107
3609,78,1649320095.493222000,10.11.219.6
3610,-1434,1649320095.493226000,54.236.117.107
3611,66,1649320095.493229000,10.11.219.6
3612,105,1649320095.526943000,10.11.219.6
3613,214,1649320095.527209000,10.11.219.6
3614,290,1649320095.528296000,10.11.219.6
3615,403,1649320095.528467000,10.11.219.6
3616,236,1649320095.528691000,10.11.219.6
3617,357,1649320095.528708000,10.11.219.6
3618,192,1649320095.531757000,10.11.219.6
3619,583,1649320095.533386000,10.11.219.6
3620,192,1649320095.536240000,10.11.219.6
3621,583,1649320095.538816000,10.11.219.6
3622,583,1649320095.540462000,10.11.219.6
3623,502,1649320095.543313000,10.11.219.6
3624,728,1649320095.543412000,10.11.219.6
3625,583,1649320095.545185000,10.11.219.6
3626,74,1649320095.545277000,10.11.219.6
3627,130,1649320095.548706000,10.11.219.6
3628,526,1649320095.549037000,10.11.219.6
3629,97,1649320095.549414000,10.11.219.6
3630,-676,1649320095.588747000,69.192.133.13
3631,66,1649320095.588765000,10.11.219.6
3632,-141,1649320095.588792000,69.173.158.64
3633,66,1649320095.588808000,10.11.219.6
3634,-66,1649320095.588817000,18.65.61.201
3635,-668,1649320095.588823000,18.65.110.227
3636,66,1649320095.588830000,10.11.219.6
3637,-97,1649320095.588836000,18.65.110.227
3638,66,1649320095.588842000,10.11.219.6
3639,-2802,1649320095.588849000,18.65.61.201
3640,66,1649320095.588854000,10.11.219.6
3641,-2802,1649320095.588860000,18.65.61.201
3642,66,1649320095.588867000,10.11.219.6
3643,-669,1649320095.588913000,18.65.110.227
3644,66,1649320095.588921000,10.11.219.6
3645,-97,1649320095.588930000,18.65.110.227
3646,66,1649320095.588935000,10.11.219.6
3647,-668,1649320095.588940000,18.65.110.227
3648,66,1649320095.588947000,10.11.219.6
3649,-97,1649320095.588952000,18.65.110.227
3650,66,1649320095.588956000,10.11.219.6
3651,-668,1649320095.588960000,18.65.110.227
3652,66,1649320095.588964000,10.11.219.6
3653,-97,1649320095.588969000,18.65.110.227
3654,66,1649320095.588973000,10.11.219.6
3655,-586,1649320095.588978000,18.65.61.201
3656,66,1649320095.588984000,10.11.219.6
3657,-66,1649320095.595439000,54.71.91.162
3658,-66,1649320095.595476000,35.186.254.217
3659,-66,1649320095.595482000,35.186.254.217
3660,-66,1649320095.595485000,18.65.110.227
3661,-66,1649320095.595489000,142.250.76.130
3662,-97,1649320095.595494000,142.250.76.130
3663,66,1649320095.595506000,10.11.219.6
3664,-66,1649320095.595533000,18.65.110.227
3665,-235,1649320095.597826000,54.71.91.162
3666,66,1649320095.597908000,10.11.219.6
3667,-104,1649320095.597952000,54.71.91.162
3668,66,1649320095.597963000,10.11.219.6
3669,-235,1649320095.597978000,54.71.91.162
3670,66,1649320095.597983000,10.11.219.6
3671,-104,1649320095.597991000,54.71.91.162
3672,66,1649320095.597995000,10.11.219.6
3673,-235,1649320095.597998000,54.71.91.162
3674,66,1649320095.598001000,10.11.219.6
3675,-104,1649320095.598004000,54.71.91.162
3676,66,1649320095.598007000,10.11.219.6
3677,-235,1649320095.598011000,54.71.91.162
3678,66,1649320095.598014000,10.11.219.6
3679,-104,1649320095.598017000,54.71.91.162
3680,66,1649320095.598020000,10.11.219.6
3681,-66,1649320095.602058000,142.250.76.130
3682,146,1649320095.605195000,10.11.219.6
3683,-191,1649320095.607484000,35.186.254.217
3684,66,1649320095.607508000,10.11.219.6
3685,-369,1649320095.617244000,18.178.22.21
3686,66,1649320095.617255000,10.11.219.6
3687,-369,1649320095.617264000,18.178.22.21
3688,66,1649320095.617266000,10.11.219.6
3689,-109,1649320095.617269000,18.178.22.21
3690,66,1649320095.617270000,10.11.219.6
3691,-743,1649320095.625858000,104.93.8.214
3692,66,1649320095.625876000,10.11.219.6
3693,130,1649320095.638960000,10.11.219.6
3694,-718,1649320095.639768000,142.250.76.130
3695,66,1649320095.639782000,10.11.219.6
3696,-397,1649320095.639798000,142.250.76.130
3697,66,1649320095.639803000,10.11.219.6
3698,-97,1649320095.639808000,142.250.76.130
3699,66,1649320095.639812000,10.11.219.6
3700,-105,1649320095.639816000,142.250.76.130
3701,66,1649320095.639819000,10.11.219.6
3702,506,1649320095.639906000,10.11.219.6
3703,236,1649320095.640692000,10.11.219.6
3704,368,1649320095.640714000,10.11.219.6
3705,105,1649320095.642896000,10.11.219.6
3706,105,1649320095.642956000,10.11.219.6
3707,97,1649320095.642988000,10.11.219.6
3708,243,1649320095.646349000,10.11.219.6
3709,353,1649320095.646394000,10.11.219.6
3710,236,1649320095.646548000,10.11.219.6
3711,431,1649320095.646571000,10.11.219.6
3712,573,1649320095.646611000,10.11.219.6
3713,-66,1649320095.647299000,142.250.76.130
3714,-639,1649320095.647310000,209.54.180.3
3715,54,1649320095.647321000,10.11.219.6
3716,104,1649320095.648735000,10.11.219.6
3717,-66,1649320095.651382000,104.244.42.67
3718,-66,1649320095.651392000,35.186.254.217
3719,174,1649320095.651762000,10.11.219.6
3720,513,1649320095.652753000,10.11.219.6
3721,74,1649320095.654049000,10.11.219.6
3722,545,1649320095.654320000,10.11.219.6
3723,74,1649320095.655296000,10.11.219.6
3724,-97,1649320095.655895000,18.178.22.21
3725,66,1649320095.655908000,10.11.219.6
3726,-66,1649320095.655916000,18.178.22.21
3727,-66,1649320095.655933000,142.250.76.130
3728,-66,1649320095.656803000,69.192.133.13
3729,-66,1649320095.659317000,54.92.121.120
3730,-66,1649320095.659323000,104.244.42.67
3731,-66,1649320095.659327000,104.244.42.67
3732,-104,1649320095.659329000,54.92.121.120
3733,66,1649320095.659332000,10.11.219.6
3734,-593,1649320095.659337000,104.244.42.67
3735,66,1649320095.659343000,10.11.219.6
3736,-413,1649320095.659346000,54.92.121.120
3737,66,1649320095.659349000,10.11.219.6
3738,97,1649320095.660374000,10.11.219.6
3739,130,1649320095.660588000,10.11.219.6
3740,236,1649320095.661206000,10.11.219.6
3741,-549,1649320095.661350000,18.178.22.21
3742,66,1649320095.661360000,10.11.219.6
3743,402,1649320095.661678000,10.11.219.6
3744,-324,1649320095.662328000,18.138.31.125
3745,66,1649320095.662341000,10.11.219.6
3746,-135,1649320095.662344000,18.138.31.125
3747,66,1649320095.662347000,10.11.219.6
3748,-924,1649320095.663540000,18.179.228.131
3749,66,1649320095.663559000,10.11.219.6
3750,130,1649320095.664294000,10.11.219.6
3751,171,1649320095.665083000,10.11.219.6
3752,-66,1649320095.665645000,35.227.202.26
3753,-646,1649320095.665659000,35.227.202.26
3754,66,1649320095.665666000,10.11.219.6
3755,-97,1649320095.665680000,35.227.202.26
3756,236,1649320095.665680000,10.11.219.6
3757,66,1649320095.665686000,10.11.219.6
3758,474,1649320095.665699000,10.11.219.6
3759,97,1649320095.667204000,10.11.219.6
3760,185,1649320095.667336000,10.11.219.6
3761,595,1649320095.669048000,10.11.219.6
3762,130,1649320095.669499000,10.11.219.6
3763,236,1649320095.670133000,10.11.219.6
3764,-66,1649320095.692330000,103.43.90.117
3765,-2642,1649320095.692341000,103.43.90.117
3766,66,1649320095.692350000,10.11.219.6
3767,-234,1649320095.692364000,103.43.90.117
3768,66,1649320095.692378000,10.11.219.6
3769,-66,1649320095.692387000,103.71.26.126
3770,-66,1649320095.692395000,104.244.42.67
3771,-98,1649320095.692444000,69.173.158.64
3772,78,1649320095.692460000,10.11.219.6
3773,-1434,1649320095.692476000,69.173.158.64
3774,66,1649320095.692488000,10.11.219.6
3775,-1430,1649320095.692499000,69.173.158.64
3776,66,1649320095.692508000,10.11.219.6
3777,-720,1649320095.692517000,69.173.158.64
3778,66,1649320095.692525000,10.11.219.6
3779,-1434,1649320095.692534000,103.71.26.126
3780,66,1649320095.692542000,10.11.219.6
3781,-1983,1649320095.692600000,103.71.26.126
3782,66,1649320095.692615000,10.11.219.6
3783,-66,1649320095.692627000,35.227.202.26
3784,-66,1649320095.692638000,31.13.82.36
3785,-237,1649320095.692648000,31.13.82.36
3786,66,1649320095.692659000,10.11.219.6
3787,-146,1649320095.692670000,31.13.82.36
3788,66,1649320095.692679000,10.11.219.6
3789,-66,1649320095.692688000,31.13.82.36
3790,-66,1649320095.692698000,31.13.82.36
3791,-110,1649320095.692753000,31.13.82.36
3792,66,1649320095.692762000,10.11.219.6
3793,-66,1649320095.692774000,54.92.121.120
3794,-219,1649320095.692782000,54.92.121.120
3795,66,1649320095.692789000,10.11.219.6
3796,-352,1649320095.692817000,18.178.22.21
3797,66,1649320095.692827000,10.11.219.6
3798,412,1649320095.696001000,10.11.219.6
3799,-190,1649320095.698986000,142.250.76.130
3800,66,1649320095.699004000,10.11.219.6
3801,-366,1649320095.699023000,142.250.76.130
3802,66,1649320095.699032000,10.11.219.6
3803,-97,1649320095.699040000,142.250.76.130
3804,66,1649320095.699047000,10.11.219.6
3805,-105,1649320095.699053000,142.250.76.130
3806,66,1649320095.699059000,10.11.219.6
3807,-646,1649320095.699090000,34.98.64.218
3808,66,1649320095.699108000,10.11.219.6
3809,-97,1649320095.699117000,34.98.64.218
3810,66,1649320095.699124000,10.11.219.6
3811,159,1649320095.699957000,10.11.219.6
3812,-670,1649320095.701232000,18.65.110.227
3813,66,1649320095.701236000,10.11.219.6
3814,-97,1649320095.701240000,18.65.110.227
3815,66,1649320095.701244000,10.11.219.6
3816,-669,1649320095.701254000,18.65.110.227
3817,66,1649320095.701256000,10.11.219.6
3818,-97,1649320095.701259000,18.65.110.227
3819,66,1649320095.701261000,10.11.219.6
3820,-668,1649320095.705469000,18.65.110.227
3821,66,1649320095.705484000,10.11.219.6
3822,-97,1649320095.705502000,18.65.110.227
3823,66,1649320095.705507000,10.11.219.6
3824,-66,1649320095.705511000,34.98.64.218
3825,192,1649320095.705575000,10.11.219.6
3826,97,1649320095.706061000,10.11.219.6
3827,97,1649320095.706244000,10.11.219.6
3828,-110,1649320095.707795000,31.13.82.36
3829,78,1649320095.707810000,10.11.219.6
3830,-656,1649320095.707821000,35.227.202.26
3831,66,1649320095.707824000,10.11.219.6
3832,-66,1649320095.708351000,34.98.64.218
3833,216,1649320095.710459000,10.11.219.6
3834,-1120,1649320095.710805000,69.192.133.13
3835,66,1649320095.710814000,10.11.219.6
3836,-705,1649320095.711388000,18.179.228.131
3837,66,1649320095.711402000,10.11.219.6
3838,105,1649320095.711433000,10.11.219.6
3839,105,1649320095.713036000,10.11.219.6
3840,-66,1649320095.715408000,54.71.91.162
3841,-235,1649320095.715423000,54.71.91.162
3842,-104,1649320095.715427000,54.71.91.162
3843,-66,1649320095.715796000,142.250.76.130
3844,-235,1649320095.718804000,54.71.91.162
3845,-104,1649320095.718815000,54.71.91.162
3846,-66,1649320095.720965000,35.227.202.26
3847,-272,1649320095.723247000,54.71.91.162
3848,-473,1649320095.741389000,34.98.64.218
3849,66,1649320095.741413000,10.11.219.6
3850,549,1649320095.757151000,10.11.219.6
3851,74,1649320095.757263000,10.11.219.6
3852,66,1649320095.757413000,10.11.219.6
3853,531,1649320095.758317000,10.11.219.6
3854,243,1649320095.758540000,10.11.219.6
3855,343,1649320095.758552000,10.11.219.6
3856,-443,1649320095.760086000,104.244.42.67
3857,66,1649320095.760104000,10.11.219.6
3858,-74,1649320095.760120000,34.226.104.236
3859,66,1649320095.760134000,10.11.219.6
3860,-66,1649320095.760137000,69.192.133.13
3861,-66,1649320095.760140000,31.13.82.36
3862,-66,1649320095.767049000,34.226.104.236
3863,-1434,1649320095.771939000,34.226.104.236
3864,66,1649320095.771971000,10.11.219.6
3865,-886,1649320095.772002000,34.226.104.236
3866,78,1649320095.772009000,10.11.219.6
3867,-66,1649320095.772013000,54.150.10.110
3868,-119,1649320095.772020000,54.150.10.110
3869,66,1649320095.772023000,10.11.219.6
3870,-66,1649320095.772026000,35.213.12.39
3871,-932,1649320095.772028000,54.150.10.110
3872,66,1649320095.772031000,10.11.219.6
3873,-1434,1649320095.772032000,34.226.104.236
3874,66,1649320095.772034000,10.11.219.6
3875,-117,1649320095.772392000,54.236.117.107
3876,66,1649320095.772400000,10.11.219.6
3877,-135,1649320095.772405000,54.236.117.107
3878,66,1649320095.772407000,10.11.219.6
3879,-923,1649320095.772409000,35.213.12.39
3880,66,1649320095.772410000,10.11.219.6
3881,-66,1649320095.778909000,103.43.90.117
3882,-340,1649320095.778919000,103.43.90.117
3883,66,1649320095.778926000,10.11.219.6
3884,-66,1649320095.787449000,103.71.26.126
3885,-117,1649320095.787454000,103.71.26.126
3886,66,1649320095.787458000,10.11.219.6
3887,-141,1649320095.791696000,69.173.158.64
3888,66,1649320095.791704000,10.11.219.6
3889,-771,1649320095.815268000,69.192.133.13
3890,66,1649320095.815279000,10.11.219.6
3891,-639,1649320095.819523000,209.54.180.3
3892,54,1649320095.819540000,10.11.219.6
3893,105,1649320095.820625000,10.11.219.6
3894,104,1649320095.822406000,10.11.219.6
3895,74,1649320095.822992000,10.11.219.6
3896,535,1649320095.824063000,10.11.219.6
3897,-66,1649320095.827051000,209.54.180.3
3898,54,1649320095.827075000,10.11.219.6
3899,-639,1649320095.827091000,209.54.180.3
3900,54,1649320095.827097000,10.11.219.6
3901,192,1649320095.827447000,10.11.219.6
3902,243,1649320095.827740000,10.11.219.6
3903,470,1649320095.827754000,10.11.219.6
3904,505,1649320095.828668000,10.11.219.6
3905,130,1649320095.828934000,10.11.219.6
3906,104,1649320095.829379000,10.11.219.6
3907,253,1649320095.830730000,10.11.219.6
3908,-66,1649320095.831361000,209.54.180.3
3909,54,1649320095.831386000,10.11.219.6
3910,-66,1649320095.831400000,34.98.64.218
3911,-66,1649320095.833453000,142.250.76.130
3912,-66,1649320095.833463000,142.250.76.130
3913,583,1649320095.833682000,10.11.219.6
3914,-674,1649320095.833959000,142.250.76.130
3915,66,1649320095.833975000,10.11.219.6
3916,-97,1649320095.834370000,142.250.76.130
3917,66,1649320095.834379000,10.11.219.6
3918,172,1649320095.835050000,10.11.219.6
3919,524,1649320095.835894000,10.11.219.6
3920,571,1649320095.840186000,10.11.219.6
3921,90,1649320095.840350000,10.11.219.6
3922,66,1649320095.840372000,10.11.219.6
3923,-66,1649320095.841194000,103.231.99.80
3924,-104,1649320095.841214000,103.231.99.80
3925,66,1649320095.841225000,10.11.219.6
3926,-66,1649320095.841243000,142.250.76.130
3927,-602,1649320095.841267000,103.231.99.80
3928,66,1649320095.841272000,10.11.219.6
3929,-104,1649320095.841278000,103.231.99.80
3930,66,1649320095.841282000,10.11.219.6
3931,-2783,1649320095.842041000,31.13.82.36
3932,66,1649320095.842052000,10.11.219.6
3933,-66,1649320095.842072000,103.231.99.80
3934,243,1649320095.843162000,10.11.219.6
3935,407,1649320095.843197000,10.11.219.6
3936,-66,1649320095.843756000,142.250.76.130
3937,66,1649320095.843773000,10.11.219.6
3938,-66,1649320095.843784000,142.250.76.130
3939,571,1649320095.845926000,10.11.219.6
3940,104,1649320095.850563000,10.11.219.6
3941,243,1649320095.853107000,10.11.219.6
3942,349,1649320095.853139000,10.11.219.6
3943,104,1649320095.855164000,10.11.219.6
3944,-66,1649320095.855177000,103.231.99.243
3945,-104,1649320095.855192000,103.231.99.243
3946,66,1649320095.855197000,10.11.219.6
3947,-407,1649320095.855204000,103.231.99.243
3948,66,1649320095.855208000,10.11.219.6
3949,-66,1649320095.861610000,103.231.99.243
3950,130,1649320095.862608000,10.11.219.6
3951,130,1649320095.863397000,10.11.219.6
3952,-66,1649320095.863963000,54.238.160.164
3953,-104,1649320095.863968000,54.238.160.164
3954,66,1649320095.863975000,10.11.219.6
3955,-698,1649320095.867226000,54.238.160.164
3956,66,1649320095.867239000,10.11.219.6
3957,-66,1649320095.875912000,54.150.10.110
3958,-66,1649320095.875927000,18.65.61.201
3959,-66,1649320095.875930000,18.65.61.201
3960,-576,1649320095.875933000,18.65.61.201
3961,66,1649320095.875947000,10.11.219.6
3962,-315,1649320095.885804000,142.250.76.130
3963,-396,1649320095.885814000,142.250.76.130
3964,-97,1649320095.885816000,142.250.76.130
3965,-105,1649320095.885817000,142.250.76.130
3966,-105,1649320095.897831000,142.250.76.130
3967,78,1649320095.897834000,10.11.219.6
3968,-903,1649320095.909675000,69.173.158.64
3969,66,1649320095.909693000,10.11.219.6
3970,-66,1649320095.909710000,54.238.160.164
3971,539,1649320095.910949000,10.11.219.6
3972,229,1649320095.911348000,10.11.219.6
3973,165,1649320095.911464000,10.11.219.6
3974,537,1649320095.911557000,10.11.219.6
3975,221,1649320095.911920000,10.11.219.6
3976,105,1649320095.912301000,10.11.219.6
3977,130,1649320095.914565000,10.11.219.6
3978,-66,1649320095.915181000,34.98.64.218
3979,-66,1649320095.915196000,142.250.76.130
3980,236,1649320095.915611000,10.11.219.6
3981,389,1649320095.915647000,10.11.219.6
3982,-674,1649320095.918220000,142.250.207.98
3983,66,1649320095.918246000,10.11.219.6
3984,-66,1649320095.918261000,142.250.207.98
3985,-97,1649320095.918267000,142.250.207.98
3986,66,1649320095.918271000,10.11.219.6
3987,97,1649320095.918803000,10.11.219.6
3988,-66,1649320095.923926000,103.231.99.243
3989,-136,1649320095.923932000,103.231.99.243
3990,66,1649320095.923934000,10.11.219.6
3991,-66,1649320095.923937000,54.150.10.110
3992,-66,1649320095.923940000,209.54.180.3
3993,54,1649320095.923955000,10.11.219.6
3994,-145,1649320095.924483000,119.9.108.211
3995,66,1649320095.924497000,10.11.219.6
3996,-145,1649320095.924504000,119.9.108.211
3997,66,1649320095.924507000,10.11.219.6
3998,-419,1649320095.926985000,54.150.10.110
3999,66,1649320095.926993000,10.11.219.6
4000,-330,1649320095.927003000,35.213.12.39
4001,66,1649320095.927011000,10.11.219.6
4002,-66,1649320095.927014000,142.250.207.98
4003,501,1649320095.950523000,10.11.219.6
4004,179,1649320095.951759000,10.11.219.6
4005,545,1649320095.951923000,10.11.219.6
4006,-66,1649320095.954718000,142.250.76.130
4007,571,1649320095.956580000,10.11.219.6
4008,550,1649320095.957345000,10.11.219.6
4009,487,1649320095.957446000,10.11.219.6
4010,-355,1649320095.959030000,34.98.64.218
4011,66,1649320095.959051000,10.11.219.6
4012,105,1649320095.959531000,10.11.219.6
4013,-755,1649320095.963438000,142.250.207.98
4014,66,1649320095.963456000,10.11.219.6
4015,-139,1649320095.963473000,142.250.207.98
4016,66,1649320095.963477000,10.11.219.6
4017,-97,1649320095.963481000,142.250.207.98
4018,66,1649320095.963483000,10.11.219.6
4019,-105,1649320095.963485000,142.250.207.98
4020,66,1649320095.963487000,10.11.219.6
4021,-66,1649320095.963490000,34.98.64.218
4022,105,1649320095.966013000,10.11.219.6
4023,105,1649320095.966151000,10.11.219.6
4024,105,1649320095.966191000,10.11.219.6
4025,105,1649320095.966215000,10.11.219.6
4026,105,1649320095.966239000,10.11.219.6
4027,112,1649320095.966293000,10.11.219.6
4028,112,1649320095.966326000,10.11.219.6
4029,112,1649320095.966420000,10.11.219.6
4030,105,1649320095.966469000,10.11.219.6
4031,112,1649320095.966491000,10.11.219.6
4032,112,1649320095.966515000,10.11.219.6
4033,112,1649320095.966566000,10.11.219.6
4034,105,1649320095.966646000,10.11.219.6
4035,112,1649320095.966677000,10.11.219.6
4036,105,1649320095.966707000,10.11.219.6
4037,112,1649320095.966737000,10.11.219.6
4038,105,1649320095.966839000,10.11.219.6
4039,105,1649320095.966878000,10.11.219.6
4040,105,1649320095.966929000,10.11.219.6
4041,105,1649320095.966951000,10.11.219.6
4042,112,1649320095.966970000,10.11.219.6
4043,105,1649320095.966994000,10.11.219.6
4044,97,1649320095.967257000,10.11.219.6
4045,66,1649320095.967267000,10.11.219.6
4046,97,1649320095.967407000,10.11.219.6
4047,66,1649320095.967422000,10.11.219.6
4048,119,1649320095.967554000,10.11.219.6
4049,66,1649320095.967573000,10.11.219.6
4050,97,1649320095.967654000,10.11.219.6
4051,66,1649320095.967665000,10.11.219.6
4052,90,1649320095.967921000,10.11.219.6
4053,66,1649320095.967933000,10.11.219.6
4054,97,1649320095.968064000,10.11.219.6
4055,66,1649320095.968078000,10.11.219.6
4056,97,1649320095.968174000,10.11.219.6
4057,66,1649320095.968185000,10.11.219.6
4058,90,1649320095.968282000,10.11.219.6
4059,66,1649320095.968293000,10.11.219.6
4060,90,1649320095.968398000,10.11.219.6
4061,66,1649320095.968408000,10.11.219.6
4062,107,1649320095.968528000,10.11.219.6
4063,54,1649320095.968541000,10.11.219.6
4064,85,1649320095.968838000,10.11.219.6
4065,54,1649320095.968851000,10.11.219.6
4066,85,1649320095.968982000,10.11.219.6
4067,54,1649320095.968996000,10.11.219.6
4068,85,1649320095.969118000,10.11.219.6
4069,54,1649320095.969130000,10.11.219.6
4070,85,1649320095.969247000,10.11.219.6
4071,54,1649320095.969258000,10.11.219.6
4072,85,1649320095.969436000,10.11.219.6
4073,54,1649320095.969450000,10.11.219.6
4074,85,1649320095.969606000,10.11.219.6
4075,54,1649320095.969620000,10.11.219.6
4076,90,1649320095.969978000,10.11.219.6
4077,66,1649320095.969994000,10.11.219.6
4078,90,1649320095.970180000,10.11.219.6
4079,66,1649320095.970193000,10.11.219.6
4080,-66,1649320095.970377000,35.186.254.217
4081,-66,1649320095.970385000,35.227.202.26
4082,-66,1649320095.970388000,18.65.156.177
4083,-66,1649320095.970391000,142.250.207.98
4084,-66,1649320095.970394000,18.65.148.37
4085,97,1649320095.970395000,10.11.219.6
4086,-66,1649320095.970397000,18.65.110.227
4087,-66,1649320095.970399000,69.192.133.13
4088,66,1649320095.970411000,10.11.219.6
4089,-66,1649320095.970417000,34.98.64.218
4090,-66,1649320095.970420000,18.65.116.37
4091,-66,1649320095.970483000,69.192.133.144
4092,-66,1649320095.970521000,104.93.8.214
4093,-97,1649320095.970524000,69.192.133.144
4094,54,1649320095.970535000,10.11.219.6
4095,-90,1649320095.970544000,104.93.8.214
4096,54,1649320095.970550000,10.11.219.6
4097,-66,1649320095.970555000,69.192.133.144
4098,54,1649320095.970560000,10.11.219.6
4099,-66,1649320095.970564000,104.93.8.214
4100,54,1649320095.970567000,10.11.219.6
4101,90,1649320095.970713000,10.11.219.6
4102,66,1649320095.970808000,10.11.219.6
4103,-66,1649320095.971528000,69.192.133.13
4104,-97,1649320095.971538000,69.192.133.13
4105,54,1649320095.971552000,10.11.219.6
4106,-66,1649320095.971565000,69.192.133.13
4107,54,1649320095.971571000,10.11.219.6
4108,-97,1649320095.971576000,69.192.133.13
4109,54,1649320095.971582000,10.11.219.6
4110,-66,1649320095.971588000,69.192.133.13
4111,54,1649320095.971592000,10.11.219.6
4112,90,1649320095.972074000,10.11.219.6
4113,66,1649320095.972094000,10.11.219.6
4114,90,1649320095.972322000,10.11.219.6
4115,66,1649320095.972338000,10.11.219.6
4116,97,1649320095.972495000,10.11.219.6
4117,66,1649320095.972507000,10.11.219.6
4118,90,1649320095.972637000,10.11.219.6
4119,66,1649320095.972646000,10.11.219.6
4120,97,1649320095.972741000,10.11.219.6
4121,66,1649320095.972749000,10.11.219.6
4122,90,1649320095.973007000,10.11.219.6
4123,66,1649320095.973019000,10.11.219.6
4124,90,1649320095.973147000,10.11.219.6
4125,66,1649320095.973156000,10.11.219.6
4126,97,1649320095.973374000,10.11.219.6
4127,66,1649320095.973389000,10.11.219.6
4128,-66,1649320095.974197000,18.65.121.79
4129,-66,1649320095.974213000,142.250.207.98
4130,-66,1649320095.974217000,18.65.106.74
4131,-66,1649320095.974220000,142.250.207.98
4132,66,1649320095.974231000,10.11.219.6
4133,-66,1649320095.974247000,18.65.116.118
4134,66,1649320095.974253000,10.11.219.6
4135,90,1649320095.974258000,10.11.219.6
4136,66,1649320095.974276000,10.11.219.6
4137,97,1649320095.974448000,10.11.219.6
4138,66,1649320095.974601000,10.11.219.6
4139,90,1649320095.974761000,10.11.219.6
4140,66,1649320095.974774000,10.11.219.6
4141,90,1649320095.974974000,10.11.219.6
4142,66,1649320095.974984000,10.11.219.6
4143,97,1649320095.975112000,10.11.219.6
4144,66,1649320095.975119000,10.11.219.6
4145,97,1649320095.975189000,10.11.219.6
4146,66,1649320095.975197000,10.11.219.6
4147,97,1649320095.975423000,10.11.219.6
4148,66,1649320095.975430000,10.11.219.6
4149,90,1649320095.975510000,10.11.219.6
4150,66,1649320095.975521000,10.11.219.6
4151,97,1649320095.975617000,10.11.219.6
4152,66,1649320095.975624000,10.11.219.6
4153,90,1649320095.975806000,10.11.219.6
4154,66,1649320095.975814000,10.11.219.6
4155,-710,1649320095.975866000,119.9.108.211
4156,66,1649320095.975886000,10.11.219.6
4157,-66,1649320095.975894000,18.65.106.74
4158,66,1649320095.975901000,10.11.219.6
4159,-66,1649320095.975911000,18.65.121.79
4160,66,1649320095.975917000,10.11.219.6
4161,-66,1649320095.975928000,34.98.64.218
4162,-66,1649320095.975933000,34.98.64.218
4163,-66,1649320095.975941000,34.98.64.218
4164,66,1649320095.975958000,10.11.219.6
4165,90,1649320095.976209000,10.11.219.6
4166,66,1649320095.976221000,10.11.219.6
4167,97,1649320095.976378000,10.11.219.6
4168,66,1649320095.976386000,10.11.219.6
4169,-66,1649320095.976431000,35.186.254.217
4170,-66,1649320095.976439000,18.65.116.37
4171,90,1649320095.976544000,10.11.219.6
4172,66,1649320095.976551000,10.11.219.6
4173,-66,1649320095.977359000,35.186.254.217
4174,66,1649320095.977379000,10.11.219.6
4175,-66,1649320095.977405000,18.65.116.37
4176,66,1649320095.977412000,10.11.219.6
4177,90,1649320095.977534000,10.11.219.6
4178,66,1649320095.977551000,10.11.219.6
