index,size,time,ip
0,103,1647355572.514584000,192.168.10.155
1,236,1647355572.520178000,192.168.10.155
2,693,1647355572.521501000,192.168.10.155
3,97,1647355572.521950000,192.168.10.155
4,74,1647355572.522551000,192.168.10.155
5,-66,1647355572.523247000,54.230.130.235
6,-97,1647355572.523247000,54.230.130.235
7,66,1647355572.523264000,192.168.10.155
8,-66,1647355572.524194000,54.230.130.235
9,-66,1647355572.524295000,54.230.130.235
10,130,1647355572.524297000,192.168.10.155
11,500,1647355572.524434000,192.168.10.155
12,-74,1647355572.524822000,99.86.218.67
13,66,1647355572.524841000,192.168.10.155
14,282,1647355572.524966000,192.168.10.155
15,-66,1647355572.526517000,54.239.168.21
16,-66,1647355572.526950000,54.239.168.21
17,-66,1647355572.527303000,99.86.218.67
18,-1494,1647355572.528008000,99.86.218.67
19,66,1647355572.528026000,192.168.10.155
20,-1494,1647355572.528132000,99.86.218.67
21,66,1647355572.528147000,192.168.10.155
22,-610,1647355572.528660000,54.239.168.21
23,66,1647355572.528667000,192.168.10.155
24,-90,1647355572.528765000,54.239.168.21
25,90,1647355572.528931000,192.168.10.155
26,66,1647355572.528954000,192.168.10.155
27,-1109,1647355572.529838000,99.86.218.67
28,66,1647355572.529847000,192.168.10.155
29,-60,1647355572.531344000,54.239.168.21
30,-60,1647355572.531437000,54.239.168.21
31,159,1647355572.533381000,192.168.10.155
32,74,1647355572.534569000,192.168.10.155
33,-66,1647355572.535295000,99.86.218.67
34,-237,1647355572.535594000,99.86.218.67
35,66,1647355572.535642000,192.168.10.155
36,-135,1647355572.535696000,99.86.218.67
37,66,1647355572.535703000,192.168.10.155
38,-74,1647355572.537073000,54.239.168.21
39,66,1647355572.537095000,192.168.10.155
40,583,1647355572.539253000,192.168.10.155
41,243,1647355572.539885000,192.168.10.155
42,104,1647355572.540171000,192.168.10.155
43,-66,1647355572.541835000,99.86.218.67
44,-104,1647355572.542161000,99.86.218.67
45,66,1647355572.542173000,192.168.10.155
46,538,1647355572.542602000,192.168.10.155
47,-66,1647355572.542798000,54.239.168.21
48,-66,1647355572.542904000,99.86.218.67
49,-1494,1647355572.543461000,54.239.168.21
50,66,1647355572.543474000,192.168.10.155
51,-1494,1647355572.543590000,54.239.168.21
52,66,1647355572.543594000,192.168.10.155
53,-66,1647355572.545088000,99.86.218.18
54,-1208,1647355572.545206000,54.239.168.21
55,66,1647355572.545209000,192.168.10.155
56,-1059,1647355572.545911000,99.86.218.18
57,66,1647355572.545916000,192.168.10.155
58,-97,1647355572.549096000,52.40.161.235
59,-66,1647355572.549098000,52.40.161.235
60,54,1647355572.549126000,192.168.10.155
61,54,1647355572.549149000,192.168.10.155
62,130,1647355572.549313000,192.168.10.155
63,494,1647355572.549536000,192.168.10.155
64,-66,1647355572.552001000,54.239.168.21
65,-66,1647355572.552003000,54.239.168.21
66,-1494,1647355572.552315000,54.239.168.21
67,66,1647355572.552327000,192.168.10.155
68,-1494,1647355572.552490000,54.239.168.21
69,66,1647355572.552518000,192.168.10.155
70,-4350,1647355572.553389000,54.239.168.21
71,-90,1647355572.553392000,54.239.168.21
72,-66,1647355572.553393000,54.239.168.21
73,66,1647355572.553430000,192.168.10.155
74,66,1647355572.553489000,192.168.10.155
75,561,1647355572.553905000,192.168.10.155
76,90,1647355572.554025000,192.168.10.155
77,66,1647355572.554048000,192.168.10.155
78,-60,1647355572.556408000,54.239.168.21
79,-60,1647355572.556409000,54.239.168.21
80,-1447,1647355572.556783000,99.86.218.18
81,74,1647355572.557263000,192.168.10.155
82,-74,1647355572.559623000,54.239.168.21
83,66,1647355572.559645000,192.168.10.155
84,583,1647355572.561530000,192.168.10.155
85,-66,1647355572.565089000,54.239.168.21
86,-1494,1647355572.566537000,54.239.168.21
87,66,1647355572.566551000,192.168.10.155
88,-1494,1647355572.566652000,54.239.168.21
89,66,1647355572.566657000,192.168.10.155
90,-1208,1647355572.568298000,54.239.168.21
91,66,1647355572.568317000,192.168.10.155
92,130,1647355572.571329000,192.168.10.155
93,495,1647355572.571496000,192.168.10.155
94,-66,1647355572.574221000,54.239.168.21
95,-66,1647355572.574530000,54.239.168.21
96,-642,1647355572.575067000,54.239.168.21
97,66,1647355572.575076000,192.168.10.155
98,90,1647355572.575243000,192.168.10.155
99,66,1647355572.575259000,192.168.10.155
100,-90,1647355572.575940000,54.239.168.21
101,54,1647355572.575960000,192.168.10.155
102,74,1647355572.577177000,192.168.10.155
103,-60,1647355572.577699000,54.239.168.21
104,-60,1647355572.577700000,54.239.168.21
105,-74,1647355572.579709000,54.239.168.21
106,66,1647355572.579740000,192.168.10.155
107,583,1647355572.584514000,192.168.10.155
108,-66,1647355572.587462000,54.239.168.21
109,-1494,1647355572.588443000,54.239.168.21
110,66,1647355572.588462000,192.168.10.155
111,-1494,1647355572.588538000,54.239.168.21
112,66,1647355572.588544000,192.168.10.155
113,-1208,1647355572.590343000,54.239.168.21
114,66,1647355572.590356000,192.168.10.155
115,130,1647355572.592387000,192.168.10.155
116,500,1647355572.592525000,192.168.10.155
117,-66,1647355572.594739000,54.239.168.21
118,-66,1647355572.594840000,54.239.168.21
119,-2922,1647355572.595826000,54.239.168.21
120,66,1647355572.595843000,192.168.10.155
121,-5778,1647355572.598024000,54.239.168.21
122,66,1647355572.598049000,192.168.10.155
123,-7904,1647355572.598289000,54.239.168.21
124,-20058,1647355572.598297000,54.239.168.21
125,66,1647355572.598313000,192.168.10.155
126,66,1647355572.598340000,192.168.10.155
127,-2922,1647355572.598377000,54.239.168.21
128,66,1647355572.598384000,192.168.10.155
129,66,1647355572.599489000,192.168.10.155
130,-1494,1647355572.600390000,54.239.168.21
131,66,1647355572.600407000,192.168.10.155
132,-1494,1647355572.600485000,54.239.168.21
133,66,1647355572.600493000,192.168.10.155
134,-2922,1647355572.601862000,54.239.168.21
135,-18630,1647355572.601866000,54.239.168.21
136,66,1647355572.601877000,192.168.10.155
137,66,1647355572.601895000,192.168.10.155
138,-7206,1647355572.602212000,54.239.168.21
139,-3402,1647355572.602213000,54.239.168.21
140,66,1647355572.602219000,192.168.10.155
141,66,1647355572.602234000,192.168.10.155
142,90,1647355572.602349000,192.168.10.155
143,66,1647355572.602371000,192.168.10.155
144,-60,1647355572.604661000,54.239.168.21
145,-60,1647355572.604766000,54.239.168.21
146,74,1647355572.619060000,192.168.10.155
147,-74,1647355572.621658000,54.239.168.21
148,66,1647355572.621675000,192.168.10.155
149,583,1647355572.623590000,192.168.10.155
150,-66,1647355572.626863000,54.239.168.21
151,-1494,1647355572.627216000,54.239.168.21
152,66,1647355572.627224000,192.168.10.155
153,-1494,1647355572.627309000,54.239.168.21
154,66,1647355572.627312000,192.168.10.155
155,-1208,1647355572.629171000,54.239.168.21
156,66,1647355572.629190000,192.168.10.155
157,-66,1647355572.633293000,52.38.118.33
158,130,1647355572.633639000,192.168.10.155
159,501,1647355572.633860000,192.168.10.155
160,-66,1647355572.635964000,54.239.168.21
161,-66,1647355572.636077000,54.239.168.21
162,-675,1647355572.636586000,54.239.168.21
163,66,1647355572.636598000,192.168.10.155
164,90,1647355572.636904000,192.168.10.155
165,66,1647355572.636931000,192.168.10.155
166,-90,1647355572.637306000,54.239.168.21
167,54,1647355572.637335000,192.168.10.155
168,74,1647355572.639270000,192.168.10.155
169,-60,1647355572.640287000,54.239.168.21
170,-60,1647355572.640288000,54.239.168.21
171,-74,1647355572.642164000,54.239.168.21
172,66,1647355572.642185000,192.168.10.155
173,583,1647355572.645954000,192.168.10.155
174,-66,1647355572.648884000,54.239.168.21
175,-2922,1647355572.649886000,54.239.168.21
176,66,1647355572.649906000,192.168.10.155
177,-1208,1647355572.651498000,54.239.168.21
178,66,1647355572.651517000,192.168.10.155
179,130,1647355572.654415000,192.168.10.155
180,508,1647355572.654575000,192.168.10.155
181,-66,1647355572.656641000,54.239.168.21
182,-66,1647355572.657313000,54.239.168.21
183,-2922,1647355572.658519000,54.239.168.21
184,66,1647355572.658526000,192.168.10.155
185,-1245,1647355572.659102000,54.239.168.21
186,-90,1647355572.659103000,54.239.168.21
187,66,1647355572.659112000,192.168.10.155
188,90,1647355572.659344000,192.168.10.155
189,66,1647355572.659365000,192.168.10.155
190,74,1647355572.661249000,192.168.10.155
191,-60,1647355572.662159000,54.239.168.21
192,-60,1647355572.662160000,54.239.168.21
193,-74,1647355572.664105000,54.239.168.21
194,66,1647355572.664153000,192.168.10.155
195,583,1647355572.668234000,192.168.10.155
196,-66,1647355572.671012000,54.239.168.21
197,-1494,1647355572.671935000,54.239.168.21
198,66,1647355572.671949000,192.168.10.155
199,-1494,1647355572.671998000,54.239.168.21
200,66,1647355572.672002000,192.168.10.155
201,-1208,1647355572.675435000,54.239.168.21
202,66,1647355572.675449000,192.168.10.155
203,130,1647355572.678239000,192.168.10.155
204,506,1647355572.678400000,192.168.10.155
205,-66,1647355572.680778000,54.239.168.21
206,-66,1647355572.680780000,54.239.168.21
207,-2822,1647355572.681456000,54.239.168.21
208,-90,1647355572.681458000,54.239.168.21
209,66,1647355572.681493000,192.168.10.155
210,90,1647355572.682273000,192.168.10.155
211,66,1647355572.682410000,192.168.10.155
212,-60,1647355572.684504000,54.239.168.21
213,-60,1647355572.684818000,54.239.168.21
214,74,1647355572.688824000,192.168.10.155
215,-74,1647355572.691358000,54.239.168.21
216,66,1647355572.691375000,192.168.10.155
217,583,1647355572.694011000,192.168.10.155
218,-66,1647355572.696960000,54.239.168.21
219,-1494,1647355572.697775000,54.239.168.21
220,66,1647355572.697797000,192.168.10.155
221,-1494,1647355572.697857000,54.239.168.21
222,66,1647355572.697862000,192.168.10.155
223,-1208,1647355572.699644000,54.239.168.21
224,66,1647355572.699705000,192.168.10.155
225,130,1647355572.705693000,192.168.10.155
226,518,1647355572.705871000,192.168.10.155
227,-66,1647355572.708396000,54.239.168.21
228,-66,1647355572.708397000,54.239.168.21
229,-995,1647355572.722678000,54.239.168.21
230,66,1647355572.722699000,192.168.10.155
231,-90,1647355572.722997000,54.239.168.21
232,90,1647355572.723170000,192.168.10.155
233,66,1647355572.723205000,192.168.10.155
234,74,1647355572.725702000,192.168.10.155
235,-60,1647355572.726228000,54.239.168.21
236,-60,1647355572.726229000,54.239.168.21
237,-74,1647355572.728322000,54.239.168.21
238,66,1647355572.728346000,192.168.10.155
239,-1172,1647355572.731611000,54.230.130.235
240,66,1647355572.731636000,192.168.10.155
241,-1494,1647355572.731716000,54.230.130.235
242,66,1647355572.731730000,192.168.10.155
243,-3447,1647355572.732384000,54.230.130.235
244,66,1647355572.732404000,192.168.10.155
245,583,1647355572.732601000,192.168.10.155
246,-66,1647355572.735696000,54.239.168.21
247,-1494,1647355572.736645000,54.239.168.21
248,66,1647355572.736670000,192.168.10.155
249,-1494,1647355572.736744000,54.239.168.21
250,66,1647355572.736752000,192.168.10.155
251,-1208,1647355572.738492000,54.239.168.21
252,66,1647355572.738504000,192.168.10.155
253,130,1647355572.740796000,192.168.10.155
254,518,1647355572.740919000,192.168.10.155
255,-4350,1647355572.741872000,54.230.130.235
256,66,1647355572.741888000,192.168.10.155
257,-2670,1647355572.744534000,54.230.130.235
258,66,1647355572.744554000,192.168.10.155
259,-66,1647355572.747222000,54.239.168.21
260,-66,1647355572.747223000,54.239.168.21
261,-674,1647355572.749349000,54.239.168.21
262,-90,1647355572.749375000,54.239.168.21
263,66,1647355572.749470000,192.168.10.155
264,90,1647355572.750170000,192.168.10.155
265,66,1647355572.750205000,192.168.10.155
266,-60,1647355572.752665000,54.239.168.21
267,-60,1647355572.752668000,54.239.168.21
268,74,1647355572.755033000,192.168.10.155
269,-74,1647355572.758531000,54.239.168.21
270,66,1647355572.758561000,192.168.10.155
271,583,1647355572.760939000,192.168.10.155
272,-66,1647355572.764558000,54.239.168.21
273,-2922,1647355572.765186000,54.239.168.21
274,66,1647355572.765213000,192.168.10.155
275,-1208,1647355572.766646000,54.239.168.21
276,66,1647355572.766666000,192.168.10.155
277,130,1647355572.771334000,192.168.10.155
278,517,1647355572.771511000,192.168.10.155
279,-66,1647355572.773930000,54.239.168.21
280,-66,1647355572.774016000,54.239.168.21
281,-771,1647355572.774366000,54.239.168.21
282,66,1647355572.774376000,192.168.10.155
283,90,1647355572.774574000,192.168.10.155
284,66,1647355572.774593000,192.168.10.155
285,-90,1647355572.774628000,54.239.168.21
286,54,1647355572.774643000,192.168.10.155
287,-60,1647355572.777200000,54.239.168.21
288,-60,1647355572.777200000,54.239.168.21
289,547,1647355572.825860000,192.168.10.155
290,-1068,1647355572.828598000,99.86.218.18
291,66,1647355572.828614000,192.168.10.155
292,570,1647355572.837813000,192.168.10.155
293,-1831,1647355572.840346000,99.86.218.18
294,66,1647355572.840364000,192.168.10.155
295,74,1647355572.870654000,192.168.10.155
296,74,1647355572.870758000,192.168.10.155
297,74,1647355572.870827000,192.168.10.155
298,74,1647355572.870897000,192.168.10.155
299,74,1647355572.870968000,192.168.10.155
300,-74,1647355572.880180000,151.101.109.16
301,66,1647355572.880220000,192.168.10.155
302,-74,1647355572.880621000,151.101.109.16
303,-74,1647355572.880622000,151.101.109.16
304,-74,1647355572.880623000,151.101.109.16
305,-74,1647355572.880623000,151.101.109.16
306,66,1647355572.880645000,192.168.10.155
307,66,1647355572.880668000,192.168.10.155
308,66,1647355572.880678000,192.168.10.155
309,66,1647355572.880689000,192.168.10.155
310,583,1647355572.885144000,192.168.10.155
311,583,1647355572.888397000,192.168.10.155
312,583,1647355572.890937000,192.168.10.155
313,-66,1647355572.894912000,151.101.109.16
314,583,1647355572.895282000,192.168.10.155
315,-1514,1647355572.897094000,151.101.109.16
316,66,1647355572.897108000,192.168.10.155
317,-1514,1647355572.897200000,151.101.109.16
318,66,1647355572.897204000,192.168.10.155
319,-1514,1647355572.897500000,151.101.109.16
320,-1153,1647355572.897500000,151.101.109.16
321,66,1647355572.897512000,192.168.10.155
322,66,1647355572.897523000,192.168.10.155
323,-66,1647355572.898112000,151.101.109.16
324,583,1647355572.899361000,192.168.10.155
325,-66,1647355572.900300000,151.101.109.16
326,-396,1647355572.900424000,54.230.130.235
327,66,1647355572.900434000,192.168.10.155
328,-1330,1647355572.901140000,54.230.130.235
329,-4410,1647355572.901141000,151.101.109.16
330,-1153,1647355572.901142000,151.101.109.16
331,66,1647355572.901154000,192.168.10.155
332,66,1647355572.901168000,192.168.10.155
333,66,1647355572.901182000,192.168.10.155
334,-1514,1647355572.901940000,151.101.109.16
335,66,1647355572.901984000,192.168.10.155
336,-1514,1647355572.902043000,151.101.109.16
337,66,1647355572.902052000,192.168.10.155
338,-2601,1647355572.902332000,151.101.109.16
339,66,1647355572.902352000,192.168.10.155
340,-1494,1647355572.905355000,54.230.130.235
341,66,1647355572.905369000,192.168.10.155
342,-1494,1647355572.905434000,54.230.130.235
343,66,1647355572.905439000,192.168.10.155
344,-6236,1647355572.905816000,54.230.130.235
345,-66,1647355572.905817000,151.101.109.16
346,66,1647355572.905825000,192.168.10.155
347,130,1647355572.906260000,192.168.10.155
348,-2962,1647355572.907339000,151.101.109.16
349,66,1647355572.907354000,192.168.10.155
350,-2601,1647355572.907941000,151.101.109.16
351,66,1647355572.907948000,192.168.10.155
352,236,1647355572.908476000,192.168.10.155
353,897,1647355572.908493000,192.168.10.155
354,130,1647355572.909060000,192.168.10.155
355,253,1647355572.909624000,192.168.10.155
356,-66,1647355572.909664000,151.101.109.16
357,332,1647355572.909915000,192.168.10.155
358,90,1647355572.910259000,192.168.10.155
359,66,1647355572.910282000,192.168.10.155
360,130,1647355572.910770000,192.168.10.155
361,-1514,1647355572.911362000,151.101.109.16
362,66,1647355572.911373000,192.168.10.155
363,236,1647355572.911392000,192.168.10.155
364,394,1647355572.911404000,192.168.10.155
365,-1514,1647355572.911493000,151.101.109.16
366,66,1647355572.911500000,192.168.10.155
367,-2601,1647355572.912081000,151.101.109.16
368,66,1647355572.912088000,192.168.10.155
369,130,1647355572.913260000,192.168.10.155
370,253,1647355572.914316000,192.168.10.155
371,178,1647355572.914532000,192.168.10.155
372,90,1647355572.915454000,192.168.10.155
373,66,1647355572.915494000,192.168.10.155
374,-66,1647355572.915569000,151.101.109.16
375,130,1647355572.915821000,192.168.10.155
376,253,1647355572.916029000,192.168.10.155
377,445,1647355572.916299000,192.168.10.155
378,90,1647355572.916600000,192.168.10.155
379,-66,1647355572.917246000,151.101.109.16
380,-66,1647355572.917247000,151.101.109.16
381,-125,1647355572.917346000,151.101.109.16
382,66,1647355572.917351000,192.168.10.155
383,97,1647355572.917389000,192.168.10.155
384,-5858,1647355572.918131000,151.101.109.16
385,-1514,1647355572.918134000,151.101.109.16
386,66,1647355572.918154000,192.168.10.155
387,66,1647355572.918182000,192.168.10.155
388,-4410,1647355572.919021000,151.101.109.16
389,-66,1647355572.919022000,151.101.109.16
390,-66,1647355572.919022000,151.101.109.16
391,-125,1647355572.919023000,151.101.109.16
392,66,1647355572.919033000,192.168.10.155
393,54,1647355572.919066000,192.168.10.155
394,-4851,1647355572.919692000,151.101.109.16
395,-66,1647355572.919692000,151.101.109.16
396,-90,1647355572.919693000,151.101.109.16
397,-66,1647355572.919693000,151.101.109.16
398,-1514,1647355572.919693000,151.101.109.16
399,66,1647355572.919703000,192.168.10.155
400,54,1647355572.919721000,192.168.10.155
401,54,1647355572.919726000,192.168.10.155
402,54,1647355572.919729000,192.168.10.155
403,66,1647355572.919732000,192.168.10.155
404,-66,1647355572.919792000,151.101.109.16
405,-4410,1647355572.919793000,151.101.109.16
406,-66,1647355572.919794000,151.101.109.16
407,54,1647355572.919801000,192.168.10.155
408,66,1647355572.919813000,192.168.10.155
409,-5858,1647355572.920557000,151.101.109.16
410,66,1647355572.920564000,192.168.10.155
411,-66,1647355572.921371000,151.101.109.16
412,-66,1647355572.921372000,151.101.109.16
413,-125,1647355572.921372000,151.101.109.16
414,-4410,1647355572.921373000,151.101.109.16
415,-4410,1647355572.921374000,151.101.109.16
416,66,1647355572.921391000,192.168.10.155
417,66,1647355572.921404000,192.168.10.155
418,66,1647355572.921408000,192.168.10.155
419,-66,1647355572.921428000,151.101.109.16
420,-5858,1647355572.921429000,151.101.109.16
421,66,1647355572.921434000,192.168.10.155
422,97,1647355572.921444000,192.168.10.155
423,-4410,1647355572.922210000,151.101.109.16
424,66,1647355572.922219000,192.168.10.155
425,-5858,1647355572.922945000,151.101.109.16
426,-4410,1647355572.922946000,151.101.109.16
427,66,1647355572.922964000,192.168.10.155
428,66,1647355572.922981000,192.168.10.155
429,-66,1647355572.923300000,151.101.109.16
430,-4410,1647355572.923302000,151.101.109.16
431,-1514,1647355572.923303000,151.101.109.16
432,66,1647355572.923318000,192.168.10.155
433,-66,1647355572.923762000,151.101.109.16
434,-1514,1647355572.923902000,151.101.109.16
435,66,1647355572.923909000,192.168.10.155
436,-2962,1647355572.924471000,151.101.109.16
437,66,1647355572.924478000,192.168.10.155
438,-4410,1647355572.925134000,151.101.109.16
439,-66,1647355572.925134000,151.101.109.16
440,-66,1647355572.925135000,151.101.109.16
441,66,1647355572.925168000,192.168.10.155
442,-90,1647355572.925989000,151.101.109.16
443,-66,1647355572.925990000,151.101.109.16
444,54,1647355572.926007000,192.168.10.155
445,54,1647355572.926022000,192.168.10.155
446,-66,1647355572.926748000,151.101.109.16
447,-4410,1647355572.926749000,151.101.109.16
448,-66,1647355572.926749000,151.101.109.16
449,-66,1647355572.926749000,151.101.109.16
450,-66,1647355572.926750000,151.101.109.16
451,-125,1647355572.926750000,151.101.109.16
452,66,1647355572.926764000,192.168.10.155
453,54,1647355572.926799000,192.168.10.155
454,-90,1647355572.926821000,151.101.109.16
455,-2962,1647355572.926822000,151.101.109.16
456,-66,1647355572.926822000,151.101.109.16
457,-66,1647355572.926823000,151.101.109.16
458,54,1647355572.926828000,192.168.10.155
459,66,1647355572.926837000,192.168.10.155
460,54,1647355572.926842000,192.168.10.155
461,-4410,1647355572.927634000,151.101.109.16
462,66,1647355572.927677000,192.168.10.155
463,-66,1647355572.928368000,151.101.109.16
464,-2962,1647355572.928369000,151.101.109.16
465,-7306,1647355572.928370000,151.101.109.16
466,66,1647355572.928394000,192.168.10.155
467,66,1647355572.928413000,192.168.10.155
468,-7306,1647355572.928756000,151.101.109.16
469,66,1647355572.928763000,192.168.10.155
470,-7306,1647355572.929343000,151.101.109.16
471,66,1647355572.929353000,192.168.10.155
472,-2962,1647355572.930820000,151.101.109.16
473,66,1647355572.930846000,192.168.10.155
474,-6690,1647355572.931883000,151.101.109.16
475,-2962,1647355572.931890000,151.101.109.16
476,-5858,1647355572.931896000,151.101.109.16
477,66,1647355572.931954000,192.168.10.155
478,66,1647355572.932030000,192.168.10.155
479,-5858,1647355572.932214000,151.101.109.16
480,-66,1647355572.932650000,151.101.109.16
481,-5858,1647355572.932651000,151.101.109.16
482,66,1647355572.932931000,192.168.10.155
483,-1514,1647355572.933043000,151.101.109.16
484,66,1647355572.933049000,192.168.10.155
485,-1514,1647355572.933163000,151.101.109.16
486,66,1647355572.933168000,192.168.10.155
487,-4410,1647355572.933783000,151.101.109.16
488,66,1647355572.933793000,192.168.10.155
489,-4410,1647355572.934416000,151.101.109.16
490,66,1647355572.934425000,192.168.10.155
491,-8754,1647355572.934967000,151.101.109.16
492,66,1647355572.934996000,192.168.10.155
493,-13098,1647355572.936226000,151.101.109.16
494,66,1647355572.936238000,192.168.10.155
495,-9978,1647355572.937873000,151.101.109.16
496,66,1647355572.937892000,192.168.10.155
497,-290,1647355572.940698000,151.101.109.16
498,66,1647355572.940717000,192.168.10.155
499,-1514,1647355572.941896000,151.101.109.16
500,66,1647355572.941905000,192.168.10.155
501,-1514,1647355572.942018000,151.101.109.16
502,66,1647355572.942024000,192.168.10.155
503,-11416,1647355572.942462000,151.101.109.16
504,66,1647355572.942469000,192.168.10.155
505,-8634,1647355572.999518000,54.230.130.235
506,66,1647355572.999531000,192.168.10.155
507,-2922,1647355572.999571000,54.230.130.235
508,66,1647355572.999576000,192.168.10.155
509,-5048,1647355572.999919000,54.230.130.235
510,-1715,1647355572.999920000,54.230.130.235
511,66,1647355572.999928000,192.168.10.155
512,66,1647355572.999941000,192.168.10.155
513,-1494,1647355573.003269000,54.230.130.235
514,66,1647355573.003283000,192.168.10.155
515,-1494,1647355573.003355000,54.230.130.235
516,66,1647355573.003359000,192.168.10.155
517,-7618,1647355573.004259000,54.230.130.235
518,-9092,1647355573.004265000,54.230.130.235
519,66,1647355573.004318000,192.168.10.155
520,-1494,1647355573.005081000,54.230.130.235
521,-1494,1647355573.005199000,54.230.130.235
522,66,1647355573.005206000,192.168.10.155
523,-6242,1647355573.005633000,54.230.130.235
524,-4350,1647355573.005634000,54.230.130.235
525,66,1647355573.005665000,192.168.10.155
526,-4814,1647355573.005760000,54.230.130.235
527,-1494,1647355573.005761000,54.230.130.235
528,66,1647355573.005791000,192.168.10.155
529,-15044,1647355573.006929000,54.230.130.235
530,-90,1647355573.006943000,54.230.130.235
531,66,1647355573.006972000,192.168.10.155
532,-1713,1647355573.097903000,54.230.130.235
533,66,1647355573.098089000,192.168.10.155
534,-1494,1647355573.101997000,54.230.130.235
535,66,1647355573.102045000,192.168.10.155
536,-1494,1647355573.102107000,54.230.130.235
537,66,1647355573.102117000,192.168.10.155
538,-11490,1647355573.102524000,54.230.130.235
539,66,1647355573.102534000,192.168.10.155
540,-2192,1647355573.102760000,54.230.130.235
541,-15954,1647355573.102762000,54.230.130.235
542,66,1647355573.102769000,192.168.10.155
543,66,1647355573.102779000,192.168.10.155
544,-16472,1647355573.103615000,54.230.130.235
545,66,1647355573.103626000,192.168.10.155
546,-100,1647355573.103643000,54.230.130.235
547,66,1647355573.103734000,192.168.10.155
548,-1494,1647355573.105291000,54.230.130.235
549,66,1647355573.105310000,192.168.10.155
550,-1494,1647355573.105384000,54.230.130.235
551,66,1647355573.105392000,192.168.10.155
552,-5517,1647355573.106095000,54.230.130.235
553,66,1647355573.106108000,192.168.10.155
554,74,1647355573.109511000,192.168.10.155
555,211,1647355573.144561000,192.168.10.155
556,323,1647355573.145360000,192.168.10.155
557,-66,1647355573.155254000,151.101.109.16
558,-66,1647355573.155255000,151.101.109.16
559,-1514,1647355573.155376000,151.101.109.16
560,66,1647355573.155392000,192.168.10.155
561,-3135,1647355573.156244000,151.101.109.16
562,-10929,1647355573.156246000,151.101.109.16
563,66,1647355573.156254000,192.168.10.155
564,66,1647355573.156273000,192.168.10.155
565,-11650,1647355573.156699000,151.101.109.16
566,66,1647355573.156713000,192.168.10.155
567,-4550,1647355573.156770000,151.101.109.16
568,66,1647355573.156777000,192.168.10.155
569,-16503,1647355573.157662000,151.101.109.16
570,66,1647355573.157678000,192.168.10.155
571,-2793,1647355573.157894000,151.101.109.16
572,66,1647355573.157904000,192.168.10.155
573,169,1647355573.174460000,192.168.10.155
574,-66,1647355573.183737000,151.101.109.16
575,-2962,1647355573.184221000,151.101.109.16
576,66,1647355573.184269000,192.168.10.155
577,-7998,1647355573.184973000,151.101.109.16
578,66,1647355573.185007000,192.168.10.155
579,200,1647355573.187412000,192.168.10.155
580,74,1647355573.187491000,192.168.10.155
581,-66,1647355573.198440000,151.101.109.16
582,-1514,1647355573.198443000,151.101.109.16
583,-11650,1647355573.198932000,151.101.109.16
584,66,1647355573.198940000,192.168.10.155
585,-2996,1647355573.199163000,151.101.109.16
586,-74,1647355573.199164000,151.101.109.16
587,-16503,1647355573.199167000,151.101.109.16
588,66,1647355573.199173000,192.168.10.155
589,66,1647355573.199189000,192.168.10.155
590,66,1647355573.199194000,192.168.10.155
591,-18840,1647355573.200105000,151.101.109.16
592,66,1647355573.200122000,192.168.10.155
593,583,1647355573.202137000,192.168.10.155
594,-66,1647355573.212183000,151.101.109.16
595,-1514,1647355573.214050000,151.101.109.16
596,66,1647355573.214078000,192.168.10.155
597,-1514,1647355573.214141000,151.101.109.16
598,66,1647355573.214146000,192.168.10.155
599,-2585,1647355573.214915000,151.101.109.16
600,66,1647355573.214936000,192.168.10.155
601,130,1647355573.220476000,192.168.10.155
602,253,1647355573.220726000,192.168.10.155
603,90,1647355573.221187000,192.168.10.155
604,66,1647355573.221209000,192.168.10.155
605,-74,1647355573.226294000,52.36.17.87
606,66,1647355573.226330000,192.168.10.155
607,583,1647355573.228170000,192.168.10.155
608,-66,1647355573.229191000,151.101.109.16
609,-66,1647355573.229291000,151.101.109.16
610,-125,1647355573.229559000,151.101.109.16
611,54,1647355573.229577000,192.168.10.155
612,-66,1647355573.230145000,151.101.109.16
613,-90,1647355573.230146000,151.101.109.16
614,-66,1647355573.230146000,151.101.109.16
615,54,1647355573.230165000,192.168.10.155
616,54,1647355573.230180000,192.168.10.155
617,54,1647355573.230186000,192.168.10.155
618,-66,1647355573.230709000,151.101.109.16
619,54,1647355573.230723000,192.168.10.155
620,-66,1647355573.345654000,52.36.17.87
621,-1514,1647355573.347653000,52.36.17.87
622,66,1647355573.347721000,192.168.10.155
623,-1514,1647355573.347825000,52.36.17.87
624,66,1647355573.347848000,192.168.10.155
625,-2615,1647355573.348021000,52.36.17.87
626,66,1647355573.348033000,192.168.10.155
627,192,1647355573.352828000,192.168.10.155
628,-99,1647355573.365930000,52.38.118.33
629,66,1647355573.411505000,192.168.10.155
630,-324,1647355573.470382000,52.36.17.87
631,-135,1647355573.470383000,52.36.17.87
632,66,1647355573.470405000,192.168.10.155
633,66,1647355573.470426000,192.168.10.155
634,243,1647355573.521267000,192.168.10.155
635,505,1647355573.521291000,192.168.10.155
636,104,1647355573.521718000,192.168.10.155
637,-66,1647355573.638694000,52.36.17.87
638,-104,1647355573.638699000,52.36.17.87
639,66,1647355573.638740000,192.168.10.155
640,-236,1647355573.640412000,52.36.17.87
641,-104,1647355573.640414000,52.36.17.87
642,66,1647355573.640451000,192.168.10.155
643,66,1647355573.640498000,192.168.10.155
644,607,1647355574.243937000,192.168.10.155
645,-66,1647355574.247149000,54.230.130.235
646,-1494,1647355574.247839000,54.230.130.235
647,66,1647355574.247904000,192.168.10.155
648,-1638,1647355574.247983000,54.230.130.235
649,66,1647355574.247993000,192.168.10.155
650,-357,1647355575.031641000,54.230.130.235
651,66,1647355575.031738000,192.168.10.155
652,-1494,1647355575.032035000,54.230.130.235
653,66,1647355575.032056000,192.168.10.155
654,-1494,1647355575.032227000,54.230.130.235
655,66,1647355575.032241000,192.168.10.155
656,-2100,1647355575.032751000,54.230.130.235
657,-1534,1647355575.032753000,54.230.130.235
658,66,1647355575.032774000,192.168.10.155
659,66,1647355575.032838000,192.168.10.155
660,155,1647355575.108633000,192.168.10.155
661,-66,1647355575.117842000,151.101.109.16
662,-567,1647355575.125780000,151.101.109.16
663,-4350,1647355575.131003000,54.230.130.235
664,66,1647355575.131038000,192.168.10.155
665,-4808,1647355575.131359000,54.230.130.235
666,66,1647355575.131370000,192.168.10.155
667,202,1647355575.142500000,192.168.10.155
668,74,1647355575.142572000,192.168.10.155
669,-2922,1647355575.143586000,54.230.130.235
670,66,1647355575.143642000,192.168.10.155
671,-11490,1647355575.144264000,54.230.130.235
672,66,1647355575.144322000,192.168.10.155
673,-2192,1647355575.144445000,54.230.130.235
674,-2824,1647355575.144454000,54.230.130.235
675,66,1647355575.144501000,192.168.10.155
676,66,1647355575.144646000,192.168.10.155
677,-66,1647355575.151506000,151.101.109.16
678,-519,1647355575.151868000,151.101.109.16
679,-74,1647355575.152414000,151.101.109.16
680,66,1647355575.152488000,192.168.10.155
681,583,1647355575.156218000,192.168.10.155
682,156,1647355575.156527000,192.168.10.155
683,264,1647355575.156872000,192.168.10.155
684,189,1647355575.157191000,192.168.10.155
685,-66,1647355575.165282000,151.101.109.16
686,-66,1647355575.165514000,151.101.109.16
687,-1379,1647355575.165948000,151.101.109.16
688,-66,1647355575.165948000,151.101.109.16
689,-66,1647355575.166165000,151.101.109.16
690,-1055,1647355575.166460000,151.101.109.16
691,-2149,1647355575.166462000,151.101.109.16
692,66,1647355575.166510000,192.168.10.155
693,66,1647355575.166566000,192.168.10.155
694,-2962,1647355575.168090000,151.101.109.16
695,66,1647355575.168115000,192.168.10.155
696,-2601,1647355575.169073000,151.101.109.16
697,66,1647355575.169089000,192.168.10.155
698,155,1647355575.173367000,192.168.10.155
699,155,1647355575.174048000,192.168.10.155
700,155,1647355575.174724000,192.168.10.155
701,-97,1647355575.174768000,52.38.118.33
702,66,1647355575.174782000,192.168.10.155
703,101,1647355575.174860000,192.168.10.155
704,130,1647355575.175301000,192.168.10.155
705,253,1647355575.175511000,192.168.10.155
706,90,1647355575.176022000,192.168.10.155
707,-66,1647355575.182158000,151.101.109.16
708,-1514,1647355575.182435000,151.101.109.16
709,-6908,1647355575.182725000,151.101.109.16
710,66,1647355575.182752000,192.168.10.155
711,-66,1647355575.183106000,151.101.109.16
712,-5858,1647355575.183110000,151.101.109.16
713,66,1647355575.183161000,192.168.10.155
714,-10283,1647355575.184067000,151.101.109.16
715,66,1647355575.184081000,192.168.10.155
716,-551,1647355575.184289000,151.101.109.16
717,-66,1647355575.184289000,151.101.109.16
718,-66,1647355575.184928000,151.101.109.16
719,-66,1647355575.185032000,151.101.109.16
720,-125,1647355575.185393000,151.101.109.16
721,54,1647355575.185414000,192.168.10.155
722,-66,1647355575.185504000,151.101.109.16
723,54,1647355575.185513000,192.168.10.155
724,-90,1647355575.185988000,151.101.109.16
725,-66,1647355575.185988000,151.101.109.16
726,54,1647355575.185995000,192.168.10.155
727,54,1647355575.186005000,192.168.10.155
728,-1514,1647355575.191708000,151.101.109.16
729,66,1647355575.191724000,192.168.10.155
730,-1514,1647355575.191829000,151.101.109.16
731,-11650,1647355575.192626000,151.101.109.16
732,66,1647355575.192637000,192.168.10.155
733,-1625,1647355575.192735000,151.101.109.16
734,-5864,1647355575.192737000,151.101.109.16
735,66,1647355575.192746000,192.168.10.155
736,66,1647355575.192759000,192.168.10.155
737,174,1647355575.240951000,192.168.10.155
738,622,1647355575.247308000,192.168.10.155
739,-66,1647355575.250344000,151.101.109.16
740,-451,1647355575.250347000,151.101.109.16
741,66,1647355575.250459000,192.168.10.155
742,-66,1647355575.256405000,151.101.109.16
743,-1514,1647355575.256525000,151.101.109.16
744,66,1647355575.256538000,192.168.10.155
745,207,1647355575.257040000,192.168.10.155
746,-11650,1647355575.257063000,151.101.109.16
747,66,1647355575.257080000,192.168.10.155
748,-3084,1647355575.257105000,151.101.109.16
749,66,1647355575.257113000,192.168.10.155
750,-11650,1647355575.257858000,151.101.109.16
751,66,1647355575.257871000,192.168.10.155
752,-4919,1647355575.258033000,151.101.109.16
753,-10202,1647355575.258036000,151.101.109.16
754,66,1647355575.258047000,192.168.10.155
755,66,1647355575.258064000,192.168.10.155
756,-14546,1647355575.258872000,151.101.109.16
757,66,1647355575.258888000,192.168.10.155
758,1181,1647355575.258930000,192.168.10.155
759,-11650,1647355575.259312000,151.101.109.16
760,66,1647355575.259322000,192.168.10.155
761,-13098,1647355575.259501000,151.101.109.16
762,66,1647355575.259510000,192.168.10.155
763,183,1647355575.259807000,192.168.10.155
764,177,1647355575.260237000,192.168.10.155
765,-24682,1647355575.260883000,151.101.109.16
766,66,1647355575.260902000,192.168.10.155
767,177,1647355575.261495000,192.168.10.155
768,-20338,1647355575.261780000,151.101.109.16
769,66,1647355575.261794000,192.168.10.155
770,-293,1647355575.266040000,151.101.109.16
771,-66,1647355575.266047000,151.101.109.16
772,-1514,1647355575.266443000,151.101.109.16
773,66,1647355575.266509000,192.168.10.155
774,-1514,1647355575.266605000,151.101.109.16
775,-13116,1647355575.267264000,151.101.109.16
776,66,1647355575.267280000,192.168.10.155
777,-1514,1647355575.267306000,151.101.109.16
778,-11650,1647355575.267692000,151.101.109.16
779,66,1647355575.267705000,192.168.10.155
780,-2856,1647355575.267735000,151.101.109.16
781,66,1647355575.267741000,192.168.10.155
782,-66,1647355575.268334000,151.101.109.16
783,-66,1647355575.268438000,151.101.109.16
784,-752,1647355575.268742000,151.101.109.16
785,-66,1647355575.269337000,151.101.109.16
786,177,1647355575.269390000,192.168.10.155
787,-2962,1647355575.270220000,151.101.109.16
788,66,1647355575.270247000,192.168.10.155
789,-11650,1647355575.270870000,151.101.109.16
790,66,1647355575.270880000,192.168.10.155
791,174,1647355575.271296000,192.168.10.155
792,-1517,1647355575.271543000,151.101.109.16
793,-16503,1647355575.271551000,151.101.109.16
794,66,1647355575.271565000,192.168.10.155
795,66,1647355575.271584000,192.168.10.155
796,-26130,1647355575.271640000,151.101.109.16
797,66,1647355575.271649000,192.168.10.155
798,-6876,1647355575.272770000,151.101.109.16
799,-46402,1647355575.272785000,151.101.109.16
800,66,1647355575.272801000,192.168.10.155
801,66,1647355575.272823000,192.168.10.155
802,-46402,1647355575.274182000,151.101.109.16
803,66,1647355575.274203000,192.168.10.155
804,-66,1647355575.274238000,151.101.109.16
805,-11650,1647355575.274605000,151.101.109.16
806,66,1647355575.274614000,192.168.10.155
807,-39162,1647355575.275282000,151.101.109.16
808,-10202,1647355575.275311000,151.101.109.16
809,66,1647355575.275327000,192.168.10.155
810,-1514,1647355575.276379000,151.101.109.16
811,-1514,1647355575.276479000,151.101.109.16
812,66,1647355575.276488000,192.168.10.155
813,-2962,1647355575.277700000,151.101.109.16
814,-34818,1647355575.277718000,151.101.109.16
815,66,1647355575.277746000,192.168.10.155
816,66,1647355575.277822000,192.168.10.155
817,-11650,1647355575.278858000,151.101.109.16
818,66,1647355575.278874000,192.168.10.155
819,-10202,1647355575.279007000,151.101.109.16
820,-2962,1647355575.279008000,151.101.109.16
821,-66,1647355575.279021000,151.101.109.16
822,-1514,1647355575.280031000,151.101.109.16
823,-1514,1647355575.280152000,151.101.109.16
824,-10202,1647355575.280684000,151.101.109.16
825,-66,1647355575.280685000,151.101.109.16
826,-1514,1647355575.281330000,151.101.109.16
827,-1514,1647355575.281448000,151.101.109.16
828,-11650,1647355575.282018000,151.101.109.16
829,-14546,1647355575.282344000,151.101.109.16
830,-9758,1647355575.282369000,151.101.109.16
831,66,1647355575.283488000,192.168.10.155
832,-66,1647355575.293546000,52.38.118.33
833,420,1647355575.402767000,192.168.10.155
834,194,1647355575.408942000,192.168.10.155
835,181,1647355575.409266000,192.168.10.155
836,-66,1647355575.418060000,151.101.109.16
837,-66,1647355575.418060000,151.101.109.16
838,-1514,1647355575.419913000,151.101.109.16
839,-1514,1647355575.420131000,151.101.109.16
840,66,1647355575.420140000,192.168.10.155
841,-11650,1647355575.420658000,151.101.109.16
842,66,1647355575.420669000,192.168.10.155
843,-1575,1647355575.420685000,151.101.109.16
844,66,1647355575.420695000,192.168.10.155
845,-16503,1647355575.421433000,151.101.109.16
846,66,1647355575.421448000,192.168.10.155
847,-20338,1647355575.422223000,151.101.109.16
848,66,1647355575.422236000,192.168.10.155
849,-4836,1647355575.422973000,151.101.109.16
850,66,1647355575.422984000,192.168.10.155
851,156,1647355575.434945000,192.168.10.155
852,-66,1647355575.443865000,151.101.109.16
853,-1514,1647355575.444716000,151.101.109.16
854,-1514,1647355575.444834000,151.101.109.16
855,66,1647355575.444845000,192.168.10.155
856,-13205,1647355575.445679000,151.101.109.16
857,66,1647355575.445691000,192.168.10.155
858,-1514,1647355575.445714000,151.101.109.16
859,-11650,1647355575.446145000,151.101.109.16
860,66,1647355575.446157000,192.168.10.155
861,-3471,1647355575.446561000,151.101.109.16
862,-21786,1647355575.446583000,151.101.109.16
863,66,1647355575.446623000,192.168.10.155
864,66,1647355575.446767000,192.168.10.155
865,-13098,1647355575.447566000,151.101.109.16
866,66,1647355575.447588000,192.168.10.155
867,-8754,1647355575.448017000,151.101.109.16
868,-2962,1647355575.448018000,151.101.109.16
869,66,1647355575.448030000,192.168.10.155
870,-1674,1647355575.448050000,151.101.109.16
871,66,1647355575.448058000,192.168.10.155
872,66,1647355575.448068000,192.168.10.155
873,-66,1647355575.453693000,54.230.130.235
874,188,1647355575.537844000,192.168.10.155
875,155,1647355575.543697000,192.168.10.155
876,-66,1647355575.547312000,151.101.109.16
877,-1699,1647355575.547315000,151.101.109.16
878,66,1647355575.547425000,192.168.10.155
879,-66,1647355575.555686000,151.101.109.16
880,-1046,1647355575.556122000,151.101.109.16
881,-1494,1647355575.591936000,54.230.130.235
882,66,1647355575.591958000,192.168.10.155
883,-1494,1647355575.592083000,54.230.130.235
884,66,1647355575.592094000,192.168.10.155
885,-1818,1647355575.592662000,54.230.130.235
886,-107,1647355575.592664000,54.230.130.235
887,-97,1647355575.592665000,54.230.130.235
888,66,1647355575.592693000,192.168.10.155
889,66,1647355575.592727000,192.168.10.155
890,66,1647355575.592738000,192.168.10.155
891,66,1647355575.603622000,192.168.10.155
892,74,1647355575.693128000,192.168.10.155
893,-74,1647355575.695912000,54.239.132.159
894,66,1647355575.695967000,192.168.10.155
895,583,1647355575.701380000,192.168.10.155
896,-66,1647355575.704270000,54.239.132.159
897,-4350,1647355575.705607000,54.239.132.159
898,66,1647355575.705619000,192.168.10.155
899,-1755,1647355575.707849000,54.239.132.159
900,66,1647355575.707865000,192.168.10.155
901,130,1647355575.710899000,192.168.10.155
902,501,1647355575.711046000,192.168.10.155
903,-66,1647355575.714131000,54.239.132.159
904,-66,1647355575.714133000,54.239.132.159
905,-1494,1647355575.717285000,54.239.132.159
906,66,1647355575.717314000,192.168.10.155
907,-1494,1647355575.717369000,54.239.132.159
908,66,1647355575.717380000,192.168.10.155
909,-13616,1647355575.718432000,54.239.132.159
910,66,1647355575.718452000,192.168.10.155
911,-21486,1647355575.718562000,54.239.132.159
912,66,1647355575.718570000,192.168.10.155
913,-4350,1647355575.718605000,54.239.132.159
914,66,1647355575.718616000,192.168.10.155
915,-1494,1647355575.719940000,54.239.132.159
916,66,1647355575.719957000,192.168.10.155
917,-1494,1647355575.720025000,54.239.132.159
918,66,1647355575.720035000,192.168.10.155
919,-1494,1647355575.721230000,54.239.132.159
920,66,1647355575.721241000,192.168.10.155
921,-1494,1647355575.721319000,54.239.132.159
922,66,1647355575.721323000,192.168.10.155
923,-3921,1647355575.722017000,54.239.132.159
924,66,1647355575.722023000,192.168.10.155
925,74,1647355575.803068000,192.168.10.155
926,-74,1647355575.805779000,54.230.123.57
927,66,1647355575.805820000,192.168.10.155
928,583,1647355575.810911000,192.168.10.155
929,-66,1647355575.814075000,54.230.123.57
930,-1494,1647355575.814965000,54.230.123.57
931,66,1647355575.814987000,192.168.10.155
932,-2922,1647355575.815765000,54.230.123.57
933,66,1647355575.815775000,192.168.10.155
934,-1755,1647355575.817457000,54.230.123.57
935,66,1647355575.817468000,192.168.10.155
936,130,1647355575.820946000,192.168.10.155
937,531,1647355575.821145000,192.168.10.155
938,-66,1647355575.823380000,54.230.123.57
939,-66,1647355575.824045000,54.230.123.57
940,-1494,1647355575.824730000,54.230.123.57
941,66,1647355575.824746000,192.168.10.155
942,-1494,1647355575.824795000,54.230.123.57
943,66,1647355575.824808000,192.168.10.155
944,-1791,1647355575.825457000,54.230.123.57
945,66,1647355575.825473000,192.168.10.155
946,172,1647355575.839460000,192.168.10.155
947,270,1647355575.841548000,192.168.10.155
948,1070,1647355575.841581000,192.168.10.155
949,612,1647355575.845420000,192.168.10.155
950,-66,1647355575.847760000,54.230.130.235
951,-66,1647355575.847761000,54.230.130.235
952,-66,1647355575.847761000,54.230.130.235
953,-66,1647355575.853812000,151.101.109.16
954,-5858,1647355575.854445000,151.101.109.16
955,66,1647355575.854463000,192.168.10.155
956,-9923,1647355575.856005000,151.101.109.16
957,66,1647355575.856020000,192.168.10.155
958,-1889,1647355575.975865000,54.230.130.235
959,-97,1647355575.975866000,54.230.130.235
960,66,1647355575.975886000,192.168.10.155
961,66,1647355575.975929000,192.168.10.155
962,-1494,1647355576.265875000,54.230.130.235
963,66,1647355576.265919000,192.168.10.155
964,-1210,1647355576.265980000,54.230.130.235
965,66,1647355576.265997000,192.168.10.155
966,-1358,1647355576.267987000,54.230.130.235
967,66,1647355576.268002000,192.168.10.155
968,-1607,1647355576.268546000,54.230.130.235
969,66,1647355576.268559000,192.168.10.155
970,-2922,1647355576.269262000,54.230.130.235
971,66,1647355576.269295000,192.168.10.155
972,-2649,1647355576.269600000,54.230.130.235
973,66,1647355576.269623000,192.168.10.155
974,152,1647355576.279806000,192.168.10.155
975,-66,1647355576.289336000,151.101.109.16
976,-1514,1647355576.289607000,151.101.109.16
977,-906,1647355576.289988000,151.101.109.16
978,66,1647355576.290005000,192.168.10.155
979,-4350,1647355576.367306000,54.230.130.235
980,66,1647355576.367380000,192.168.10.155
981,-7235,1647355576.367754000,54.230.130.235
982,-2168,1647355576.367758000,54.230.130.235
983,66,1647355576.367804000,192.168.10.155
984,66,1647355576.367852000,192.168.10.155
985,-13138,1647355576.369034000,54.230.130.235
986,66,1647355576.369091000,192.168.10.155
987,164,1647355576.377747000,192.168.10.155
988,-1494,1647355576.378185000,54.230.130.235
989,66,1647355576.378205000,192.168.10.155
990,-1868,1647355576.378400000,54.230.130.235
991,66,1647355576.378408000,192.168.10.155
992,164,1647355576.379769000,192.168.10.155
993,164,1647355576.381094000,192.168.10.155
994,165,1647355576.381658000,192.168.10.155
995,164,1647355576.381979000,192.168.10.155
996,164,1647355576.385628000,192.168.10.155
997,-66,1647355576.387162000,151.101.109.16
998,164,1647355576.387748000,192.168.10.155
999,-66,1647355576.388552000,151.101.109.16
1000,-1514,1647355576.388668000,151.101.109.16
1001,66,1647355576.388677000,192.168.10.155
1002,-6988,1647355576.389147000,151.101.109.16
1003,66,1647355576.389159000,192.168.10.155
1004,-7766,1647355576.389996000,151.101.109.16
1005,66,1647355576.390004000,192.168.10.155
1006,-66,1647355576.390496000,151.101.109.16
1007,-66,1647355576.390496000,151.101.109.16
1008,160,1647355576.390609000,192.168.10.155
1009,-8818,1647355576.391006000,151.101.109.16
1010,-66,1647355576.391006000,151.101.109.16
1011,66,1647355576.391013000,192.168.10.155
1012,-7426,1647355576.391598000,151.101.109.16
1013,66,1647355576.391611000,192.168.10.155
1014,-8965,1647355576.392279000,151.101.109.16
1015,66,1647355576.392294000,192.168.10.155
1016,160,1647355576.392953000,192.168.10.155
1017,159,1647355576.393367000,192.168.10.155
1018,-66,1647355576.394332000,151.101.109.16
1019,-2962,1647355576.395232000,151.101.109.16
1020,66,1647355576.395254000,192.168.10.155
1021,159,1647355576.395918000,192.168.10.155
1022,-4267,1647355576.395953000,151.101.109.16
1023,66,1647355576.395994000,192.168.10.155
1024,-66,1647355576.397531000,151.101.109.16
1025,-524,1647355576.397532000,151.101.109.16
1026,66,1647355576.397558000,192.168.10.155
1027,-66,1647355576.399643000,151.101.109.16
1028,160,1647355576.399988000,192.168.10.155
1029,-2962,1647355576.400645000,151.101.109.16
1030,66,1647355576.400685000,192.168.10.155
1031,-5908,1647355576.401029000,151.101.109.16
1032,66,1647355576.401041000,192.168.10.155
1033,159,1647355576.401155000,192.168.10.155
1034,160,1647355576.401612000,192.168.10.155
1035,160,1647355576.402080000,192.168.10.155
1036,-66,1647355576.402180000,151.101.109.16
1037,-66,1647355576.402181000,151.101.109.16
1038,152,1647355576.402219000,192.168.10.155
1039,-11151,1647355576.403001000,151.101.109.16
1040,66,1647355576.403038000,192.168.10.155
1041,-4410,1647355576.403080000,151.101.109.16
1042,66,1647355576.403086000,192.168.10.155
1043,-7661,1647355576.403801000,151.101.109.16
1044,66,1647355576.403811000,192.168.10.155
1045,-66,1647355576.404558000,151.101.109.16
1046,-1514,1647355576.405349000,151.101.109.16
1047,-1514,1647355576.405457000,151.101.109.16
1048,66,1647355576.405469000,192.168.10.155
1049,-10877,1647355576.406478000,151.101.109.16
1050,66,1647355576.406892000,192.168.10.155
1051,-66,1647355576.408911000,151.101.109.16
1052,-1514,1647355576.409283000,151.101.109.16
1053,-1514,1647355576.409399000,151.101.109.16
1054,66,1647355576.409414000,192.168.10.155
1055,-1517,1647355576.410103000,151.101.109.16
1056,66,1647355576.410119000,192.168.10.155
1057,-66,1647355576.410197000,151.101.109.16
1058,-66,1647355576.410425000,151.101.109.16
1059,-1514,1647355576.410563000,151.101.109.16
1060,-5171,1647355576.410943000,151.101.109.16
1061,66,1647355576.411393000,192.168.10.155
1062,-10563,1647355576.412165000,151.101.109.16
1063,66,1647355576.412222000,192.168.10.155
1064,-66,1647355576.412517000,151.101.109.16
1065,-66,1647355576.412518000,151.101.109.16
1066,-5858,1647355576.412519000,151.101.109.16
1067,66,1647355576.412548000,192.168.10.155
1068,-1135,1647355576.412591000,151.101.109.16
1069,-448,1647355576.412591000,151.101.109.16
1070,66,1647355576.412599000,192.168.10.155
1071,164,1647355576.443576000,192.168.10.155
1072,-66,1647355576.453017000,151.101.109.16
1073,-1012,1647355576.453022000,151.101.109.16
1074,-2922,1647355576.465055000,54.230.130.235
1075,66,1647355576.465073000,192.168.10.155
1076,-11490,1647355576.465436000,54.230.130.235
1077,66,1647355576.465458000,192.168.10.155
1078,-2192,1647355576.465636000,54.230.130.235
1079,-100,1647355576.465637000,54.230.130.235
1080,66,1647355576.465663000,192.168.10.155
1081,66,1647355576.465687000,192.168.10.155
1082,-3778,1647355576.466899000,54.230.130.235
1083,66,1647355576.466917000,192.168.10.155
1084,155,1647355576.470417000,192.168.10.155
1085,251,1647355576.476207000,192.168.10.155
1086,-66,1647355576.479279000,151.101.109.16
1087,-1366,1647355576.479371000,151.101.109.16
1088,66,1647355576.479461000,192.168.10.155
1089,-66,1647355576.484937000,151.101.109.16
1090,-1514,1647355576.485337000,151.101.109.16
1091,-14624,1647355576.485818000,151.101.109.16
1092,-958,1647355576.485901000,151.101.109.16
1093,66,1647355576.486054000,192.168.10.155
1094,178,1647355576.490939000,192.168.10.155
1095,239,1647355576.492189000,192.168.10.155
1096,166,1647355576.493679000,192.168.10.155
1097,153,1647355576.494038000,192.168.10.155
1098,153,1647355576.494612000,192.168.10.155
1099,66,1647355576.495484000,192.168.10.155
1100,184,1647355576.498391000,192.168.10.155
1101,-66,1647355576.499658000,151.101.109.16
1102,-1514,1647355576.500007000,151.101.109.16
1103,-4410,1647355576.500186000,151.101.109.16
1104,66,1647355576.500275000,192.168.10.155
1105,-1935,1647355576.501027000,151.101.109.16
1106,66,1647355576.501051000,192.168.10.155
1107,-66,1647355576.501088000,151.101.109.16
1108,180,1647355576.501095000,192.168.10.155
1109,-3113,1647355576.501705000,151.101.109.16
1110,66,1647355576.501742000,192.168.10.155
1111,-66,1647355576.502378000,151.101.109.16
1112,-66,1647355576.503023000,151.101.109.16
1113,-1514,1647355576.503148000,151.101.109.16
1114,-4172,1647355576.503536000,151.101.109.16
1115,-2557,1647355576.503537000,151.101.109.16
1116,-66,1647355576.503537000,151.101.109.16
1117,66,1647355576.503550000,192.168.10.155
1118,66,1647355576.503598000,192.168.10.155
1119,-1366,1647355576.504080000,151.101.109.16
1120,66,1647355576.504124000,192.168.10.155
1121,-66,1647355576.507060000,151.101.109.16
1122,-2962,1647355576.507459000,151.101.109.16
1123,66,1647355576.507486000,192.168.10.155
1124,-2962,1647355576.507577000,151.101.109.16
1125,66,1647355576.507585000,192.168.10.155
1126,-10185,1647355576.508455000,151.101.109.16
1127,-6828,1647355576.508457000,151.101.109.16
1128,66,1647355576.508461000,192.168.10.155
1129,66,1647355576.508469000,192.168.10.155
1130,-66,1647355576.509836000,151.101.109.16
1131,-1493,1647355576.510143000,151.101.109.16
1132,66,1647355576.510151000,192.168.10.155
1133,240,1647355576.552905000,192.168.10.155
1134,-66,1647355576.561985000,151.101.109.16
1135,-1514,1647355576.562037000,151.101.109.16
1136,66,1647355576.562064000,192.168.10.155
1137,-12865,1647355576.563366000,151.101.109.16
1138,66,1647355576.563382000,192.168.10.155
1139,222,1647355576.605341000,192.168.10.155
1140,-66,1647355576.614957000,151.101.109.16
1141,-2962,1647355576.615715000,151.101.109.16
1142,66,1647355576.615755000,192.168.10.155
1143,-1589,1647355576.615979000,151.101.109.16
1144,66,1647355576.615993000,192.168.10.155
1145,-1407,1647355576.664273000,54.230.130.235
1146,66,1647355576.664327000,192.168.10.155
1147,-2687,1647355576.680467000,54.230.130.235
1148,66,1647355576.680487000,192.168.10.155
1149,-5778,1647355576.684775000,54.230.130.235
1150,66,1647355576.684794000,192.168.10.155
1151,-3380,1647355576.684840000,54.230.130.235
1152,66,1647355576.684848000,192.168.10.155
1153,-2922,1647355576.685807000,54.230.130.235
1154,66,1647355576.685823000,192.168.10.155
1155,-6242,1647355576.686993000,54.230.130.235
1156,-16472,1647355576.686996000,54.230.130.235
1157,66,1647355576.687009000,192.168.10.155
1158,66,1647355576.687026000,192.168.10.155
1159,-710,1647355576.687047000,54.230.130.235
1160,66,1647355576.687051000,192.168.10.155
1161,177,1647355576.692720000,192.168.10.155
1162,166,1647355576.693103000,192.168.10.155
1163,74,1647355576.694803000,192.168.10.155
1164,-66,1647355576.701491000,151.101.109.16
1165,-66,1647355576.701836000,151.101.109.16
1166,-1514,1647355576.701976000,151.101.109.16
1167,-7700,1647355576.702709000,151.101.109.16
1168,66,1647355576.702754000,192.168.10.155
1169,-11650,1647355576.703420000,151.101.109.16
1170,66,1647355576.703428000,192.168.10.155
1171,-4378,1647355576.704114000,151.101.109.16
1172,-16503,1647355576.704116000,151.101.109.16
1173,66,1647355576.704127000,192.168.10.155
1174,66,1647355576.704141000,192.168.10.155
1175,-32940,1647355576.704200000,151.101.109.16
1176,66,1647355576.704206000,192.168.10.155
1177,-2284,1647355576.704216000,151.101.109.16
1178,66,1647355576.704219000,192.168.10.155
1179,171,1647355576.722848000,192.168.10.155
1180,-66,1647355576.732119000,151.101.109.16
1181,-455,1647355576.732164000,151.101.109.16
1182,157,1647355576.762123000,192.168.10.155
1183,-66,1647355576.771460000,151.101.109.16
1184,-2962,1647355576.772988000,151.101.109.16
1185,66,1647355576.773054000,192.168.10.155
1186,-13206,1647355576.778030000,151.101.109.16
1187,-16503,1647355576.778082000,151.101.109.16
1188,-26130,1647355576.778128000,151.101.109.16
1189,66,1647355576.778182000,192.168.10.155
1190,-11650,1647355576.778622000,151.101.109.16
1191,66,1647355576.778630000,192.168.10.155
1192,-14546,1647355576.779966000,151.101.109.16
1193,-26130,1647355576.780225000,151.101.109.16
1194,-26130,1647355576.780419000,151.101.109.16
1195,-26130,1647355576.780571000,151.101.109.16
1196,-13098,1647355576.780681000,151.101.109.16
1197,66,1647355576.780946000,192.168.10.155
1198,-2962,1647355576.785903000,151.101.109.16
1199,66,1647355576.785917000,192.168.10.155
1200,-1751,1647355576.786449000,151.101.109.16
1201,66,1647355576.786452000,192.168.10.155
1202,-1514,1647355576.788459000,151.101.109.16
1203,-1514,1647355576.788560000,151.101.109.16
1204,66,1647355576.788567000,192.168.10.155
1205,-5616,1647355576.789286000,151.101.109.16
1206,66,1647355576.789293000,192.168.10.155
1207,-66,1647355576.805667000,52.119.171.205
1208,54,1647355576.805701000,192.168.10.155
1209,571,1647355576.808972000,192.168.10.155
1210,157,1647355576.825871000,192.168.10.155
1211,157,1647355576.826312000,192.168.10.155
1212,178,1647355576.827083000,192.168.10.155
1213,-66,1647355576.834821000,151.101.109.16
1214,-66,1647355576.836326000,151.101.109.16
1215,-2962,1647355576.836327000,151.101.109.16
1216,66,1647355576.836350000,192.168.10.155
1217,-13123,1647355576.837629000,151.101.109.16
1218,66,1647355576.837643000,192.168.10.155
1219,-16503,1647355576.837705000,151.101.109.16
1220,66,1647355576.837713000,192.168.10.155
1221,-26556,1647355576.837768000,151.101.109.16
1222,66,1647355576.837773000,192.168.10.155
1223,-7939,1647355576.837800000,151.101.109.16
1224,-66,1647355576.837801000,151.101.109.16
1225,-1014,1647355576.837801000,151.101.109.16
1226,66,1647355576.837809000,192.168.10.155
1227,66,1647355576.883494000,192.168.10.155
1228,351,1647355576.886844000,192.168.10.155
1229,-66,1647355576.896464000,151.101.109.16
1230,-1514,1647355576.908084000,151.101.109.16
1231,66,1647355576.908103000,192.168.10.155
1232,-1514,1647355576.908292000,151.101.109.16
1233,66,1647355576.908298000,192.168.10.155
1234,-13193,1647355576.909251000,151.101.109.16
1235,66,1647355576.909260000,192.168.10.155
1236,-2962,1647355576.909876000,151.101.109.16
1237,66,1647355576.909896000,192.168.10.155
1238,-13607,1647355576.911215000,151.101.109.16
1239,66,1647355576.911231000,192.168.10.155
1240,-16503,1647355576.911289000,151.101.109.16
1241,66,1647355576.911294000,192.168.10.155
1242,-16503,1647355576.911330000,151.101.109.16
1243,66,1647355576.911333000,192.168.10.155
1244,-26130,1647355576.911382000,151.101.109.16
1245,66,1647355576.911389000,192.168.10.155
1246,-6876,1647355576.912447000,151.101.109.16
1247,-14004,1647355576.912450000,151.101.109.16
1248,66,1647355576.912472000,192.168.10.155
1249,66,1647355576.912501000,192.168.10.155
1250,-60,1647355576.917069000,52.119.171.205
1251,-60,1647355576.920625000,52.119.171.205
1252,-2974,1647355576.923592000,52.119.171.205
1253,54,1647355576.923611000,192.168.10.155
1254,-3047,1647355576.924006000,52.119.171.205
1255,54,1647355576.924014000,192.168.10.155
1256,180,1647355576.927874000,192.168.10.155
1257,-105,1647355577.039744000,52.119.171.205
1258,54,1647355577.039758000,192.168.10.155
1259,524,1647355577.039976000,192.168.10.155
1260,177,1647355577.099745000,192.168.10.155
1261,-66,1647355577.111302000,151.101.109.16
1262,-2067,1647355577.111303000,151.101.109.16
1263,66,1647355577.111334000,192.168.10.155
1264,74,1647355577.141024000,192.168.10.155
1265,-503,1647355577.174980000,52.119.171.205
1266,54,1647355577.175010000,192.168.10.155
1267,1210,1647355577.191695000,192.168.10.155
1268,-66,1647355577.194184000,54.230.130.235
1269,1514,1647355577.194766000,192.168.10.155
1270,67,1647355577.194788000,192.168.10.155
1271,1400,1647355577.195354000,192.168.10.155
1272,74,1647355577.197954000,192.168.10.155
1273,149,1647355577.206555000,192.168.10.155
1274,74,1647355577.209237000,192.168.10.155
1275,-74,1647355577.211519000,13.249.150.158
1276,66,1647355577.211542000,192.168.10.155
1277,583,1647355577.213975000,192.168.10.155
1278,-66,1647355577.220254000,151.101.109.16
1279,-1514,1647355577.220255000,151.101.109.16
1280,66,1647355577.220288000,192.168.10.155
1281,-3264,1647355577.220625000,151.101.109.16
1282,66,1647355577.220634000,192.168.10.155
1283,-66,1647355577.221962000,13.249.150.158
1284,-1494,1647355577.223008000,13.249.150.158
1285,66,1647355577.223025000,192.168.10.155
1286,-1494,1647355577.223115000,13.249.150.158
1287,66,1647355577.223119000,192.168.10.155
1288,-1494,1647355577.223739000,13.249.150.158
1289,66,1647355577.223749000,192.168.10.155
1290,-1756,1647355577.225571000,13.249.150.158
1291,66,1647355577.225589000,192.168.10.155
1292,105,1647355577.228195000,192.168.10.155
1293,105,1647355577.228321000,192.168.10.155
1294,112,1647355577.228386000,192.168.10.155
1295,85,1647355577.229267000,192.168.10.155
1296,54,1647355577.229309000,192.168.10.155
1297,90,1647355577.229481000,192.168.10.155
1298,66,1647355577.229502000,192.168.10.155
1299,90,1647355577.229606000,192.168.10.155
1300,66,1647355577.229624000,192.168.10.155
1301,97,1647355577.229885000,192.168.10.155
1302,66,1647355577.229898000,192.168.10.155
1303,90,1647355577.230578000,192.168.10.155
1304,66,1647355577.230608000,192.168.10.155
1305,90,1647355577.230852000,192.168.10.155
1306,66,1647355577.230868000,192.168.10.155
1307,97,1647355577.231087000,192.168.10.155
1308,66,1647355577.231109000,192.168.10.155
1309,-66,1647355577.232223000,99.86.218.67
1310,-66,1647355577.232308000,54.230.123.57
1311,-66,1647355577.232608000,54.230.123.57
1312,-66,1647355577.232609000,99.86.218.18
1313,66,1647355577.232639000,192.168.10.155
1314,66,1647355577.232675000,192.168.10.155
1315,-66,1647355577.233582000,54.239.132.159
1316,-66,1647355577.233588000,54.239.132.159
1317,66,1647355577.233661000,192.168.10.155
1318,-66,1647355577.233800000,99.86.218.67
1319,-66,1647355577.233801000,99.86.218.67
1320,66,1647355577.233816000,192.168.10.155
1321,-66,1647355577.237084000,151.101.109.16
1322,-66,1647355577.237177000,151.101.109.16
1323,130,1647355577.237554000,192.168.10.155
1324,236,1647355577.237855000,192.168.10.155
1325,385,1647355577.237893000,192.168.10.155
1326,-66,1647355577.239613000,151.101.109.16
1327,-90,1647355577.239613000,151.101.109.16
1328,54,1647355577.239636000,192.168.10.155
1329,-66,1647355577.240493000,151.101.109.16
1330,-66,1647355577.240493000,151.101.109.16
1331,-66,1647355577.240493000,13.249.150.158
1332,-66,1647355577.240493000,151.101.109.16
1333,-66,1647355577.240493000,151.101.109.16
1334,-128,1647355577.240494000,13.249.150.158
1335,54,1647355577.240501000,192.168.10.155
1336,54,1647355577.240508000,192.168.10.155
1337,66,1647355577.240525000,192.168.10.155
1338,97,1647355577.240592000,192.168.10.155
1339,-66,1647355577.241052000,13.249.150.158
1340,-97,1647355577.241053000,13.249.150.158
1341,-66,1647355577.241053000,13.249.150.158
1342,66,1647355577.241060000,192.168.10.155
1343,-1494,1647355577.241648000,13.249.150.158
1344,66,1647355577.241657000,192.168.10.155
1345,-8341,1647355577.242434000,13.249.150.158
1346,66,1647355577.242449000,192.168.10.155
1347,105,1647355577.242735000,192.168.10.155
1348,90,1647355577.242847000,192.168.10.155
1349,-66,1647355577.243424000,13.249.150.158
1350,-90,1647355577.243971000,151.101.109.16
1351,54,1647355577.243994000,192.168.10.155
1352,-66,1647355577.244067000,151.101.109.16
1353,54,1647355577.244073000,192.168.10.155
1354,-66,1647355577.245204000,13.249.150.158
1355,-66,1647355577.245748000,13.249.150.158
1356,66,1647355577.245822000,192.168.10.155
1357,74,1647355577.255094000,192.168.10.155
1358,74,1647355577.257296000,192.168.10.155
1359,-66,1647355577.259303000,52.119.166.51
1360,54,1647355577.259328000,192.168.10.155
1361,571,1647355577.263395000,192.168.10.155
1362,74,1647355577.264255000,192.168.10.155
1363,74,1647355577.264360000,192.168.10.155
1364,74,1647355577.264481000,192.168.10.155
1365,74,1647355577.264558000,192.168.10.155
1366,-74,1647355577.265043000,151.101.109.16
1367,66,1647355577.265072000,192.168.10.155
1368,-74,1647355577.266387000,151.101.109.16
1369,66,1647355577.266409000,192.168.10.155
1370,-74,1647355577.273190000,151.101.109.16
1371,66,1647355577.273224000,192.168.10.155
1372,-74,1647355577.273525000,151.101.109.16
1373,66,1647355577.273542000,192.168.10.155
1374,-74,1647355577.273630000,151.101.109.16
1375,66,1647355577.273640000,192.168.10.155
1376,-74,1647355577.274549000,151.101.109.16
1377,66,1647355577.274573000,192.168.10.155
1378,583,1647355577.276037000,192.168.10.155
1379,583,1647355577.278239000,192.168.10.155
1380,583,1647355577.283486000,192.168.10.155
1381,-66,1647355577.286361000,151.101.109.16
1382,-66,1647355577.287657000,151.101.109.16
1383,-1514,1647355577.288024000,151.101.109.16
1384,583,1647355577.288098000,192.168.10.155
1385,66,1647355577.288175000,192.168.10.155
1386,-1514,1647355577.288237000,151.101.109.16
1387,-2585,1647355577.288239000,151.101.109.16
1388,66,1647355577.288292000,192.168.10.155
1389,66,1647355577.288321000,192.168.10.155
1390,-1514,1647355577.289524000,151.101.109.16
1391,66,1647355577.289539000,192.168.10.155
1392,-1514,1647355577.289657000,151.101.109.16
1393,66,1647355577.289675000,192.168.10.155
1394,-2585,1647355577.290345000,151.101.109.16
1395,66,1647355577.290374000,192.168.10.155
1396,583,1647355577.292873000,192.168.10.155
1397,-66,1647355577.293494000,151.101.109.16
1398,-1514,1647355577.295131000,151.101.109.16
1399,66,1647355577.295154000,192.168.10.155
1400,-1514,1647355577.295227000,151.101.109.16
1401,66,1647355577.295235000,192.168.10.155
1402,-1514,1647355577.295525000,151.101.109.16
1403,-1137,1647355577.295525000,151.101.109.16
1404,66,1647355577.295533000,192.168.10.155
1405,66,1647355577.295542000,192.168.10.155
1406,583,1647355577.297321000,192.168.10.155
1407,-66,1647355577.297642000,151.101.109.16
1408,-1514,1647355577.299375000,151.101.109.16
1409,66,1647355577.299408000,192.168.10.155
1410,-1514,1647355577.299475000,151.101.109.16
1411,66,1647355577.299484000,192.168.10.155
1412,-2585,1647355577.299765000,151.101.109.16
1413,66,1647355577.299776000,192.168.10.155
1414,-670,1647355577.301558000,54.230.130.235
1415,66,1647355577.301574000,192.168.10.155
1416,-97,1647355577.301656000,54.230.130.235
1417,66,1647355577.301661000,192.168.10.155
1418,-66,1647355577.302228000,151.101.109.16
1419,105,1647355577.303161000,192.168.10.155
1420,-2962,1647355577.303886000,151.101.109.16
1421,66,1647355577.303904000,192.168.10.155
1422,-2585,1647355577.303970000,151.101.109.16
1423,66,1647355577.303983000,192.168.10.155
1424,90,1647355577.305080000,192.168.10.155
1425,66,1647355577.305108000,192.168.10.155
1426,-66,1647355577.305641000,54.230.130.235
1427,74,1647355577.306220000,192.168.10.155
1428,74,1647355577.306295000,192.168.10.155
1429,-66,1647355577.307208000,151.101.109.16
1430,-66,1647355577.307316000,54.230.130.235
1431,-66,1647355577.307713000,54.230.130.235
1432,66,1647355577.307737000,192.168.10.155
1433,-74,1647355577.308674000,54.230.130.235
1434,66,1647355577.308688000,192.168.10.155
1435,-1514,1647355577.309259000,151.101.109.16
1436,66,1647355577.309270000,192.168.10.155
1437,-1514,1647355577.309374000,151.101.109.16
1438,66,1647355577.309381000,192.168.10.155
1439,-2585,1647355577.309993000,151.101.109.16
1440,66,1647355577.310003000,192.168.10.155
1441,-66,1647355577.311516000,52.36.17.87
1442,-66,1647355577.315124000,52.94.215.173
1443,54,1647355577.315236000,192.168.10.155
1444,-235,1647355577.315962000,52.36.17.87
1445,-104,1647355577.315964000,52.36.17.87
1446,66,1647355577.315996000,192.168.10.155
1447,66,1647355577.316012000,192.168.10.155
1448,583,1647355577.317301000,192.168.10.155
1449,130,1647355577.318861000,192.168.10.155
1450,-66,1647355577.320085000,54.230.130.235
1451,130,1647355577.320107000,192.168.10.155
1452,130,1647355577.320434000,192.168.10.155
1453,-4350,1647355577.321368000,54.230.130.235
1454,66,1647355577.321392000,192.168.10.155
1455,130,1647355577.322605000,192.168.10.155
1456,-1037,1647355577.323117000,54.230.130.235
1457,66,1647355577.323131000,192.168.10.155
1458,-235,1647355577.324686000,52.36.17.87
1459,-104,1647355577.324687000,52.36.17.87
1460,66,1647355577.324699000,192.168.10.155
1461,66,1647355577.324711000,192.168.10.155
1462,571,1647355577.325822000,192.168.10.155
1463,253,1647355577.326032000,192.168.10.155
1464,236,1647355577.326156000,192.168.10.155
1465,420,1647355577.326172000,192.168.10.155
1466,253,1647355577.326200000,192.168.10.155
1467,-66,1647355577.327640000,151.101.109.16
1468,158,1647355577.328652000,192.168.10.155
1469,-66,1647355577.330062000,151.101.109.16
1470,-66,1647355577.330063000,151.101.109.16
1471,158,1647355577.330706000,192.168.10.155
1472,112,1647355577.331237000,192.168.10.155
1473,-66,1647355577.331246000,151.101.109.16
1474,158,1647355577.331844000,192.168.10.155
1475,253,1647355577.333753000,192.168.10.155
1476,90,1647355577.333862000,192.168.10.155
1477,66,1647355577.333882000,192.168.10.155
1478,90,1647355577.334094000,192.168.10.155
1479,66,1647355577.334152000,192.168.10.155
1480,130,1647355577.334900000,192.168.10.155
1481,-66,1647355577.335061000,151.101.109.16
1482,-66,1647355577.335142000,151.101.109.16
1483,-125,1647355577.335393000,151.101.109.16
1484,-66,1647355577.335394000,151.101.109.16
1485,66,1647355577.335410000,192.168.10.155
1486,-4410,1647355577.335629000,151.101.109.16
1487,-2962,1647355577.335630000,151.101.109.16
1488,66,1647355577.335643000,192.168.10.155
1489,66,1647355577.335665000,192.168.10.155
1490,-1514,1647355577.336833000,151.101.109.16
1491,-125,1647355577.336836000,151.101.109.16
1492,-66,1647355577.336838000,151.101.109.16
1493,-125,1647355577.336839000,151.101.109.16
1494,66,1647355577.336901000,192.168.10.155
1495,54,1647355577.337000000,192.168.10.155
1496,54,1647355577.337067000,192.168.10.155
1497,-4410,1647355577.337162000,151.101.109.16
1498,66,1647355577.337178000,192.168.10.155
1499,-4410,1647355577.337728000,151.101.109.16
1500,66,1647355577.337745000,192.168.10.155
1501,97,1647355577.338035000,192.168.10.155
1502,66,1647355577.338057000,192.168.10.155
1503,97,1647355577.338238000,192.168.10.155
1504,-2962,1647355577.338555000,151.101.109.16
1505,66,1647355577.338564000,192.168.10.155
1506,-1514,1647355577.339306000,151.101.109.16
1507,-4410,1647355577.339308000,151.101.109.16
1508,253,1647355577.339443000,192.168.10.155
1509,157,1647355577.339604000,192.168.10.155
1510,90,1647355577.340032000,192.168.10.155
1511,66,1647355577.340055000,192.168.10.155
1512,157,1647355577.340578000,192.168.10.155
1513,-66,1647355577.340659000,151.101.109.16
1514,-1514,1647355577.340660000,151.101.109.16
1515,-1308,1647355577.341334000,151.101.109.16
1516,-4410,1647355577.341335000,151.101.109.16
1517,-60,1647355577.341336000,52.119.171.205
1518,54,1647355577.341363000,192.168.10.155
1519,66,1647355577.341852000,192.168.10.155
1520,90,1647355577.341958000,192.168.10.155
1521,66,1647355577.341973000,192.168.10.155
1522,-4410,1647355577.342277000,151.101.109.16
1523,-66,1647355577.342654000,151.101.109.16
1524,-4410,1647355577.342655000,151.101.109.16
1525,130,1647355577.342800000,192.168.10.155
1526,-66,1647355577.343244000,151.101.109.16
1527,-125,1647355577.343246000,151.101.109.16
1528,-66,1647355577.343247000,151.101.109.16
1529,54,1647355577.343282000,192.168.10.155
1530,-66,1647355577.343823000,151.101.109.16
1531,-66,1647355577.343824000,151.101.109.16
1532,-90,1647355577.343825000,151.101.109.16
1533,-90,1647355577.343825000,151.101.109.16
1534,-66,1647355577.343826000,151.101.109.16
1535,-66,1647355577.343826000,151.101.109.16
1536,-66,1647355577.343827000,151.101.109.16
1537,-66,1647355577.343828000,151.101.109.16
1538,66,1647355577.343842000,192.168.10.155
1539,54,1647355577.343856000,192.168.10.155
1540,54,1647355577.343869000,192.168.10.155
1541,54,1647355577.343876000,192.168.10.155
1542,54,1647355577.343885000,192.168.10.155
1543,54,1647355577.343891000,192.168.10.155
1544,54,1647355577.343895000,192.168.10.155
1545,54,1647355577.343900000,192.168.10.155
1546,54,1647355577.343905000,192.168.10.155
1547,253,1647355577.344117000,192.168.10.155
1548,-66,1647355577.345056000,151.101.109.16
1549,-2962,1647355577.345058000,151.101.109.16
1550,-5858,1647355577.345060000,151.101.109.16
1551,66,1647355577.345087000,192.168.10.155
1552,66,1647355577.345201000,192.168.10.155
1553,158,1647355577.345550000,192.168.10.155
1554,-2962,1647355577.346268000,151.101.109.16
1555,66,1647355577.346290000,192.168.10.155
1556,130,1647355577.346333000,192.168.10.155
1557,-2962,1647355577.346784000,151.101.109.16
1558,-7306,1647355577.346786000,151.101.109.16
1559,66,1647355577.346814000,192.168.10.155
1560,66,1647355577.346832000,192.168.10.155
1561,236,1647355577.347192000,192.168.10.155
1562,827,1647355577.347220000,192.168.10.155
1563,-66,1647355577.348105000,151.101.109.16
1564,-1514,1647355577.348110000,151.101.109.16
1565,-7306,1647355577.348662000,151.101.109.16
1566,-66,1647355577.348669000,151.101.109.16
1567,-125,1647355577.348671000,151.101.109.16
1568,-1514,1647355577.348675000,151.101.109.16
1569,66,1647355577.348760000,192.168.10.155
1570,54,1647355577.348961000,192.168.10.155
1571,-66,1647355577.349126000,151.101.109.16
1572,-1514,1647355577.349129000,151.101.109.16
1573,66,1647355577.349171000,192.168.10.155
1574,-8256,1647355577.349404000,151.101.109.16
1575,-66,1647355577.349407000,151.101.109.16
1576,-66,1647355577.349407000,151.101.109.16
1577,66,1647355577.349456000,192.168.10.155
1578,54,1647355577.349512000,192.168.10.155
1579,54,1647355577.349540000,192.168.10.155
1580,-90,1647355577.349578000,151.101.109.16
1581,-66,1647355577.349578000,151.101.109.16
1582,-66,1647355577.349579000,54.230.130.235
1583,54,1647355577.349599000,192.168.10.155
1584,54,1647355577.349608000,192.168.10.155
1585,-128,1647355577.350634000,54.230.130.235
1586,-66,1647355577.350637000,151.101.109.16
1587,-6978,1647355577.350649000,151.101.109.16
1588,-66,1647355577.350651000,54.230.130.235
1589,66,1647355577.350699000,192.168.10.155
1590,66,1647355577.350786000,192.168.10.155
1591,-66,1647355577.350847000,54.230.130.235
1592,-97,1647355577.350887000,54.230.130.235
1593,66,1647355577.350902000,192.168.10.155
1594,-2364,1647355577.351687000,151.101.109.16
1595,-66,1647355577.351688000,151.101.109.16
1596,-90,1647355577.351688000,151.101.109.16
1597,-66,1647355577.351689000,151.101.109.16
1598,-66,1647355577.351689000,151.101.109.16
1599,66,1647355577.351712000,192.168.10.155
1600,54,1647355577.351739000,192.168.10.155
1601,90,1647355577.351748000,192.168.10.155
1602,54,1647355577.351758000,192.168.10.155
1603,54,1647355577.351764000,192.168.10.155
1604,54,1647355577.351771000,192.168.10.155
1605,66,1647355577.351773000,192.168.10.155
1606,283,1647355577.352038000,192.168.10.155
1607,-66,1647355577.352625000,151.101.109.16
1608,-66,1647355577.352971000,151.101.109.16
1609,-125,1647355577.353056000,151.101.109.16
1610,54,1647355577.353116000,192.168.10.155
1611,97,1647355577.353497000,192.168.10.155
1612,-1970,1647355577.353697000,151.101.109.16
1613,66,1647355577.353721000,192.168.10.155
1614,74,1647355577.353749000,192.168.10.155
1615,-2962,1647355577.354621000,151.101.109.16
1616,66,1647355577.354637000,192.168.10.155
1617,-13098,1647355577.355572000,151.101.109.16
1618,66,1647355577.355588000,192.168.10.155
1619,-66,1647355577.355608000,151.101.109.16
1620,-11792,1647355577.356030000,151.101.109.16
1621,66,1647355577.356044000,192.168.10.155
1622,-66,1647355577.356063000,54.230.130.235
1623,-66,1647355577.356780000,54.230.130.235
1624,-17442,1647355577.356784000,151.101.109.16
1625,66,1647355577.356804000,192.168.10.155
1626,-1514,1647355577.357225000,151.101.109.16
1627,-1514,1647355577.358589000,151.101.109.16
1628,66,1647355577.358608000,192.168.10.155
1629,-1514,1647355577.358683000,151.101.109.16
1630,-10202,1647355577.359167000,151.101.109.16
1631,-1514,1647355577.359168000,151.101.109.16
1632,66,1647355577.359184000,192.168.10.155
1633,-569,1647355577.359212000,151.101.109.16
1634,66,1647355577.359216000,192.168.10.155
1635,-66,1647355577.361888000,151.101.109.16
1636,-90,1647355577.361889000,151.101.109.16
1637,54,1647355577.361916000,192.168.10.155
1638,54,1647355577.361945000,192.168.10.155
1639,-66,1647355577.361967000,151.101.109.16
1640,54,1647355577.361971000,192.168.10.155
1641,-66,1647355577.362531000,151.101.109.16
1642,54,1647355577.362548000,192.168.10.155
1643,-60,1647355577.378040000,52.119.166.51
1644,-60,1647355577.382794000,52.119.166.51
1645,-1514,1647355577.384199000,52.119.166.51
1646,54,1647355577.384223000,192.168.10.155
1647,-1514,1647355577.384253000,52.119.166.51
1648,54,1647355577.384258000,192.168.10.155
1649,-3105,1647355577.384590000,52.119.166.51
1650,54,1647355577.384602000,192.168.10.155
1651,180,1647355577.390725000,192.168.10.155
1652,-74,1647355577.420818000,52.36.17.87
1653,66,1647355577.420850000,192.168.10.155
1654,583,1647355577.427118000,192.168.10.155
1655,-60,1647355577.433936000,52.94.215.173
1656,-60,1647355577.446417000,52.94.215.173
1657,-1514,1647355577.446699000,52.94.215.173
1658,54,1647355577.446717000,192.168.10.155
1659,-4630,1647355577.446749000,52.94.215.173
1660,54,1647355577.446754000,192.168.10.155
1661,-66,1647355577.455384000,52.36.17.87
1662,-66,1647355577.455385000,52.36.17.87
1663,66,1647355577.455427000,192.168.10.155
1664,-670,1647355577.456970000,54.230.130.235
1665,-97,1647355577.456972000,54.230.130.235
1666,66,1647355577.456989000,192.168.10.155
1667,66,1647355577.457009000,192.168.10.155
1668,-66,1647355577.458112000,52.94.215.173
1669,54,1647355577.458138000,192.168.10.155
1670,180,1647355577.459709000,192.168.10.155
1671,-670,1647355577.460231000,54.230.130.235
1672,66,1647355577.460243000,192.168.10.155
1673,-97,1647355577.460319000,54.230.130.235
1674,66,1647355577.460323000,192.168.10.155
1675,571,1647355577.482505000,192.168.10.155
1676,-105,1647355577.510005000,52.119.166.51
1677,54,1647355577.510046000,192.168.10.155
1678,825,1647355577.510934000,192.168.10.155
1679,74,1647355577.528800000,192.168.10.155
1680,-66,1647355577.541524000,52.36.17.87
1681,-2962,1647355577.543771000,52.36.17.87
1682,66,1647355577.543788000,192.168.10.155
1683,-2615,1647355577.544179000,52.36.17.87
1684,66,1647355577.544188000,192.168.10.155
1685,192,1647355577.549695000,192.168.10.155
1686,-60,1647355577.563977000,52.94.215.173
1687,-105,1647355577.578180000,52.94.215.173
1688,54,1647355577.578199000,192.168.10.155
1689,1514,1647355577.578488000,192.168.10.155
1690,1514,1647355577.578497000,192.168.10.155
1691,1514,1647355577.578504000,192.168.10.155
1692,1514,1647355577.578506000,192.168.10.155
1693,1514,1647355577.580012000,192.168.10.155
1694,1514,1647355577.580024000,192.168.10.155
1695,1514,1647355577.580036000,192.168.10.155
1696,1514,1647355577.580038000,192.168.10.155
1697,1514,1647355577.580558000,192.168.10.155
1698,746,1647355577.580567000,192.168.10.155
1699,-60,1647355577.587910000,52.94.215.173
1700,-1514,1647355577.589815000,52.94.215.173
1701,54,1647355577.589831000,192.168.10.155
1702,-1514,1647355577.590018000,52.94.215.173
1703,54,1647355577.590025000,192.168.10.155
