index,size,time,ip
0,-4170,1649364515.497610000,18.65.110.227
1,-2802,1649364515.497613000,18.65.116.118
2,-66,1649364515.497614000,18.65.116.118
3,-237,1649364515.497614000,18.65.116.118
4,66,1649364515.497676000,10.11.219.6
5,66,1649364515.497729000,10.11.219.6
6,66,1649364515.497787000,10.11.219.6
7,-1242,1649364515.497813000,18.65.116.118
8,-1217,1649364515.497814000,18.65.110.227
9,66,1649364515.497833000,10.11.219.6
10,66,1649364515.497847000,10.11.219.6
11,159,1649364515.500248000,10.11.219.6
12,560,1649364515.501894000,10.11.219.6
13,-66,1649364515.502975000,18.65.116.118
14,130,1649364515.503852000,10.11.219.6
15,-237,1649364515.504030000,18.65.116.118
16,66,1649364515.504045000,10.11.219.6
17,-66,1649364515.505255000,18.65.116.118
18,-134,1649364515.505257000,18.65.116.118
19,-1434,1649364515.505258000,18.65.116.118
20,78,1649364515.505314000,10.11.219.6
21,66,1649364515.505331000,10.11.219.6
22,-66,1649364515.507243000,18.65.110.227
23,-128,1649364515.507244000,18.65.110.227
24,66,1649364515.507285000,10.11.219.6
25,236,1649364515.587871000,10.11.219.6
26,612,1649364515.587899000,10.11.219.6
27,561,1649364515.588270000,10.11.219.6
28,74,1649364515.588545000,10.11.219.6
29,97,1649364515.609421000,10.11.219.6
30,-66,1649364515.615769000,18.65.110.227
31,-66,1649364515.615770000,18.65.110.227
32,-66,1649364515.615770000,18.65.110.227
33,-97,1649364515.615771000,18.65.110.227
34,-66,1649364515.615772000,18.65.116.118
35,66,1649364515.615803000,10.11.219.6
36,-74,1649364515.618167000,13.224.141.101
37,-83,1649364515.618168000,18.65.116.118
38,-1434,1649364515.618169000,18.65.116.118
39,66,1649364515.618189000,10.11.219.6
40,78,1649364515.618205000,10.11.219.6
41,66,1649364515.618213000,10.11.219.6
42,-66,1649364515.619150000,52.40.173.137
43,66,1649364515.619170000,10.11.219.6
44,583,1649364515.620669000,10.11.219.6
45,-117,1649364515.621310000,52.40.152.118
46,66,1649364515.621321000,10.11.219.6
47,708,1649364515.621505000,10.11.219.6
48,-66,1649364515.623710000,13.224.141.101
49,-2802,1649364515.624893000,13.224.141.101
50,66,1649364515.624911000,10.11.219.6
51,-1328,1649364515.625837000,13.224.141.101
52,66,1649364515.625852000,10.11.219.6
53,130,1649364515.629172000,10.11.219.6
54,492,1649364515.629339000,10.11.219.6
55,-66,1649364515.632121000,13.224.141.101
56,-66,1649364515.632121000,13.224.141.101
57,74,1649364515.632684000,10.11.219.6
58,-8274,1649364515.634781000,13.224.141.101
59,66,1649364515.634790000,10.11.219.6
60,-2802,1649364515.634811000,13.224.141.101
61,66,1649364515.634815000,10.11.219.6
62,-5528,1649364515.638471000,13.224.141.101
63,66,1649364515.638477000,10.11.219.6
64,74,1649364515.645687000,10.11.219.6
65,-19218,1649364515.704506000,13.224.141.101
66,66,1649364515.704533000,10.11.219.6
67,-2802,1649364515.704592000,13.224.141.101
68,-74,1649364515.704593000,18.65.116.99
69,-16482,1649364515.704596000,13.224.141.101
70,66,1649364515.704610000,10.11.219.6
71,66,1649364515.704638000,10.11.219.6
72,66,1649364515.704651000,10.11.219.6
73,-436,1649364515.704669000,13.224.141.101
74,-1434,1649364515.704670000,13.224.141.101
75,-436,1649364515.704671000,13.224.141.101
76,78,1649364515.704680000,10.11.219.6
77,66,1649364515.704689000,10.11.219.6
78,78,1649364515.704705000,10.11.219.6
79,90,1649364515.705038000,10.11.219.6
80,66,1649364515.705072000,10.11.219.6
81,282,1649364515.705361000,10.11.219.6
82,-74,1649364515.705645000,18.65.116.99
83,66,1649364515.705675000,10.11.219.6
84,282,1649364515.705821000,10.11.219.6
85,74,1649364515.707647000,10.11.219.6
86,-1434,1649364515.707885000,13.224.141.101
87,-54,1649364515.707887000,13.224.141.101
88,78,1649364515.707909000,10.11.219.6
89,-66,1649364515.709011000,18.65.116.99
90,-2802,1649364515.710224000,18.65.116.99
91,-54,1649364515.710226000,13.224.141.101
92,-1229,1649364515.710227000,18.65.116.99
93,66,1649364515.710257000,10.11.219.6
94,66,1649364515.710328000,10.11.219.6
95,-66,1649364515.711501000,18.65.116.99
96,-74,1649364515.711503000,13.224.141.101
97,-2802,1649364515.711504000,18.65.116.99
98,66,1649364515.711550000,10.11.219.6
99,66,1649364515.711578000,10.11.219.6
100,-1229,1649364515.712187000,18.65.116.99
101,66,1649364515.712203000,10.11.219.6
102,159,1649364515.713092000,10.11.219.6
103,159,1649364515.714604000,10.11.219.6
104,583,1649364515.717492000,10.11.219.6
105,-66,1649364515.717659000,18.65.116.99
106,-66,1649364515.717659000,18.65.116.99
107,-237,1649364515.717660000,18.65.116.99
108,-237,1649364515.717660000,18.65.116.99
109,-135,1649364515.717660000,18.65.116.99
110,-135,1649364515.717660000,18.65.116.99
111,66,1649364515.717678000,10.11.219.6
112,66,1649364515.717688000,10.11.219.6
113,66,1649364515.717691000,10.11.219.6
114,66,1649364515.717695000,10.11.219.6
115,243,1649364515.719954000,10.11.219.6
116,375,1649364515.719972000,10.11.219.6
117,260,1649364515.720295000,10.11.219.6
118,104,1649364515.720302000,10.11.219.6
119,190,1649364515.720424000,10.11.219.6
120,97,1649364515.720502000,10.11.219.6
121,-66,1649364515.721417000,13.224.141.101
122,-2802,1649364515.722240000,13.224.141.101
123,66,1649364515.722246000,10.11.219.6
124,-66,1649364515.723389000,18.65.116.99
125,-66,1649364515.723389000,18.65.116.99
126,-104,1649364515.723390000,18.65.116.99
127,-2802,1649364515.723390000,18.65.116.99
128,-2802,1649364515.723391000,18.65.116.99
129,66,1649364515.723410000,10.11.219.6
130,66,1649364515.723426000,10.11.219.6
131,66,1649364515.723435000,10.11.219.6
132,-66,1649364515.724226000,18.65.116.99
133,-66,1649364515.724227000,18.65.116.99
134,-1328,1649364515.724227000,13.224.141.101
135,66,1649364515.724243000,10.11.219.6
136,66,1649364515.724260000,10.11.219.6
137,-317,1649364515.725539000,18.65.116.99
138,-66,1649364515.725542000,18.65.116.99
139,-66,1649364515.725542000,18.65.116.99
140,-2802,1649364515.725544000,18.65.116.99
141,66,1649364515.725673000,10.11.219.6
142,66,1649364515.725858000,10.11.219.6
143,-2802,1649364515.727692000,18.65.116.99
144,66,1649364515.727767000,10.11.219.6
145,-316,1649364515.728583000,18.65.116.99
146,66,1649364515.728598000,10.11.219.6
147,130,1649364515.731841000,10.11.219.6
148,495,1649364515.732020000,10.11.219.6
149,-66,1649364515.736228000,13.224.141.101
150,-66,1649364515.736229000,13.224.141.101
151,-2662,1649364515.737323000,13.224.141.101
152,-90,1649364515.737323000,13.224.141.101
153,66,1649364515.737334000,10.11.219.6
154,90,1649364515.737650000,10.11.219.6
155,66,1649364515.737677000,10.11.219.6
156,74,1649364515.739563000,10.11.219.6
157,-54,1649364515.740411000,13.224.141.101
158,-74,1649364515.742611000,13.224.141.101
159,66,1649364515.742633000,10.11.219.6
160,583,1649364515.746714000,10.11.219.6
161,-66,1649364515.751391000,13.224.141.101
162,-2802,1649364515.751392000,13.224.141.101
163,66,1649364515.751412000,10.11.219.6
164,526,1649364515.752501000,10.11.219.6
165,-1328,1649364515.753520000,13.224.141.101
166,66,1649364515.753536000,10.11.219.6
167,130,1649364515.756102000,10.11.219.6
168,498,1649364515.756268000,10.11.219.6
169,-1047,1649364515.756956000,18.65.116.118
170,66,1649364515.756980000,10.11.219.6
171,-66,1649364515.759024000,13.224.141.101
172,-66,1649364515.759025000,13.224.141.101
173,-8274,1649364515.760514000,13.224.141.101
174,-926,1649364515.760515000,13.224.141.101
175,66,1649364515.760536000,10.11.219.6
176,78,1649364515.760563000,10.11.219.6
177,549,1649364515.762651000,10.11.219.6
178,-90,1649364515.764512000,13.224.141.101
179,-224,1649364515.764513000,52.40.152.118
180,-1434,1649364515.764514000,13.224.141.101
181,78,1649364515.764529000,10.11.219.6
182,66,1649364515.764548000,10.11.219.6
183,66,1649364515.764559000,10.11.219.6
184,90,1649364515.764805000,10.11.219.6
185,66,1649364515.764825000,10.11.219.6
186,97,1649364515.765444000,10.11.219.6
187,66,1649364515.765463000,10.11.219.6
188,74,1649364515.766531000,10.11.219.6
189,-3794,1649364515.768947000,18.65.116.118
190,-54,1649364515.768948000,13.224.141.101
191,66,1649364515.768991000,10.11.219.6
192,-74,1649364515.769852000,13.224.141.101
193,66,1649364515.769874000,10.11.219.6
194,583,1649364515.772315000,10.11.219.6
195,-66,1649364515.777532000,13.224.141.101
196,-2802,1649364515.777533000,13.224.141.101
197,66,1649364515.777557000,10.11.219.6
198,-1328,1649364515.779717000,13.224.141.101
199,66,1649364515.779729000,10.11.219.6
200,130,1649364515.782016000,10.11.219.6
201,496,1649364515.782133000,10.11.219.6
202,-66,1649364515.784962000,13.224.141.101
203,-66,1649364515.784963000,13.224.141.101
204,-16072,1649364515.788412000,13.224.141.101
205,242,1649364515.788421000,10.11.219.6
206,66,1649364515.788436000,10.11.219.6
207,-90,1649364515.788446000,13.224.141.101
208,90,1649364515.788628000,10.11.219.6
209,66,1649364515.788640000,10.11.219.6
210,74,1649364515.790216000,10.11.219.6
211,-66,1649364515.791555000,18.65.116.99
212,-54,1649364515.791556000,13.224.141.101
213,-395,1649364515.791556000,18.65.116.99
214,66,1649364515.791613000,10.11.219.6
215,-74,1649364515.792954000,13.224.141.101
216,66,1649364515.792984000,10.11.219.6
217,583,1649364515.795441000,10.11.219.6
218,-66,1649364515.798579000,13.224.141.101
219,-2802,1649364515.802067000,13.224.141.101
220,-1328,1649364515.802068000,13.224.141.101
221,66,1649364515.802081000,10.11.219.6
222,66,1649364515.802107000,10.11.219.6
223,130,1649364515.806478000,10.11.219.6
224,500,1649364515.806981000,10.11.219.6
225,-66,1649364515.809734000,13.224.141.101
226,-66,1649364515.809736000,13.224.141.101
227,538,1649364515.814781000,10.11.219.6
228,-16472,1649364515.818998000,13.224.141.101
229,66,1649364515.819022000,10.11.219.6
230,-19218,1649364515.819057000,13.224.141.101
231,66,1649364515.819061000,10.11.219.6
232,-2802,1649364515.819081000,13.224.141.101
233,-1060,1649364515.819082000,18.65.116.118
234,66,1649364515.819091000,10.11.219.6
235,561,1649364515.822324000,10.11.219.6
236,-11010,1649364515.883852000,13.224.141.101
237,66,1649364515.883871000,10.11.219.6
238,-16482,1649364515.884307000,13.224.141.101
239,66,1649364515.884323000,10.11.219.6
240,-4170,1649364515.884381000,13.224.141.101
241,-1434,1649364515.884383000,13.224.141.101
242,66,1649364515.884415000,10.11.219.6
243,-2802,1649364515.885902000,13.224.141.101
244,66,1649364515.885921000,10.11.219.6
245,-3794,1649364515.888014000,13.224.141.101
246,-1172,1649364515.888016000,18.65.110.227
247,-2802,1649364515.888017000,18.65.110.227
248,-771,1649364515.888018000,18.65.110.227
249,-1434,1649364515.888018000,18.65.110.227
250,66,1649364515.888040000,10.11.219.6
251,66,1649364515.888077000,10.11.219.6
252,66,1649364515.888087000,10.11.219.6
253,78,1649364515.888094000,10.11.219.6
254,66,1649364515.888102000,10.11.219.6
255,-5538,1649364515.888134000,18.65.110.227
256,-124,1649364515.888135000,18.65.110.227
257,-1434,1649364515.888135000,18.65.110.227
258,-124,1649364515.888136000,18.65.110.227
259,-83,1649364515.888136000,18.65.116.118
260,66,1649364515.888143000,10.11.219.6
261,78,1649364515.888151000,10.11.219.6
262,66,1649364515.888157000,10.11.219.6
263,78,1649364515.888170000,10.11.219.6
264,-1058,1649364515.888179000,13.224.141.101
265,-1434,1649364515.888180000,18.65.116.118
266,78,1649364515.888182000,10.11.219.6
267,78,1649364515.888200000,10.11.219.6
268,66,1649364515.888208000,10.11.219.6
269,-5538,1649364515.890482000,13.224.141.101
270,66,1649364515.890507000,10.11.219.6
271,-16482,1649364515.890623000,13.224.141.101
272,66,1649364515.890635000,10.11.219.6
273,-442,1649364515.890659000,13.224.141.101
274,-1434,1649364515.890659000,13.224.141.101
275,78,1649364515.890676000,10.11.219.6
276,66,1649364515.890688000,10.11.219.6
277,-8274,1649364515.892776000,13.224.141.101
278,66,1649364515.892797000,10.11.219.6
279,-23322,1649364515.893208000,13.224.141.101
280,66,1649364515.893221000,10.11.219.6
281,-30162,1649364515.898140000,13.224.141.101
282,66,1649364515.898159000,10.11.219.6
283,-1434,1649364515.898275000,13.224.141.101
284,-5538,1649364515.898278000,13.224.141.101
285,66,1649364515.898293000,10.11.219.6
286,66,1649364515.898318000,10.11.219.6
287,-23322,1649364515.900200000,13.224.141.101
288,66,1649364515.900212000,10.11.219.6
289,-1434,1649364515.900240000,18.65.110.227
290,78,1649364515.900245000,10.11.219.6
291,-1434,1649364515.900636000,13.224.141.101
292,-11010,1649364515.900638000,13.224.141.101
293,66,1649364515.900650000,10.11.219.6
294,66,1649364515.900664000,10.11.219.6
295,-17850,1649364515.900709000,13.224.141.101
296,66,1649364515.900713000,10.11.219.6
297,-2802,1649364515.905279000,13.224.141.101
298,66,1649364515.905305000,10.11.219.6
299,-1434,1649364515.905619000,13.224.141.101
300,-11010,1649364515.905623000,13.224.141.101
301,66,1649364515.905638000,10.11.219.6
302,66,1649364515.905655000,10.11.219.6
303,-2802,1649364515.905717000,13.224.141.101
304,-2802,1649364515.905718000,13.224.141.101
305,-15114,1649364515.905722000,13.224.141.101
306,66,1649364515.905730000,10.11.219.6
307,66,1649364515.905740000,10.11.219.6
308,66,1649364515.905745000,10.11.219.6
309,-1434,1649364515.905752000,13.224.141.101
310,66,1649364515.905755000,10.11.219.6
311,-2802,1649364515.907590000,13.224.141.101
312,66,1649364515.907610000,10.11.219.6
313,-20586,1649364515.908134000,13.224.141.101
314,66,1649364515.908154000,10.11.219.6
315,-6906,1649364515.908199000,13.224.141.101
316,-1434,1649364515.908203000,13.224.141.101
317,66,1649364515.908213000,10.11.219.6
318,66,1649364515.908223000,10.11.219.6
319,-5538,1649364516.011696000,13.224.141.101
320,66,1649364516.011736000,10.11.219.6
321,-17850,1649364516.012138000,13.224.141.101
322,66,1649364516.012145000,10.11.219.6
323,-6906,1649364516.012172000,13.224.141.101
324,-1894,1649364516.012172000,13.224.141.101
325,-97,1649364516.012173000,52.40.152.118
326,66,1649364516.012179000,10.11.219.6
327,66,1649364516.012186000,10.11.219.6
328,54,1649364516.012204000,10.11.219.6
329,-66,1649364516.012217000,52.40.152.118
330,54,1649364516.012224000,10.11.219.6
331,90,1649364516.012407000,10.11.219.6
332,66,1649364516.012423000,10.11.219.6
333,-772,1649364516.016250000,18.65.110.227
334,-2802,1649364516.016251000,18.65.110.227
335,-2802,1649364516.016252000,18.65.110.227
336,-2802,1649364516.016253000,18.65.110.227
337,-2802,1649364516.016253000,18.65.110.227
338,66,1649364516.016269000,10.11.219.6
339,66,1649364516.016287000,10.11.219.6
340,66,1649364516.016294000,10.11.219.6
341,66,1649364516.016298000,10.11.219.6
342,66,1649364516.016301000,10.11.219.6
343,-2802,1649364516.016323000,18.65.110.227
344,-2802,1649364516.016324000,18.65.110.227
345,-526,1649364516.016325000,13.224.141.101
346,-2802,1649364516.016325000,18.65.110.227
347,-1434,1649364516.016326000,18.65.110.227
348,66,1649364516.016330000,10.11.219.6
349,66,1649364516.016339000,10.11.219.6
350,78,1649364516.016350000,10.11.219.6
351,66,1649364516.016360000,10.11.219.6
352,66,1649364516.016364000,10.11.219.6
353,-1434,1649364516.017615000,18.65.110.227
354,-1276,1649364516.017617000,18.65.110.227
355,66,1649364516.017636000,10.11.219.6
356,66,1649364516.017659000,10.11.219.6
357,-54,1649364516.018512000,13.224.141.101
358,74,1649364516.019129000,10.11.219.6
359,74,1649364516.019519000,10.11.219.6
360,74,1649364516.019614000,10.11.219.6
361,74,1649364516.019690000,10.11.219.6
362,74,1649364516.019787000,10.11.219.6
363,547,1649364516.022039000,10.11.219.6
364,74,1649364516.023870000,10.11.219.6
365,-1069,1649364516.024992000,18.65.116.118
366,-74,1649364516.027250000,13.224.141.101
367,66,1649364516.027372000,10.11.219.6
368,-74,1649364516.030446000,151.101.109.16
369,66,1649364516.030499000,10.11.219.6
370,583,1649364516.031152000,10.11.219.6
371,570,1649364516.031348000,10.11.219.6
372,-74,1649364516.031389000,151.101.109.16
373,-74,1649364516.031390000,151.101.109.16
374,-74,1649364516.031390000,151.101.109.16
375,-74,1649364516.031390000,151.101.109.16
376,66,1649364516.031405000,10.11.219.6
377,66,1649364516.031415000,10.11.219.6
378,66,1649364516.031419000,10.11.219.6
379,66,1649364516.031422000,10.11.219.6
380,583,1649364516.033125000,10.11.219.6
381,583,1649364516.034831000,10.11.219.6
382,-467,1649364516.034977000,18.65.116.118
383,-66,1649364516.034978000,13.224.141.101
384,-1434,1649364516.034978000,18.65.116.118
385,-1434,1649364516.034978000,13.224.141.101
386,78,1649364516.034988000,10.11.219.6
387,66,1649364516.034997000,10.11.219.6
388,66,1649364516.035000000,10.11.219.6
389,583,1649364516.036781000,10.11.219.6
390,-1434,1649364516.037096000,13.224.141.101
391,-1328,1649364516.037097000,13.224.141.101
392,66,1649364516.037105000,10.11.219.6
393,66,1649364516.037114000,10.11.219.6
394,583,1649364516.038629000,10.11.219.6
395,583,1649364516.040992000,10.11.219.6
396,-66,1649364516.044698000,151.101.109.16
397,130,1649364516.045952000,10.11.219.6
398,500,1649364516.046143000,10.11.219.6
399,192,1649364516.046711000,10.11.219.6
400,-2802,1649364516.049365000,151.101.109.16
401,-914,1649364516.049366000,151.101.109.16
402,-66,1649364516.049367000,151.101.109.16
403,-4170,1649364516.049368000,151.101.109.16
404,-914,1649364516.049368000,151.101.109.16
405,66,1649364516.049381000,10.11.219.6
406,78,1649364516.049394000,10.11.219.6
407,66,1649364516.049410000,10.11.219.6
408,66,1649364516.049417000,10.11.219.6
409,-66,1649364516.049424000,13.224.141.101
410,-66,1649364516.049424000,151.101.109.16
411,-66,1649364516.049425000,13.224.141.101
412,-1434,1649364516.049425000,151.101.109.16
413,66,1649364516.049439000,10.11.219.6
414,-66,1649364516.050098000,18.65.116.99
415,-396,1649364516.050099000,18.65.116.99
416,-66,1649364516.050099000,151.101.109.16
417,66,1649364516.050108000,10.11.219.6
418,-2802,1649364516.052171000,151.101.109.16
419,-914,1649364516.052172000,151.101.109.16
420,-1434,1649364516.052173000,151.101.109.16
421,-11010,1649364516.052176000,13.224.141.101
422,66,1649364516.052197000,10.11.219.6
423,78,1649364516.052213000,10.11.219.6
424,66,1649364516.052217000,10.11.219.6
425,66,1649364516.052220000,10.11.219.6
426,-2802,1649364516.054461000,13.224.141.101
427,66,1649364516.054474000,10.11.219.6
428,-2792,1649364516.056466000,13.224.141.101
429,-13746,1649364516.056469000,13.224.141.101
430,66,1649364516.056485000,10.11.219.6
431,66,1649364516.056503000,10.11.219.6
432,-5538,1649364516.057311000,13.224.141.101
433,-2802,1649364516.057312000,13.224.141.101
434,-2802,1649364516.057314000,151.101.109.16
435,66,1649364516.057333000,10.11.219.6
436,66,1649364516.057354000,10.11.219.6
437,66,1649364516.057361000,10.11.219.6
438,-2282,1649364516.057422000,151.101.109.16
439,-66,1649364516.057423000,151.101.109.16
440,-2802,1649364516.057425000,151.101.109.16
441,-2282,1649364516.057428000,151.101.109.16
442,66,1649364516.057455000,10.11.219.6
443,66,1649364516.057491000,10.11.219.6
444,66,1649364516.057501000,10.11.219.6
445,-21954,1649364516.061212000,13.224.141.101
446,66,1649364516.061234000,10.11.219.6
447,-2802,1649364516.061269000,18.65.110.227
448,-2802,1649364516.061270000,18.65.110.227
449,66,1649364516.061283000,10.11.219.6
450,66,1649364516.061300000,10.11.219.6
451,-2802,1649364516.063263000,13.224.141.101
452,66,1649364516.063279000,10.11.219.6
453,-6906,1649364516.063464000,13.224.141.101
454,-15114,1649364516.063467000,13.224.141.101
455,66,1649364516.063475000,10.11.219.6
456,66,1649364516.063491000,10.11.219.6
457,-954,1649364516.063497000,13.224.141.101
458,-1434,1649364516.063498000,13.224.141.101
459,78,1649364516.063506000,10.11.219.6
460,66,1649364516.063514000,10.11.219.6
461,-2802,1649364516.064888000,18.65.110.227
462,-6906,1649364516.064891000,13.224.141.101
463,66,1649364516.064913000,10.11.219.6
464,66,1649364516.064940000,10.11.219.6
465,-2802,1649364516.066442000,18.65.110.227
466,66,1649364516.066454000,10.11.219.6
467,130,1649364516.068933000,10.11.219.6
468,236,1649364516.069627000,10.11.219.6
469,403,1649364516.070451000,10.11.219.6
470,-2802,1649364516.072093000,18.65.110.227
471,-5538,1649364516.072097000,13.224.141.101
472,-546,1649364516.072098000,13.224.141.101
473,66,1649364516.072117000,10.11.219.6
474,66,1649364516.072127000,10.11.219.6
475,78,1649364516.072132000,10.11.219.6
476,-1434,1649364516.072143000,13.224.141.101
477,-2802,1649364516.072144000,13.224.141.101
478,66,1649364516.072148000,10.11.219.6
479,66,1649364516.072170000,10.11.219.6
480,-27426,1649364516.072497000,13.224.141.101
481,66,1649364516.072502000,10.11.219.6
482,-11010,1649364516.074807000,13.224.141.101
483,66,1649364516.074819000,10.11.219.6
484,-19218,1649364516.075074000,13.224.141.101
485,66,1649364516.075077000,10.11.219.6
486,-1434,1649364516.077646000,13.224.141.101
487,-1434,1649364516.077649000,13.224.141.101
488,-2802,1649364516.077650000,13.224.141.101
489,66,1649364516.077681000,10.11.219.6
490,66,1649364516.077740000,10.11.219.6
491,66,1649364516.077747000,10.11.219.6
492,-5538,1649364516.079357000,13.224.141.101
493,66,1649364516.079362000,10.11.219.6
494,-21954,1649364516.079531000,13.224.141.101
495,66,1649364516.079536000,10.11.219.6
496,-2802,1649364516.079551000,18.65.110.227
497,-1434,1649364516.079552000,13.224.141.101
498,66,1649364516.079561000,10.11.219.6
499,66,1649364516.079570000,10.11.219.6
500,130,1649364516.080245000,10.11.219.6
501,253,1649364516.080437000,10.11.219.6
502,169,1649364516.080709000,10.11.219.6
503,90,1649364516.081124000,10.11.219.6
504,-2802,1649364516.081452000,18.65.110.227
505,-19218,1649364516.081458000,13.224.141.101
506,66,1649364516.081554000,10.11.219.6
507,66,1649364516.081564000,10.11.219.6
508,-2802,1649364516.081814000,18.65.110.227
509,-8274,1649364516.081817000,13.224.141.101
510,66,1649364516.081832000,10.11.219.6
511,66,1649364516.081848000,10.11.219.6
512,130,1649364516.082965000,10.11.219.6
513,253,1649364516.083300000,10.11.219.6
514,443,1649364516.083710000,10.11.219.6
515,-4170,1649364516.083983000,13.224.141.101
516,-12378,1649364516.083987000,13.224.141.101
517,66,1649364516.084001000,10.11.219.6
518,66,1649364516.084015000,10.11.219.6
519,90,1649364516.084408000,10.11.219.6
520,-17850,1649364516.086835000,13.224.141.101
521,66,1649364516.086845000,10.11.219.6
522,-1434,1649364516.086864000,13.224.141.101
523,66,1649364516.086871000,10.11.219.6
524,-11010,1649364516.087111000,13.224.141.101
525,66,1649364516.087123000,10.11.219.6
526,-2802,1649364516.089043000,18.65.110.227
527,-13746,1649364516.089046000,13.224.141.101
528,66,1649364516.089056000,10.11.219.6
529,66,1649364516.089072000,10.11.219.6
530,-5538,1649364516.089534000,13.224.141.101
531,-1434,1649364516.089535000,13.224.141.101
532,-6906,1649364516.089537000,13.224.141.101
533,66,1649364516.089545000,10.11.219.6
534,66,1649364516.089559000,10.11.219.6
535,66,1649364516.089565000,10.11.219.6
536,-20586,1649364516.094157000,13.224.141.101
537,66,1649364516.094188000,10.11.219.6
538,-2802,1649364516.096599000,13.224.141.101
539,-2802,1649364516.096600000,18.65.110.227
540,-2802,1649364516.096601000,18.65.110.227
541,-66,1649364516.096601000,151.101.109.16
542,-66,1649364516.096602000,151.101.109.16
543,66,1649364516.096618000,10.11.219.6
544,66,1649364516.096637000,10.11.219.6
545,66,1649364516.096643000,10.11.219.6
546,-125,1649364516.096660000,151.101.109.16
547,-2802,1649364516.096665000,18.65.110.227
548,-1434,1649364516.096666000,13.224.141.101
549,-8274,1649364516.096668000,13.224.141.101
550,66,1649364516.096675000,10.11.219.6
551,66,1649364516.096681000,10.11.219.6
552,66,1649364516.096686000,10.11.219.6
553,66,1649364516.096691000,10.11.219.6
554,-2802,1649364516.096699000,18.65.110.227
555,-66,1649364516.096699000,151.101.109.16
556,-5538,1649364516.096701000,151.101.109.16
557,66,1649364516.096708000,10.11.219.6
558,66,1649364516.096720000,10.11.219.6
559,-5538,1649364516.096743000,151.101.109.16
560,-6906,1649364516.096746000,13.224.141.101
561,66,1649364516.096755000,10.11.219.6
562,66,1649364516.096765000,10.11.219.6
563,-16482,1649364516.097071000,13.224.141.101
564,66,1649364516.097082000,10.11.219.6
565,-2802,1649364516.097135000,18.65.110.227
566,-1434,1649364516.097136000,151.101.109.16
567,-255,1649364516.097136000,151.101.109.16
568,-1434,1649364516.097137000,151.101.109.16
569,-5538,1649364516.097139000,13.224.141.101
570,66,1649364516.097149000,10.11.219.6
571,66,1649364516.097163000,10.11.219.6
572,78,1649364516.097175000,10.11.219.6
573,66,1649364516.097185000,10.11.219.6
574,66,1649364516.097194000,10.11.219.6
575,97,1649364516.097597000,10.11.219.6
576,-20586,1649364516.099159000,13.224.141.101
577,66,1649364516.099180000,10.11.219.6
578,-5538,1649364516.099658000,13.224.141.101
579,-8274,1649364516.099662000,13.224.141.101
580,66,1649364516.099678000,10.11.219.6
581,66,1649364516.099696000,10.11.219.6
582,130,1649364516.100328000,10.11.219.6
583,236,1649364516.101098000,10.11.219.6
584,-19218,1649364516.101642000,13.224.141.101
585,66,1649364516.101655000,10.11.219.6
586,-4170,1649364516.102172000,13.224.141.101
587,-2802,1649364516.102173000,18.65.110.227
588,-2802,1649364516.102174000,18.65.110.227
589,66,1649364516.102184000,10.11.219.6
590,66,1649364516.102197000,10.11.219.6
591,66,1649364516.102217000,10.11.219.6
592,-2802,1649364516.102220000,18.65.110.227
593,-2078,1649364516.102221000,18.65.110.227
594,66,1649364516.102230000,10.11.219.6
595,66,1649364516.102234000,10.11.219.6
596,546,1649364516.102491000,10.11.219.6
597,130,1649364516.104537000,10.11.219.6
598,253,1649364516.104828000,10.11.219.6
599,684,1649364516.105158000,10.11.219.6
600,90,1649364516.105569000,10.11.219.6
601,66,1649364516.105593000,10.11.219.6
602,-30162,1649364516.107251000,13.224.141.101
603,66,1649364516.107265000,10.11.219.6
604,-1434,1649364516.107681000,13.224.141.101
605,-26058,1649364516.107687000,13.224.141.101
606,66,1649364516.107700000,10.11.219.6
607,66,1649364516.107713000,10.11.219.6
608,-5538,1649364516.112094000,13.224.141.101
609,-66,1649364516.112095000,151.101.109.16
610,-66,1649364516.112095000,151.101.109.16
611,-66,1649364516.112096000,151.101.109.16
612,-125,1649364516.112096000,151.101.109.16
613,66,1649364516.112111000,10.11.219.6
614,54,1649364516.112155000,10.11.219.6
615,-66,1649364516.112207000,151.101.109.16
616,-90,1649364516.112207000,151.101.109.16
617,-66,1649364516.112208000,151.101.109.16
618,-5538,1649364516.112209000,151.101.109.16
619,-5538,1649364516.112210000,151.101.109.16
620,54,1649364516.112220000,10.11.219.6
621,54,1649364516.112227000,10.11.219.6
622,54,1649364516.112231000,10.11.219.6
623,66,1649364516.112237000,10.11.219.6
624,-2802,1649364516.112253000,151.101.109.16
625,66,1649364516.112292000,10.11.219.6
626,-2534,1649364516.112640000,151.101.109.16
627,-66,1649364516.112641000,151.101.109.16
628,-66,1649364516.112641000,151.101.109.16
629,-125,1649364516.112642000,151.101.109.16
630,-66,1649364516.112642000,151.101.109.16
631,-90,1649364516.112642000,151.101.109.16
632,-66,1649364516.112643000,151.101.109.16
633,66,1649364516.112653000,10.11.219.6
634,54,1649364516.112687000,10.11.219.6
635,54,1649364516.112701000,10.11.219.6
636,54,1649364516.112708000,10.11.219.6
637,54,1649364516.112714000,10.11.219.6
638,-5538,1649364516.112770000,151.101.109.16
639,-66,1649364516.112771000,151.101.109.16
640,-2802,1649364516.112772000,151.101.109.16
641,-12378,1649364516.112775000,13.224.141.101
642,66,1649364516.112794000,10.11.219.6
643,66,1649364516.112813000,10.11.219.6
644,-8274,1649364516.114611000,13.224.141.101
645,66,1649364516.114626000,10.11.219.6
646,-11010,1649364516.115080000,13.224.141.101
647,66,1649364516.115088000,10.11.219.6
648,-4170,1649364516.115126000,13.224.141.101
649,-9642,1649364516.115128000,13.224.141.101
650,66,1649364516.115136000,10.11.219.6
651,66,1649364516.115140000,10.11.219.6
652,-17850,1649364516.117061000,13.224.141.101
653,66,1649364516.117070000,10.11.219.6
654,-2802,1649364516.117086000,13.224.141.101
655,66,1649364516.117089000,10.11.219.6
656,-8274,1649364516.117526000,13.224.141.101
657,-4170,1649364516.117528000,13.224.141.101
658,66,1649364516.117537000,10.11.219.6
659,66,1649364516.117553000,10.11.219.6
660,-11010,1649364516.124096000,13.224.141.101
661,66,1649364516.124119000,10.11.219.6
662,-5538,1649364516.124743000,13.224.141.101
663,-27426,1649364516.124767000,13.224.141.101
664,66,1649364516.124819000,10.11.219.6
665,66,1649364516.124882000,10.11.219.6
666,-4170,1649364516.126529000,13.224.141.101
667,-2802,1649364516.126531000,151.101.109.16
668,-5538,1649364516.126533000,151.101.109.16
669,66,1649364516.126558000,10.11.219.6
670,66,1649364516.126594000,10.11.219.6
671,-5538,1649364516.126674000,151.101.109.16
672,-5538,1649364516.126677000,13.224.141.101
673,66,1649364516.126677000,10.11.219.6
674,66,1649364516.126696000,10.11.219.6
675,66,1649364516.126703000,10.11.219.6
676,-11010,1649364516.127067000,13.224.141.101
677,66,1649364516.127082000,10.11.219.6
678,-15114,1649364516.129077000,13.224.141.101
679,66,1649364516.129122000,10.11.219.6
680,-5538,1649364516.129216000,151.101.109.16
681,66,1649364516.129243000,10.11.219.6
682,-5538,1649364516.129542000,151.101.109.16
683,-4170,1649364516.129545000,151.101.109.16
684,-4170,1649364516.129547000,13.224.141.101
685,66,1649364516.129569000,10.11.219.6
686,66,1649364516.129595000,10.11.219.6
687,66,1649364516.129603000,10.11.219.6
688,-1434,1649364516.131858000,13.224.141.101
689,-6906,1649364516.131860000,13.224.141.101
690,66,1649364516.131876000,10.11.219.6
691,66,1649364516.131900000,10.11.219.6
692,684,1649364516.137478000,10.11.219.6
693,66,1649364516.145422000,10.11.219.6
694,-19218,1649364516.155749000,13.224.141.101
695,66,1649364516.155770000,10.11.219.6
696,-66,1649364516.155817000,151.101.109.16
697,-66,1649364516.155818000,151.101.109.16
698,-66,1649364516.155819000,151.101.109.16
699,-125,1649364516.155820000,151.101.109.16
700,-5538,1649364516.155821000,13.224.141.101
701,66,1649364516.155853000,10.11.219.6
702,66,1649364516.155867000,10.11.219.6
703,-12378,1649364516.156068000,13.224.141.101
704,66,1649364516.156079000,10.11.219.6
705,-4170,1649364516.156115000,13.224.141.101
706,66,1649364516.156124000,10.11.219.6
707,97,1649364516.156897000,10.11.219.6
708,-9642,1649364516.158615000,13.224.141.101
709,-66,1649364516.158618000,151.101.109.16
710,66,1649364516.158661000,10.11.219.6
711,-66,1649364516.158782000,151.101.109.16
712,-66,1649364516.158783000,151.101.109.16
713,-66,1649364516.158783000,151.101.109.16
714,-125,1649364516.158784000,151.101.109.16
715,-66,1649364516.158786000,151.101.109.16
716,-90,1649364516.158786000,151.101.109.16
717,-2802,1649364516.158788000,151.101.109.16
718,54,1649364516.158874000,10.11.219.6
719,54,1649364516.158934000,10.11.219.6
720,54,1649364516.158943000,10.11.219.6
721,66,1649364516.158953000,10.11.219.6
722,-1434,1649364516.159018000,151.101.109.16
723,-4170,1649364516.159030000,151.101.109.16
724,-66,1649364516.159030000,151.101.109.16
725,-66,1649364516.159031000,151.101.109.16
726,-4170,1649364516.159033000,151.101.109.16
727,66,1649364516.159044000,10.11.219.6
728,66,1649364516.159062000,10.11.219.6
729,54,1649364516.159075000,10.11.219.6
730,54,1649364516.159088000,10.11.219.6
731,66,1649364516.159101000,10.11.219.6
732,-9642,1649364516.159160000,13.224.141.101
733,66,1649364516.159168000,10.11.219.6
734,-5538,1649364516.161192000,13.224.141.101
735,66,1649364516.161214000,10.11.219.6
736,-16482,1649364516.161696000,13.224.141.101
737,66,1649364516.161708000,10.11.219.6
738,-4170,1649364516.161784000,151.101.109.16
739,-4170,1649364516.161786000,151.101.109.16
740,-2802,1649364516.161787000,151.101.109.16
741,66,1649364516.161804000,10.11.219.6
742,66,1649364516.161831000,10.11.219.6
743,66,1649364516.161841000,10.11.219.6
744,-1434,1649364516.166719000,151.101.109.16
745,-4170,1649364516.166721000,151.101.109.16
746,-4170,1649364516.166721000,151.101.109.16
747,-2802,1649364516.166722000,151.101.109.16
748,66,1649364516.166741000,10.11.219.6
749,66,1649364516.166759000,10.11.219.6
750,66,1649364516.166776000,10.11.219.6
751,-4170,1649364516.166781000,151.101.109.16
752,-4170,1649364516.166782000,151.101.109.16
753,-4170,1649364516.166783000,151.101.109.16
754,66,1649364516.166787000,10.11.219.6
755,66,1649364516.166793000,10.11.219.6
756,66,1649364516.166817000,10.11.219.6
757,-5538,1649364516.168976000,151.101.109.16
758,-16482,1649364516.168978000,13.224.141.101
759,66,1649364516.168986000,10.11.219.6
760,66,1649364516.168999000,10.11.219.6
761,-15114,1649364516.169415000,13.224.141.101
762,66,1649364516.169420000,10.11.219.6
763,-5538,1649364516.169452000,151.101.109.16
764,-2802,1649364516.169452000,151.101.109.16
765,-2802,1649364516.169453000,151.101.109.16
766,66,1649364516.169459000,10.11.219.6
767,66,1649364516.169465000,10.11.219.6
768,66,1649364516.169470000,10.11.219.6
769,-2802,1649364516.169488000,151.101.109.16
770,-4170,1649364516.169489000,13.224.141.101
771,66,1649364516.169494000,10.11.219.6
772,66,1649364516.169499000,10.11.219.6
773,-1434,1649364516.171402000,13.224.141.101
774,-12378,1649364516.171404000,13.224.141.101
775,66,1649364516.171421000,10.11.219.6
776,66,1649364516.171495000,10.11.219.6
777,-13746,1649364516.171830000,13.224.141.101
778,66,1649364516.171835000,10.11.219.6
779,-2802,1649364516.171858000,151.101.109.16
780,-2802,1649364516.171858000,151.101.109.16
781,66,1649364516.171863000,10.11.219.6
782,66,1649364516.171871000,10.11.219.6
783,-1434,1649364516.173799000,151.101.109.16
784,-1510,1649364516.173801000,151.101.109.16
785,-2802,1649364516.173802000,18.65.110.227
786,66,1649364516.173821000,10.11.219.6
787,66,1649364516.173855000,10.11.219.6
788,66,1649364516.173868000,10.11.219.6
789,-2802,1649364516.174335000,18.65.110.227
790,-2802,1649364516.174337000,18.65.110.227
791,-2802,1649364516.174338000,18.65.110.227
792,-19218,1649364516.174345000,13.224.141.101
793,66,1649364516.174362000,10.11.219.6
794,66,1649364516.174391000,10.11.219.6
795,66,1649364516.174415000,10.11.219.6
796,66,1649364516.174509000,10.11.219.6
797,-2802,1649364516.178712000,13.224.141.101
798,-9642,1649364516.178716000,13.224.141.101
799,66,1649364516.178749000,10.11.219.6
800,-5538,1649364516.178804000,13.224.141.101
801,66,1649364516.178895000,10.11.219.6
802,-24690,1649364516.179268000,13.224.141.101
803,66,1649364516.179305000,10.11.219.6
804,-1434,1649364516.181172000,13.224.141.101
805,-2802,1649364516.181173000,18.65.110.227
806,-6906,1649364516.181174000,13.224.141.101
807,66,1649364516.181191000,10.11.219.6
808,66,1649364516.181206000,10.11.219.6
809,-2802,1649364516.181675000,18.65.110.227
810,-19218,1649364516.181683000,13.224.141.101
811,66,1649364516.181694000,10.11.219.6
812,66,1649364516.181825000,10.11.219.6
813,-5538,1649364516.183490000,13.224.141.101
814,66,1649364516.183498000,10.11.219.6
815,-2802,1649364516.184009000,18.65.110.227
816,-2802,1649364516.184010000,18.65.110.227
817,-20586,1649364516.184014000,13.224.141.101
818,66,1649364516.184026000,10.11.219.6
819,66,1649364516.184041000,10.11.219.6
820,-1434,1649364516.184053000,13.224.141.101
821,66,1649364516.184118000,10.11.219.6
822,-8274,1649364516.228712000,13.224.141.101
823,66,1649364516.228764000,10.11.219.6
824,-1434,1649364516.229050000,13.224.141.101
825,-2802,1649364516.229052000,18.65.110.227
826,-2802,1649364516.229053000,18.65.110.227
827,-1434,1649364516.229054000,151.101.109.16
828,66,1649364516.229068000,10.11.219.6
829,66,1649364516.229089000,10.11.219.6
830,66,1649364516.229101000,10.11.219.6
831,66,1649364516.229343000,10.11.219.6
832,-1434,1649364516.231010000,151.101.109.16
833,-2802,1649364516.231012000,18.65.110.227
834,-2802,1649364516.231013000,151.101.109.16
835,-2802,1649364516.231014000,18.65.110.227
836,-66,1649364516.231015000,151.101.109.16
837,66,1649364516.231053000,10.11.219.6
838,66,1649364516.231089000,10.11.219.6
839,-2802,1649364516.231115000,151.101.109.16
840,-2802,1649364516.231117000,18.65.110.227
841,-2802,1649364516.231118000,151.101.109.16
842,-2802,1649364516.231119000,151.101.109.16
843,66,1649364516.231130000,10.11.219.6
844,66,1649364516.231137000,10.11.219.6
845,66,1649364516.231156000,10.11.219.6
846,66,1649364516.231168000,10.11.219.6
847,-5538,1649364516.231176000,13.224.141.101
848,66,1649364516.231183000,10.11.219.6
849,-8274,1649364516.231605000,13.224.141.101
850,66,1649364516.231619000,10.11.219.6
851,-8274,1649364516.235501000,13.224.141.101
852,-9642,1649364516.235504000,13.224.141.101
853,66,1649364516.235523000,10.11.219.6
854,66,1649364516.235553000,10.11.219.6
855,-90,1649364516.235583000,151.101.109.16
856,-1434,1649364516.235584000,151.101.109.16
857,-2802,1649364516.235585000,151.101.109.16
858,-2802,1649364516.235586000,151.101.109.16
859,-2802,1649364516.235587000,151.101.109.16
860,78,1649364516.235596000,10.11.219.6
861,66,1649364516.235607000,10.11.219.6
862,66,1649364516.235613000,10.11.219.6
863,66,1649364516.235620000,10.11.219.6
864,66,1649364516.235627000,10.11.219.6
865,-9642,1649364516.235665000,13.224.141.101
866,-2802,1649364516.235666000,151.101.109.16
867,66,1649364516.235673000,10.11.219.6
868,66,1649364516.235680000,10.11.219.6
869,-1434,1649364516.235689000,13.224.141.101
870,66,1649364516.235693000,10.11.219.6
871,-5538,1649364516.238462000,13.224.141.101
872,66,1649364516.238471000,10.11.219.6
873,-15114,1649364516.239130000,13.224.141.101
874,66,1649364516.239134000,10.11.219.6
875,-5538,1649364516.239158000,13.224.141.101
876,-444,1649364516.239158000,151.101.109.16
877,-2802,1649364516.239159000,18.65.110.227
878,-8274,1649364516.239160000,13.224.141.101
879,66,1649364516.239165000,10.11.219.6
880,66,1649364516.239168000,10.11.219.6
881,66,1649364516.239171000,10.11.219.6
882,66,1649364516.239174000,10.11.219.6
883,-8274,1649364516.241066000,13.224.141.101
884,66,1649364516.241086000,10.11.219.6
885,-2802,1649364516.241505000,13.224.141.101
886,-2802,1649364516.241506000,18.65.110.227
887,-2802,1649364516.241506000,18.65.110.227
888,-2802,1649364516.241507000,18.65.110.227
889,66,1649364516.241521000,10.11.219.6
890,66,1649364516.241534000,10.11.219.6
891,66,1649364516.241549000,10.11.219.6
892,66,1649364516.241553000,10.11.219.6
893,-2802,1649364516.241596000,13.224.141.101
894,-11010,1649364516.241598000,13.224.141.101
895,66,1649364516.241603000,10.11.219.6
896,66,1649364516.241614000,10.11.219.6
897,-5538,1649364516.243638000,13.224.141.101
898,66,1649364516.243663000,10.11.219.6
899,-8274,1649364516.244070000,13.224.141.101
900,66,1649364516.244080000,10.11.219.6
901,-2802,1649364516.246460000,13.224.141.101
902,66,1649364516.246473000,10.11.219.6
903,-5538,1649364516.246568000,13.224.141.101
904,-2802,1649364516.246568000,18.65.110.227
905,-2802,1649364516.246569000,13.224.141.101
906,66,1649364516.246576000,10.11.219.6
907,66,1649364516.246584000,10.11.219.6
908,66,1649364516.246598000,10.11.219.6
909,-2802,1649364516.246616000,18.65.110.227
910,-1434,1649364516.246616000,13.224.141.101
911,-2802,1649364516.246623000,13.224.141.101
912,-2802,1649364516.246624000,13.224.141.101
913,-2802,1649364516.246625000,13.224.141.101
914,66,1649364516.246629000,10.11.219.6
915,66,1649364516.246637000,10.11.219.6
916,66,1649364516.246641000,10.11.219.6
917,66,1649364516.246646000,10.11.219.6
918,66,1649364516.246650000,10.11.219.6
919,-1434,1649364516.246659000,18.65.110.227
920,66,1649364516.246662000,10.11.219.6
921,-1434,1649364516.248725000,18.65.110.227
922,-2802,1649364516.248726000,13.224.141.101
923,-2802,1649364516.248726000,13.224.141.101
924,-2802,1649364516.248727000,13.224.141.101
925,66,1649364516.248753000,10.11.219.6
926,66,1649364516.248778000,10.11.219.6
927,66,1649364516.248789000,10.11.219.6
928,66,1649364516.248797000,10.11.219.6
929,-2802,1649364516.249313000,18.65.110.227
930,-2802,1649364516.249314000,13.224.141.101
931,-2802,1649364516.249315000,13.224.141.101
932,-2802,1649364516.249316000,13.224.141.101
933,66,1649364516.249329000,10.11.219.6
934,66,1649364516.249344000,10.11.219.6
935,66,1649364516.249352000,10.11.219.6
936,66,1649364516.249360000,10.11.219.6
937,-2802,1649364516.249384000,13.224.141.101
938,-2802,1649364516.249385000,18.65.110.227
939,-2802,1649364516.249386000,13.224.141.101
940,-2802,1649364516.249386000,13.224.141.101
941,66,1649364516.249391000,10.11.219.6
942,66,1649364516.249404000,10.11.219.6
943,66,1649364516.249409000,10.11.219.6
944,66,1649364516.249413000,10.11.219.6
945,-2802,1649364516.249434000,13.224.141.101
946,-2802,1649364516.249435000,13.224.141.101
947,-2802,1649364516.249445000,13.224.141.101
948,66,1649364516.249541000,10.11.219.6
949,-2802,1649364516.251627000,18.65.110.227
950,66,1649364516.251638000,10.11.219.6
951,-2802,1649364516.252002000,13.224.141.101
952,-2802,1649364516.252003000,13.224.141.101
953,-2802,1649364516.252004000,13.224.141.101
954,-2802,1649364516.252005000,13.224.141.101
955,66,1649364516.252013000,10.11.219.6
956,66,1649364516.252024000,10.11.219.6
957,66,1649364516.252055000,10.11.219.6
958,211,1649364516.252891000,10.11.219.6
959,-2802,1649364516.253870000,18.65.110.227
960,-2802,1649364516.253871000,13.224.141.101
961,-2802,1649364516.253872000,13.224.141.101
962,-2802,1649364516.253872000,13.224.141.101
963,66,1649364516.253888000,10.11.219.6
964,66,1649364516.253899000,10.11.219.6
965,-2802,1649364516.253934000,13.224.141.101
966,-4170,1649364516.253935000,13.224.141.101
967,-2802,1649364516.253936000,18.65.110.227
968,-2802,1649364516.253937000,13.224.141.101
969,66,1649364516.253942000,10.11.219.6
970,66,1649364516.253946000,10.11.219.6
971,-2802,1649364516.253967000,13.224.141.101
972,-2802,1649364516.253968000,13.224.141.101
973,-2802,1649364516.253969000,13.224.141.101
974,-2802,1649364516.253969000,13.224.141.101
975,-2802,1649364516.253983000,18.65.110.227
976,-1434,1649364516.253984000,13.224.141.101
977,66,1649364516.253987000,10.11.219.6
978,66,1649364516.253998000,10.11.219.6
979,198,1649364516.315026000,10.11.219.6
980,-1434,1649364516.317305000,13.224.141.101
981,-1434,1649364516.317306000,13.224.141.101
982,66,1649364516.317333000,10.11.219.6
983,-1434,1649364516.317462000,13.224.141.101
984,-6906,1649364516.317463000,13.224.141.101
985,66,1649364516.317469000,10.11.219.6
986,66,1649364516.317519000,10.11.219.6
987,-4170,1649364516.319572000,13.224.141.101
988,-8274,1649364516.319578000,13.224.141.101
989,66,1649364516.319593000,10.11.219.6
990,66,1649364516.319695000,10.11.219.6
991,-2802,1649364516.320015000,13.224.141.101
992,-11010,1649364516.320017000,13.224.141.101
993,66,1649364516.320026000,10.11.219.6
994,-1135,1649364516.320061000,18.65.110.227
995,-9642,1649364516.320063000,13.224.141.101
996,66,1649364516.320064000,10.11.219.6
997,66,1649364516.320070000,10.11.219.6
998,-5538,1649364516.320089000,13.224.141.101
999,66,1649364516.320107000,10.11.219.6
1000,-5538,1649364516.322203000,13.224.141.101
1001,-2802,1649364516.322204000,13.224.141.101
1002,66,1649364516.322220000,10.11.219.6
1003,66,1649364516.322300000,10.11.219.6
1004,-8274,1649364516.322683000,13.224.141.101
1005,-11010,1649364516.322685000,13.224.141.101
1006,66,1649364516.322700000,10.11.219.6
1007,-5538,1649364516.322737000,13.224.141.101
1008,66,1649364516.322748000,10.11.219.6
1009,-2802,1649364516.325624000,13.224.141.101
1010,66,1649364516.325645000,10.11.219.6
1011,-2802,1649364516.325738000,13.224.141.101
1012,-2802,1649364516.325739000,13.224.141.101
1013,66,1649364516.325804000,10.11.219.6
1014,-5538,1649364516.327598000,13.224.141.101
1015,66,1649364516.327614000,10.11.219.6
1016,-2802,1649364516.328159000,13.224.141.101
1017,-9642,1649364516.328166000,13.224.141.101
1018,66,1649364516.328195000,10.11.219.6
1019,-11010,1649364516.328324000,13.224.141.101
1020,-11010,1649364516.328391000,13.224.141.101
1021,-1434,1649364516.328414000,13.224.141.101
1022,66,1649364516.328562000,10.11.219.6
1023,-9642,1649364516.330162000,13.224.141.101
1024,-9642,1649364516.330164000,13.224.141.101
1025,66,1649364516.330181000,10.11.219.6
1026,-6906,1649364516.330209000,13.224.141.101
1027,66,1649364516.330246000,10.11.219.6
1028,-4170,1649364516.330528000,13.224.141.101
1029,-4170,1649364516.330529000,13.224.141.101
1030,66,1649364516.330537000,10.11.219.6
1031,66,1649364516.330570000,10.11.219.6
1032,-2802,1649364516.332592000,13.224.141.101
1033,66,1649364516.332597000,10.11.219.6
1034,-4170,1649364516.333286000,13.224.141.101
1035,-11010,1649364516.333288000,13.224.141.101
1036,-11010,1649364516.333323000,13.224.141.101
1037,-5538,1649364516.333346000,13.224.141.101
1038,66,1649364516.333367000,10.11.219.6
1039,74,1649364516.333886000,10.11.219.6
1040,-2802,1649364516.335174000,13.224.141.101
1041,66,1649364516.335182000,10.11.219.6
1042,-2802,1649364516.337691000,13.224.141.101
1043,-8274,1649364516.337693000,13.224.141.101
1044,66,1649364516.337708000,10.11.219.6
1045,66,1649364516.337801000,10.11.219.6
1046,-2802,1649364516.338225000,13.224.141.101
1047,-11010,1649364516.338227000,13.224.141.101
1048,-66,1649364516.338263000,151.101.109.16
1049,-9642,1649364516.338264000,13.224.141.101
1050,66,1649364516.338288000,10.11.219.6
1051,-2802,1649364516.338294000,151.101.109.16
1052,-8274,1649364516.338296000,13.224.141.101
1053,66,1649364516.338304000,10.11.219.6
1054,66,1649364516.338341000,10.11.219.6
1055,-5538,1649364516.341546000,13.224.141.101
1056,-2802,1649364516.341550000,13.224.141.101
1057,66,1649364516.341623000,10.11.219.6
1058,66,1649364516.341842000,10.11.219.6
1059,-11010,1649364516.341922000,13.224.141.101
1060,-2802,1649364516.341948000,151.101.109.16
1061,-2802,1649364516.341949000,151.101.109.16
1062,-6906,1649364516.341951000,13.224.141.101
1063,66,1649364516.341959000,10.11.219.6
1064,66,1649364516.341971000,10.11.219.6
1065,-66,1649364516.341984000,151.101.109.16
1066,-2802,1649364516.341985000,151.101.109.16
1067,66,1649364516.342000000,10.11.219.6
1068,66,1649364516.342228000,10.11.219.6
1069,-2802,1649364516.343927000,13.224.141.101
1070,66,1649364516.343953000,10.11.219.6
1071,-8274,1649364516.344517000,13.224.141.101
1072,-11010,1649364516.344524000,13.224.141.101
1073,66,1649364516.344603000,10.11.219.6
1074,-2802,1649364516.344633000,151.101.109.16
1075,-8274,1649364516.344638000,13.224.141.101
1076,66,1649364516.344650000,10.11.219.6
1077,66,1649364516.344759000,10.11.219.6
1078,-2802,1649364516.349870000,13.224.141.101
1079,66,1649364516.349887000,10.11.219.6
1080,-8274,1649364516.350377000,13.224.141.101
1081,-11010,1649364516.350379000,13.224.141.101
1082,-1694,1649364516.350424000,151.101.109.16
1083,-11010,1649364516.350427000,13.224.141.101
1084,66,1649364516.350437000,10.11.219.6
1085,66,1649364516.350455000,10.11.219.6
1086,-2802,1649364516.350459000,13.224.141.101
1087,66,1649364516.350515000,10.11.219.6
1088,-5020,1649364516.352000000,13.224.141.101
1089,66,1649364516.352023000,10.11.219.6
1090,90,1649364516.352230000,10.11.219.6
1091,66,1649364516.352261000,10.11.219.6
1092,-54,1649364516.354903000,13.224.141.101
1093,74,1649364516.359160000,10.11.219.6
1094,170,1649364516.359679000,10.11.219.6
1095,-74,1649364516.362440000,13.224.141.101
1096,66,1649364516.362469000,10.11.219.6
1097,583,1649364516.365101000,10.11.219.6
1098,-66,1649364516.367781000,13.224.141.101
1099,200,1649364516.368416000,10.11.219.6
1100,74,1649364516.368459000,10.11.219.6
1101,-2802,1649364516.371245000,13.224.141.101
1102,-1328,1649364516.371246000,13.224.141.101
1103,-66,1649364516.371246000,151.101.109.16
1104,66,1649364516.371255000,10.11.219.6
1105,66,1649364516.371265000,10.11.219.6
1106,-2802,1649364516.373918000,151.101.109.16
1107,-2802,1649364516.373921000,151.101.109.16
1108,66,1649364516.373987000,10.11.219.6
1109,66,1649364516.374059000,10.11.219.6
1110,130,1649364516.374694000,10.11.219.6
1111,499,1649364516.375136000,10.11.219.6
1112,-2802,1649364516.375457000,151.101.109.16
1113,66,1649364516.375463000,10.11.219.6
1114,-2802,1649364516.380152000,151.101.109.16
1115,-2802,1649364516.380153000,151.101.109.16
1116,-66,1649364516.380153000,13.224.141.101
1117,-66,1649364516.380154000,13.224.141.101
1118,-2802,1649364516.380159000,151.101.109.16
1119,66,1649364516.380173000,10.11.219.6
1120,66,1649364516.380191000,10.11.219.6
1121,66,1649364516.380200000,10.11.219.6
1122,-610,1649364516.380213000,13.224.141.101
1123,-90,1649364516.380213000,13.224.141.101
1124,-122,1649364516.380214000,151.101.109.16
1125,-66,1649364516.380214000,151.101.109.16
1126,-2802,1649364516.380215000,151.101.109.16
1127,66,1649364516.380219000,10.11.219.6
1128,66,1649364516.380229000,10.11.219.6
1129,90,1649364516.380668000,10.11.219.6
1130,66,1649364516.380686000,10.11.219.6
1131,-74,1649364516.380755000,151.101.109.16
1132,66,1649364516.380771000,10.11.219.6
1133,-2802,1649364516.382156000,151.101.109.16
1134,66,1649364516.382173000,10.11.219.6
1135,583,1649364516.383492000,10.11.219.6
1136,74,1649364516.384168000,10.11.219.6
1137,-2802,1649364516.384339000,151.101.109.16
1138,-54,1649364516.384339000,13.224.141.101
1139,-2802,1649364516.384340000,151.101.109.16
1140,66,1649364516.384347000,10.11.219.6
1141,66,1649364516.384361000,10.11.219.6
1142,-2802,1649364516.389528000,151.101.109.16
1143,-2802,1649364516.389530000,151.101.109.16
1144,-74,1649364516.389530000,13.224.141.101
1145,-2802,1649364516.389531000,151.101.109.16
1146,66,1649364516.389548000,10.11.219.6
1147,66,1649364516.389571000,10.11.219.6
1148,66,1649364516.389585000,10.11.219.6
1149,66,1649364516.389591000,10.11.219.6
1150,-2802,1649364516.390654000,151.101.109.16
1151,-2802,1649364516.390656000,151.101.109.16
1152,66,1649364516.390673000,10.11.219.6
1153,66,1649364516.390692000,10.11.219.6
1154,-2802,1649364516.391550000,151.101.109.16
1155,66,1649364516.391560000,10.11.219.6
1156,583,1649364516.393940000,10.11.219.6
1157,-2802,1649364516.394928000,151.101.109.16
1158,-2802,1649364516.394929000,151.101.109.16
1159,-2802,1649364516.394930000,151.101.109.16
1160,66,1649364516.394944000,10.11.219.6
1161,66,1649364516.394962000,10.11.219.6
1162,66,1649364516.394979000,10.11.219.6
1163,-66,1649364516.395996000,151.101.109.16
1164,-2802,1649364516.395998000,151.101.109.16
1165,-2802,1649364516.395998000,151.101.109.16
1166,66,1649364516.396026000,10.11.219.6
1167,66,1649364516.396050000,10.11.219.6
1168,-5002,1649364516.397212000,151.101.109.16
1169,-2802,1649364516.397213000,151.101.109.16
1170,-66,1649364516.397213000,13.224.141.101
1171,66,1649364516.397232000,10.11.219.6
1172,66,1649364516.397245000,10.11.219.6
1173,-2802,1649364516.399256000,151.101.109.16
1174,-2802,1649364516.399257000,13.224.141.101
1175,-2802,1649364516.399258000,151.101.109.16
1176,-680,1649364516.399258000,151.101.109.16
1177,-1328,1649364516.399259000,13.224.141.101
1178,66,1649364516.399278000,10.11.219.6
1179,66,1649364516.399301000,10.11.219.6
1180,66,1649364516.399306000,10.11.219.6
1181,78,1649364516.399313000,10.11.219.6
1182,66,1649364516.399319000,10.11.219.6
1183,-1434,1649364516.399325000,151.101.109.16
1184,66,1649364516.399329000,10.11.219.6
1185,130,1649364516.402472000,10.11.219.6
1186,253,1649364516.403026000,10.11.219.6
1187,90,1649364516.403804000,10.11.219.6
1188,66,1649364516.403830000,10.11.219.6
1189,130,1649364516.405505000,10.11.219.6
1190,500,1649364516.405734000,10.11.219.6
1191,-66,1649364516.408663000,13.224.141.101
1192,-66,1649364516.408665000,13.224.141.101
1193,-610,1649364516.408666000,13.224.141.101
1194,66,1649364516.408728000,10.11.219.6
1195,-90,1649364516.409558000,13.224.141.101
1196,90,1649364516.410856000,10.11.219.6
1197,66,1649364516.410923000,10.11.219.6
1198,74,1649364516.413128000,10.11.219.6
1199,-54,1649364516.413849000,13.224.141.101
1200,-66,1649364516.413850000,151.101.109.16
1201,-66,1649364516.413850000,151.101.109.16
1202,-125,1649364516.413850000,151.101.109.16
1203,54,1649364516.413881000,10.11.219.6
1204,-66,1649364516.414946000,151.101.109.16
1205,-90,1649364516.414947000,151.101.109.16
1206,-66,1649364516.414947000,151.101.109.16
1207,-66,1649364516.414948000,151.101.109.16
1208,54,1649364516.414961000,10.11.219.6
1209,54,1649364516.414973000,10.11.219.6
1210,54,1649364516.414978000,10.11.219.6
1211,54,1649364516.414984000,10.11.219.6
1212,-74,1649364516.415972000,13.224.141.101
1213,66,1649364516.416004000,10.11.219.6
1214,583,1649364516.417787000,10.11.219.6
1215,-66,1649364516.421485000,13.224.141.101
1216,-2802,1649364516.421487000,13.224.141.101
1217,66,1649364516.421507000,10.11.219.6
1218,-1328,1649364516.425731000,13.224.141.101
1219,66,1649364516.425759000,10.11.219.6
1220,130,1649364516.431429000,10.11.219.6
1221,494,1649364516.431681000,10.11.219.6
1222,-66,1649364516.434466000,13.224.141.101
1223,-66,1649364516.434467000,13.224.141.101
1224,-2802,1649364516.435966000,13.224.141.101
1225,66,1649364516.435998000,10.11.219.6
1226,-2802,1649364516.436765000,13.224.141.101
1227,-366,1649364516.436767000,13.224.141.101
1228,-90,1649364516.436767000,13.224.141.101
1229,-1434,1649364516.436768000,13.224.141.101
1230,66,1649364516.436803000,10.11.219.6
1231,78,1649364516.436843000,10.11.219.6
1232,78,1649364516.436851000,10.11.219.6
1233,66,1649364516.436859000,10.11.219.6
1234,90,1649364516.437271000,10.11.219.6
1235,66,1649364516.437295000,10.11.219.6
1236,74,1649364516.439664000,10.11.219.6
1237,-54,1649364516.440226000,13.224.141.101
1238,-74,1649364516.442759000,13.224.141.101
1239,66,1649364516.442794000,10.11.219.6
1240,583,1649364516.447897000,10.11.219.6
1241,-66,1649364516.451352000,13.224.141.101
1242,-2802,1649364516.549565000,13.224.141.101
1243,-1328,1649364516.549566000,13.224.141.101
1244,-74,1649364516.549567000,44.236.112.249
1245,-1328,1649364516.549567000,13.224.141.101
1246,66,1649364516.549593000,10.11.219.6
1247,66,1649364516.549627000,10.11.219.6
1248,66,1649364516.549653000,10.11.219.6
1249,78,1649364516.549666000,10.11.219.6
1250,583,1649364516.552476000,10.11.219.6
1251,130,1649364516.554376000,10.11.219.6
1252,495,1649364516.554498000,10.11.219.6
1253,-66,1649364516.556653000,13.224.141.101
1254,-66,1649364516.558832000,13.224.141.101
1255,-642,1649364516.558833000,13.224.141.101
1256,-90,1649364516.558833000,13.224.141.101
1257,66,1649364516.558857000,10.11.219.6
1258,90,1649364516.559130000,10.11.219.6
1259,66,1649364516.559153000,10.11.219.6
1260,74,1649364516.562122000,10.11.219.6
1261,-54,1649364516.563041000,13.224.141.101
1262,-74,1649364516.565182000,13.224.141.101
1263,66,1649364516.565205000,10.11.219.6
1264,583,1649364516.569820000,10.11.219.6
1265,-66,1649364516.572668000,13.224.141.101
1266,-2802,1649364516.697115000,13.224.141.101
1267,-1328,1649364516.697116000,13.224.141.101
1268,-1328,1649364516.697117000,13.224.141.101
1269,-66,1649364516.697117000,44.236.112.249
1270,-1434,1649364516.697117000,44.236.112.249
1271,-1407,1649364516.697118000,44.236.112.249
1272,-2802,1649364516.697118000,44.236.112.249
1273,66,1649364516.697141000,10.11.219.6
1274,66,1649364516.697174000,10.11.219.6
1275,78,1649364516.697180000,10.11.219.6
1276,66,1649364516.697190000,10.11.219.6
1277,78,1649364516.697196000,10.11.219.6
1278,66,1649364516.697201000,10.11.219.6
1279,192,1649364516.704876000,10.11.219.6
1280,130,1649364516.713979000,10.11.219.6
1281,500,1649364516.714363000,10.11.219.6
1282,-66,1649364516.717115000,13.224.141.101
1283,-66,1649364516.717116000,13.224.141.101
1284,-2802,1649364516.720762000,13.224.141.101
1285,66,1649364516.720773000,10.11.219.6
1286,-13736,1649364516.721105000,13.224.141.101
1287,66,1649364516.721119000,10.11.219.6
1288,-13746,1649364516.721151000,13.224.141.101
1289,66,1649364516.721155000,10.11.219.6
1290,-5538,1649364516.722257000,13.224.141.101
1291,-2802,1649364516.722258000,13.224.141.101
1292,66,1649364516.722273000,10.11.219.6
1293,66,1649364516.722293000,10.11.219.6
1294,-2802,1649364516.726993000,13.224.141.101
1295,66,1649364516.727011000,10.11.219.6
1296,-2802,1649364516.727365000,13.224.141.101
1297,-24690,1649364516.727371000,13.224.141.101
1298,66,1649364516.727383000,10.11.219.6
1299,66,1649364516.727400000,10.11.219.6
1300,-1434,1649364516.729654000,13.224.141.101
1301,-2802,1649364516.729655000,13.224.141.101
1302,-210,1649364516.729656000,13.224.141.101
1303,-1434,1649364516.729656000,13.224.141.101
1304,66,1649364516.729685000,10.11.219.6
1305,66,1649364516.729718000,10.11.219.6
1306,78,1649364516.729725000,10.11.219.6
1307,66,1649364516.729744000,10.11.219.6
1308,90,1649364516.731322000,10.11.219.6
1309,66,1649364516.731421000,10.11.219.6
1310,-54,1649364516.733527000,13.224.141.101
1311,-128,1649364516.738880000,18.65.110.227
1312,66,1649364516.738896000,10.11.219.6
1313,74,1649364516.746398000,10.11.219.6
1314,-74,1649364516.749541000,13.224.141.101
1315,66,1649364516.749576000,10.11.219.6
1316,583,1649364516.755381000,10.11.219.6
1317,-66,1649364516.758187000,13.224.141.101
1318,-2802,1649364516.759357000,13.224.141.101
1319,66,1649364516.759377000,10.11.219.6
1320,-1328,1649364516.761490000,13.224.141.101
1321,66,1649364516.761556000,10.11.219.6
1322,130,1649364516.769034000,10.11.219.6
1323,501,1649364516.769287000,10.11.219.6
1324,-66,1649364516.771992000,13.224.141.101
1325,-66,1649364516.771993000,13.224.141.101
1326,-352,1649364516.771993000,18.65.110.227
1327,66,1649364516.772015000,10.11.219.6
1328,-1055,1649364516.773379000,18.65.110.227
1329,-675,1649364516.773383000,13.224.141.101
1330,-90,1649364516.773383000,13.224.141.101
1331,-2802,1649364516.773384000,18.65.110.227
1332,66,1649364516.773415000,10.11.219.6
1333,66,1649364516.773441000,10.11.219.6
1334,66,1649364516.773455000,10.11.219.6
1335,90,1649364516.773909000,10.11.219.6
1336,66,1649364516.773935000,10.11.219.6
1337,-2617,1649364516.776454000,18.65.110.227
1338,-54,1649364516.776455000,13.224.141.101
1339,66,1649364516.776478000,10.11.219.6
1340,-2802,1649364516.778648000,18.65.110.227
1341,66,1649364516.778693000,10.11.219.6
1342,-2802,1649364516.780711000,18.65.110.227
1343,66,1649364516.780727000,10.11.219.6
1344,-2802,1649364516.782927000,18.65.110.227
1345,66,1649364516.782942000,10.11.219.6
1346,-2802,1649364516.784998000,18.65.110.227
1347,66,1649364516.785014000,10.11.219.6
1348,-2802,1649364516.787117000,18.65.110.227
1349,66,1649364516.787131000,10.11.219.6
1350,-2802,1649364516.788213000,18.65.110.227
1351,66,1649364516.788224000,10.11.219.6
1352,-2802,1649364516.789301000,18.65.110.227
1353,66,1649364516.789317000,10.11.219.6
1354,-2802,1649364516.790408000,18.65.110.227
1355,66,1649364516.790445000,10.11.219.6
1356,-2802,1649364516.791513000,18.65.110.227
1357,66,1649364516.791562000,10.11.219.6
1358,-2802,1649364516.792509000,18.65.110.227
1359,66,1649364516.792521000,10.11.219.6
1360,-2802,1649364516.794839000,18.65.110.227
1361,-2802,1649364516.794841000,18.65.110.227
1362,-2802,1649364516.794847000,18.65.110.227
1363,66,1649364516.794859000,10.11.219.6
1364,66,1649364516.794874000,10.11.219.6
1365,66,1649364516.794880000,10.11.219.6
1366,74,1649364516.795536000,10.11.219.6
1367,-2802,1649364516.795865000,18.65.110.227
1368,66,1649364516.795876000,10.11.219.6
1369,-2802,1649364516.797065000,18.65.110.227
1370,-4170,1649364516.797067000,18.65.110.227
1371,66,1649364516.797087000,10.11.219.6
1372,66,1649364516.797119000,10.11.219.6
1373,-4170,1649364516.797944000,18.65.110.227
1374,66,1649364516.797958000,10.11.219.6
1375,-4170,1649364516.799297000,18.65.110.227
1376,-74,1649364516.799298000,13.224.141.101
1377,-4170,1649364516.799299000,18.65.110.227
1378,66,1649364516.799322000,10.11.219.6
1379,66,1649364516.799370000,10.11.219.6
1380,66,1649364516.799380000,10.11.219.6
1381,-4170,1649364516.800133000,18.65.110.227
1382,66,1649364516.800142000,10.11.219.6
1383,-5538,1649364516.801184000,18.65.110.227
1384,66,1649364516.801192000,10.11.219.6
1385,583,1649364516.801439000,10.11.219.6
1386,-5538,1649364516.804268000,18.65.110.227
1387,-155,1649364516.804269000,18.65.110.227
1388,-66,1649364516.804270000,13.224.141.101
1389,66,1649364516.804289000,10.11.219.6
1390,66,1649364516.804313000,10.11.219.6
1391,-2802,1649364516.805311000,13.224.141.101
1392,66,1649364516.805323000,10.11.219.6
1393,-1328,1649364516.809520000,13.224.141.101
1394,66,1649364516.809543000,10.11.219.6
1395,74,1649364516.812421000,10.11.219.6
1396,202,1649364516.813202000,10.11.219.6
1397,158,1649364516.813919000,10.11.219.6
1398,159,1649364516.814052000,10.11.219.6
1399,251,1649364516.814395000,10.11.219.6
1400,174,1649364516.815154000,10.11.219.6
1401,130,1649364516.815857000,10.11.219.6
1402,508,1649364516.816050000,10.11.219.6
1403,194,1649364516.817624000,10.11.219.6
1404,-66,1649364516.818163000,13.224.141.101
1405,-66,1649364516.820335000,13.224.141.101
1406,-1434,1649364516.820335000,13.224.141.101
1407,-1365,1649364516.820336000,13.224.141.101
1408,-1434,1649364516.820336000,13.224.141.101
1409,-90,1649364516.820336000,13.224.141.101
1410,66,1649364516.820358000,10.11.219.6
1411,78,1649364516.820376000,10.11.219.6
1412,66,1649364516.820380000,10.11.219.6
1413,90,1649364516.820672000,10.11.219.6
1414,66,1649364516.820686000,10.11.219.6
1415,-54,1649364516.823375000,13.224.141.101
1416,-74,1649364516.824656000,151.101.109.16
1417,-66,1649364516.824658000,151.101.109.16
1418,-489,1649364516.824660000,151.101.109.16
1419,-66,1649364516.824660000,151.101.109.16
1420,66,1649364516.824796000,10.11.219.6
1421,-66,1649364516.827902000,151.101.109.16
1422,-66,1649364516.827903000,151.101.109.16
1423,-1186,1649364516.827904000,151.101.109.16
1424,-1177,1649364516.827904000,151.101.109.16
1425,-66,1649364516.827905000,151.101.109.16
1426,-1199,1649364516.827905000,151.101.109.16
1427,-1166,1649364516.827906000,151.101.109.16
1428,-330,1649364516.827906000,151.101.109.16
1429,66,1649364516.827963000,10.11.219.6
1430,66,1649364516.828006000,10.11.219.6
1431,583,1649364516.829003000,10.11.219.6
1432,74,1649364516.829454000,10.11.219.6
1433,66,1649364516.830152000,10.11.219.6
1434,-66,1649364516.830486000,151.101.109.16
1435,-5538,1649364516.830487000,151.101.109.16
1436,-2802,1649364516.830488000,151.101.109.16
1437,-1103,1649364516.830488000,151.101.109.16
1438,66,1649364516.830511000,10.11.219.6
1439,66,1649364516.830531000,10.11.219.6
1440,78,1649364516.830538000,10.11.219.6
1441,-1434,1649364516.830549000,151.101.109.16
1442,66,1649364516.830554000,10.11.219.6
1443,-74,1649364516.831973000,13.224.141.101
1444,66,1649364516.832003000,10.11.219.6
1445,583,1649364516.836173000,10.11.219.6
1446,-4861,1649364516.836536000,18.65.110.227
1447,66,1649364516.836551000,10.11.219.6
1448,-324,1649364516.838427000,44.236.112.249
1449,-135,1649364516.838428000,44.236.112.249
1450,66,1649364516.838449000,10.11.219.6
1451,66,1649364516.838469000,10.11.219.6
1452,-66,1649364516.839463000,13.224.141.101
1453,155,1649364516.841103000,10.11.219.6
1454,244,1649364516.841353000,10.11.219.6
1455,-2802,1649364516.841842000,13.224.141.101
1456,-66,1649364516.841843000,151.101.109.16
1457,66,1649364516.841854000,10.11.219.6
1458,155,1649364516.842165000,10.11.219.6
1459,-1328,1649364516.843144000,13.224.141.101
1460,-2802,1649364516.843145000,151.101.109.16
1461,-914,1649364516.843145000,151.101.109.16
1462,-1434,1649364516.843146000,151.101.109.16
1463,66,1649364516.843165000,10.11.219.6
1464,66,1649364516.843185000,10.11.219.6
1465,78,1649364516.843191000,10.11.219.6
1466,66,1649364516.843196000,10.11.219.6
1467,130,1649364516.849201000,10.11.219.6
1468,130,1649364516.849644000,10.11.219.6
1469,506,1649364516.849787000,10.11.219.6
1470,253,1649364516.849922000,10.11.219.6
1471,90,1649364516.850451000,10.11.219.6
1472,-66,1649364516.854018000,13.224.141.101
1473,-66,1649364516.854018000,151.101.109.16
1474,-645,1649364516.854019000,151.101.109.16
1475,-66,1649364516.854019000,13.224.141.101
1476,-66,1649364516.854019000,151.101.109.16
1477,-5538,1649364516.854020000,151.101.109.16
1478,66,1649364516.854049000,10.11.219.6
1479,-1434,1649364516.854067000,13.224.141.101
1480,-86,1649364516.854067000,13.224.141.101
1481,-1434,1649364516.854067000,13.224.141.101
1482,-90,1649364516.854067000,13.224.141.101
1483,66,1649364516.854070000,10.11.219.6
1484,78,1649364516.854074000,10.11.219.6
1485,66,1649364516.854077000,10.11.219.6
1486,-1434,1649364516.857858000,151.101.109.16
1487,-135,1649364516.857859000,151.101.109.16
1488,-1434,1649364516.857859000,151.101.109.16
1489,-5538,1649364516.857862000,151.101.109.16
1490,-2802,1649364516.857863000,151.101.109.16
1491,78,1649364516.857933000,10.11.219.6
1492,66,1649364516.857984000,10.11.219.6
1493,66,1649364516.857992000,10.11.219.6
1494,66,1649364516.857996000,10.11.219.6
1495,-2802,1649364516.858096000,151.101.109.16
1496,-66,1649364516.858097000,151.101.109.16
1497,-5538,1649364516.858103000,151.101.109.16
1498,-5538,1649364516.858108000,151.101.109.16
1499,66,1649364516.858129000,10.11.219.6
1500,66,1649364516.858148000,10.11.219.6
1501,66,1649364516.858152000,10.11.219.6
1502,-5538,1649364516.859775000,151.101.109.16
1503,66,1649364516.859788000,10.11.219.6
1504,-5538,1649364516.861609000,151.101.109.16
1505,-5513,1649364516.861614000,151.101.109.16
1506,66,1649364516.861674000,10.11.219.6
1507,66,1649364516.861724000,10.11.219.6
1508,-66,1649364516.861748000,151.101.109.16
1509,-66,1649364516.861749000,151.101.109.16
1510,-125,1649364516.861749000,151.101.109.16
1511,54,1649364516.861805000,10.11.219.6
1512,-66,1649364516.862251000,151.101.109.16
1513,-90,1649364516.862251000,151.101.109.16
1514,-66,1649364516.862252000,151.101.109.16
1515,54,1649364516.862270000,10.11.219.6
1516,54,1649364516.862291000,10.11.219.6
1517,54,1649364516.862296000,10.11.219.6
1518,-2802,1649364516.884193000,18.65.110.227
1519,66,1649364516.884208000,10.11.219.6
1520,-5538,1649364516.884247000,18.65.110.227
1521,-2717,1649364516.884248000,18.65.110.227
1522,66,1649364516.884255000,10.11.219.6
1523,66,1649364516.884262000,10.11.219.6
1524,243,1649364516.887662000,10.11.219.6
1525,506,1649364516.887700000,10.11.219.6
1526,90,1649364516.888141000,10.11.219.6
1527,66,1649364516.888162000,10.11.219.6
1528,104,1649364516.888447000,10.11.219.6
1529,-762,1649364516.892261000,18.65.110.227
1530,-54,1649364516.892261000,13.224.141.101
1531,-1434,1649364516.892262000,18.65.110.227
1532,78,1649364516.892290000,10.11.219.6
1533,66,1649364516.892349000,10.11.219.6
1534,74,1649364516.896875000,10.11.219.6
1535,-74,1649364516.899526000,13.224.141.101
1536,66,1649364516.899572000,10.11.219.6
1537,583,1649364516.914373000,10.11.219.6
1538,-66,1649364516.917722000,13.224.141.101
1539,-2802,1649364516.918930000,13.224.141.101
1540,66,1649364516.918948000,10.11.219.6
1541,-1328,1649364516.919902000,13.224.141.101
1542,66,1649364516.919926000,10.11.219.6
1543,-445,1649364516.928426000,18.65.110.227
1544,66,1649364516.928444000,10.11.219.6
1545,130,1649364516.928554000,10.11.219.6
1546,518,1649364516.928974000,10.11.219.6
1547,-66,1649364516.931637000,13.224.141.101
1548,-66,1649364516.931638000,13.224.141.101
1549,-996,1649364516.933838000,13.224.141.101
1550,-90,1649364516.933839000,13.224.141.101
1551,66,1649364516.933855000,10.11.219.6
1552,90,1649364516.934157000,10.11.219.6
1553,66,1649364516.934178000,10.11.219.6
1554,-54,1649364516.937024000,13.224.141.101
1555,74,1649364516.938730000,10.11.219.6
1556,-74,1649364516.941551000,13.224.141.101
1557,66,1649364516.941583000,10.11.219.6
1558,583,1649364516.950751000,10.11.219.6
1559,-66,1649364516.954649000,13.224.141.101
1560,-2802,1649364516.954651000,13.224.141.101
1561,66,1649364516.954679000,10.11.219.6
1562,-1328,1649364516.956957000,13.224.141.101
1563,66,1649364516.956981000,10.11.219.6
1564,-395,1649364516.960224000,18.65.110.227
1565,66,1649364516.960240000,10.11.219.6
1566,130,1649364516.960936000,10.11.219.6
1567,518,1649364516.961121000,10.11.219.6
1568,-66,1649364516.964528000,13.224.141.101
1569,-66,1649364516.964530000,13.224.141.101
1570,-675,1649364516.964530000,13.224.141.101
1571,-90,1649364516.964530000,13.224.141.101
1572,66,1649364516.964557000,10.11.219.6
1573,90,1649364516.964771000,10.11.219.6
1574,66,1649364516.964783000,10.11.219.6
1575,-54,1649364516.967693000,13.224.141.101
1576,74,1649364516.969329000,10.11.219.6
1577,-74,1649364516.971952000,13.224.141.101
1578,66,1649364516.971977000,10.11.219.6
1579,583,1649364516.975735000,10.11.219.6
1580,-66,1649364516.978392000,13.224.141.101
1581,-2802,1649364516.979656000,13.224.141.101
1582,66,1649364516.979669000,10.11.219.6
1583,-1328,1649364516.983072000,13.224.141.101
1584,66,1649364516.983095000,10.11.219.6
1585,130,1649364516.986784000,10.11.219.6
1586,517,1649364516.987043000,10.11.219.6
1587,-66,1649364516.989664000,13.224.141.101
1588,-66,1649364516.989665000,13.224.141.101
1589,-771,1649364516.990813000,13.224.141.101
1590,-90,1649364516.990814000,13.224.141.101
1591,66,1649364516.990832000,10.11.219.6
1592,90,1649364516.991110000,10.11.219.6
1593,66,1649364516.991128000,10.11.219.6
1594,-54,1649364516.994118000,13.224.141.101
1595,190,1649364517.005781000,10.11.219.6
1596,-66,1649364517.016527000,151.101.109.16
1597,623,1649364517.016942000,10.11.219.6
1598,-447,1649364517.017648000,151.101.109.16
1599,66,1649364517.017669000,10.11.219.6
1600,-66,1649364517.019723000,44.236.112.249
1601,-104,1649364517.019724000,44.236.112.249
1602,66,1649364517.019745000,10.11.219.6
1603,207,1649364517.020104000,10.11.219.6
1604,1179,1649364517.020958000,10.11.219.6
1605,183,1649364517.021292000,10.11.219.6
1606,177,1649364517.021624000,10.11.219.6
1607,-236,1649364517.021897000,44.236.112.249
1608,-104,1649364517.021897000,44.236.112.249
1609,66,1649364517.021914000,10.11.219.6
1610,66,1649364517.021927000,10.11.219.6
1611,177,1649364517.022756000,10.11.219.6
1612,176,1649364517.027425000,10.11.219.6
1613,-2802,1649364517.028503000,151.101.109.16
1614,66,1649364517.028528000,10.11.219.6
1615,184,1649364517.028596000,10.11.219.6
1616,174,1649364517.032438000,10.11.219.6
1617,287,1649364517.032730000,10.11.219.6
1618,-2802,1649364517.033091000,151.101.109.16
1619,-2802,1649364517.033092000,151.101.109.16
1620,-2802,1649364517.033093000,151.101.109.16
1621,181,1649364517.033116000,10.11.219.6
1622,169,1649364517.033138000,10.11.219.6
1623,66,1649364517.033150000,10.11.219.6
1624,-2802,1649364517.034110000,151.101.109.16
1625,66,1649364517.034128000,10.11.219.6
1626,-66,1649364517.035187000,151.101.109.16
1627,-2802,1649364517.035188000,151.101.109.16
1628,193,1649364517.035207000,10.11.219.6
1629,66,1649364517.035232000,10.11.219.6
1630,-66,1649364517.037487000,151.101.109.16
1631,-66,1649364517.037488000,151.101.109.16
1632,-2802,1649364517.037489000,151.101.109.16
1633,-66,1649364517.037489000,151.101.109.16
1634,-2802,1649364517.037489000,151.101.109.16
1635,66,1649364517.037517000,10.11.219.6
1636,66,1649364517.037543000,10.11.219.6
1637,-2802,1649364517.039458000,151.101.109.16
1638,66,1649364517.039477000,10.11.219.6
1639,-2802,1649364517.040620000,151.101.109.16
1640,66,1649364517.040690000,10.11.219.6
1641,-66,1649364517.045055000,151.101.109.16
1642,-2802,1649364517.045056000,151.101.109.16
1643,-66,1649364517.045057000,151.101.109.16
1644,-2802,1649364517.045057000,151.101.109.16
1645,66,1649364517.045083000,10.11.219.6
1646,66,1649364517.045110000,10.11.219.6
1647,-2802,1649364517.046580000,151.101.109.16
1648,-2802,1649364517.046581000,151.101.109.16
1649,66,1649364517.046604000,10.11.219.6
1650,66,1649364517.046626000,10.11.219.6
1651,-2802,1649364517.049394000,151.101.109.16
1652,-66,1649364517.049395000,151.101.109.16
1653,-66,1649364517.049395000,151.101.109.16
1654,-66,1649364517.049396000,151.101.109.16
1655,-66,1649364517.049408000,151.101.109.16
1656,-2802,1649364517.049420000,151.101.109.16
1657,66,1649364517.049451000,10.11.219.6
1658,66,1649364517.049507000,10.11.219.6
1659,-66,1649364517.049522000,151.101.109.16
1660,-2802,1649364517.049523000,151.101.109.16
1661,-1434,1649364517.049523000,151.101.109.16
1662,66,1649364517.049530000,10.11.219.6
1663,-1434,1649364517.052736000,151.101.109.16
1664,-2802,1649364517.052737000,151.101.109.16
1665,-2802,1649364517.052738000,151.101.109.16
1666,-2802,1649364517.052739000,151.101.109.16
1667,-2802,1649364517.052739000,151.101.109.16
1668,66,1649364517.052761000,10.11.219.6
1669,66,1649364517.052786000,10.11.219.6
1670,66,1649364517.052793000,10.11.219.6
1671,66,1649364517.052795000,10.11.219.6
1672,66,1649364517.052798000,10.11.219.6
1673,-2802,1649364517.053615000,151.101.109.16
1674,66,1649364517.053625000,10.11.219.6
1675,-2802,1649364517.054741000,151.101.109.16
1676,-4170,1649364517.054742000,151.101.109.16
1677,66,1649364517.054747000,10.11.219.6
1678,66,1649364517.054756000,10.11.219.6
1679,-4170,1649364517.055873000,151.101.109.16
1680,66,1649364517.055888000,10.11.219.6
1681,-1434,1649364517.057049000,151.101.109.16
1682,-4170,1649364517.057050000,151.101.109.16
1683,66,1649364517.057077000,10.11.219.6
1684,-4170,1649364517.057968000,151.101.109.16
1685,66,1649364517.057983000,10.11.219.6
1686,-2802,1649364517.059133000,151.101.109.16
1687,66,1649364517.059146000,10.11.219.6
1688,-1434,1649364517.062002000,151.101.109.16
1689,-4170,1649364517.062008000,151.101.109.16
1690,-1434,1649364517.062009000,151.101.109.16
1691,66,1649364517.062085000,10.11.219.6
1692,-2802,1649364517.062129000,151.101.109.16
1693,66,1649364517.062132000,10.11.219.6
1694,-4170,1649364517.063425000,151.101.109.16
1695,-4170,1649364517.063426000,151.101.109.16
1696,-4170,1649364517.063427000,151.101.109.16
1697,66,1649364517.063447000,10.11.219.6
1698,66,1649364517.063464000,10.11.219.6
1699,66,1649364517.063469000,10.11.219.6
1700,-4170,1649364517.066470000,151.101.109.16
1701,-4170,1649364517.066472000,151.101.109.16
1702,-4170,1649364517.066473000,151.101.109.16
1703,66,1649364517.066501000,10.11.219.6
1704,66,1649364517.066533000,10.11.219.6
1705,66,1649364517.066544000,10.11.219.6
1706,-5538,1649364517.066564000,151.101.109.16
1707,66,1649364517.066568000,10.11.219.6
1708,-5538,1649364517.067399000,151.101.109.16
1709,66,1649364517.067411000,10.11.219.6
1710,-5538,1649364517.068446000,151.101.109.16
1711,-2802,1649364517.068447000,151.101.109.16
1712,66,1649364517.068467000,10.11.219.6
1713,66,1649364517.068493000,10.11.219.6
1714,-5538,1649364517.069589000,151.101.109.16
1715,66,1649364517.069604000,10.11.219.6
1716,-5538,1649364517.070681000,151.101.109.16
1717,-1434,1649364517.070682000,151.101.109.16
1718,66,1649364517.070699000,10.11.219.6
1719,-4170,1649364517.071399000,151.101.109.16
1720,66,1649364517.071411000,10.11.219.6
1721,-5538,1649364517.074254000,151.101.109.16
1722,-2802,1649364517.074257000,151.101.109.16
1723,66,1649364517.074322000,10.11.219.6
1724,66,1649364517.074408000,10.11.219.6
1725,-2802,1649364517.075409000,151.101.109.16
1726,-5538,1649364517.075410000,151.101.109.16
1727,66,1649364517.075422000,10.11.219.6
1728,66,1649364517.075440000,10.11.219.6
1729,-5538,1649364517.076724000,151.101.109.16
1730,-5538,1649364517.076732000,151.101.109.16
1731,66,1649364517.076785000,10.11.219.6
1732,66,1649364517.076846000,10.11.219.6
1733,-5538,1649364517.079546000,151.101.109.16
1734,-6906,1649364517.079548000,151.101.109.16
1735,66,1649364517.079569000,10.11.219.6
1736,-6906,1649364517.079622000,151.101.109.16
1737,66,1649364517.079665000,10.11.219.6
1738,-1434,1649364517.080617000,151.101.109.16
1739,-6906,1649364517.080619000,151.101.109.16
1740,66,1649364517.080631000,10.11.219.6
1741,-2802,1649364517.081488000,151.101.109.16
1742,66,1649364517.081496000,10.11.219.6
1743,-4170,1649364517.082774000,151.101.109.16
1744,-6906,1649364517.082776000,151.101.109.16
1745,66,1649364517.082830000,10.11.219.6
1746,-6906,1649364517.084694000,151.101.109.16
1747,66,1649364517.084709000,10.11.219.6
1748,-5538,1649364517.085787000,151.101.109.16
1749,66,1649364517.085797000,10.11.219.6
1750,-1434,1649364517.086982000,151.101.109.16
1751,-6906,1649364517.086983000,151.101.109.16
1752,66,1649364517.087034000,10.11.219.6
1753,-6906,1649364517.088831000,151.101.109.16
1754,-6906,1649364517.088833000,151.101.109.16
1755,66,1649364517.088939000,10.11.219.6
1756,-5538,1649364517.090975000,151.101.109.16
1757,66,1649364517.091002000,10.11.219.6
1758,-1434,1649364517.091041000,151.101.109.16
1759,-2802,1649364517.091041000,151.101.109.16
1760,66,1649364517.091071000,10.11.219.6
1761,-6906,1649364517.093563000,151.101.109.16
1762,-6906,1649364517.093568000,151.101.109.16
1763,66,1649364517.093624000,10.11.219.6
1764,66,1649364517.093845000,10.11.219.6
1765,-5538,1649364517.095955000,151.101.109.16
1766,66,1649364517.096031000,10.11.219.6
1767,-1434,1649364517.098657000,151.101.109.16
1768,-6906,1649364517.098659000,151.101.109.16
1769,-6906,1649364517.098661000,151.101.109.16
1770,-6906,1649364517.098712000,151.101.109.16
1771,-6906,1649364517.098714000,151.101.109.16
1772,66,1649364517.098793000,10.11.219.6
1773,-6906,1649364517.099787000,151.101.109.16
1774,66,1649364517.100333000,10.11.219.6
1775,-6906,1649364517.100726000,151.101.109.16
1776,-2802,1649364517.100727000,151.101.109.16
1777,66,1649364517.100739000,10.11.219.6
1778,66,1649364517.100787000,10.11.219.6
1779,-6906,1649364517.102861000,151.101.109.16
1780,-6906,1649364517.102863000,151.101.109.16
1781,66,1649364517.102926000,10.11.219.6
1782,-6906,1649364517.105324000,151.101.109.16
1783,66,1649364517.105339000,10.11.219.6
1784,-6906,1649364517.106737000,151.101.109.16
1785,-4170,1649364517.106739000,151.101.109.16
1786,66,1649364517.106758000,10.11.219.6
1787,66,1649364517.106825000,10.11.219.6
1788,-2802,1649364517.110120000,151.101.109.16
1789,-6906,1649364517.110122000,151.101.109.16
1790,66,1649364517.110226000,10.11.219.6
1791,-6906,1649364517.112234000,151.101.109.16
1792,-6906,1649364517.112240000,151.101.109.16
1793,66,1649364517.112267000,10.11.219.6
1794,66,1649364517.112381000,10.11.219.6
1795,-6906,1649364517.113481000,151.101.109.16
1796,-2802,1649364517.113482000,151.101.109.16
1797,66,1649364517.113506000,10.11.219.6
1798,66,1649364517.113656000,10.11.219.6
1799,-6906,1649364517.114706000,151.101.109.16
1800,-4170,1649364517.114708000,151.101.109.16
1801,66,1649364517.114982000,10.11.219.6
1802,-2802,1649364517.115887000,151.101.109.16
1803,-6906,1649364517.115892000,151.101.109.16
1804,66,1649364517.115951000,10.11.219.6
1805,66,1649364517.116164000,10.11.219.6
1806,-6906,1649364517.118091000,151.101.109.16
1807,-6906,1649364517.118097000,151.101.109.16
1808,66,1649364517.118131000,10.11.219.6
1809,66,1649364517.118155000,10.11.219.6
1810,-6906,1649364517.119113000,151.101.109.16
1811,-6906,1649364517.119119000,151.101.109.16
1812,66,1649364517.119264000,10.11.219.6
1813,-8274,1649364517.120000000,151.101.109.16
1814,66,1649364517.120014000,10.11.219.6
1815,-6906,1649364517.121960000,151.101.109.16
1816,-1434,1649364517.121961000,151.101.109.16
1817,66,1649364517.121979000,10.11.219.6
1818,-5538,1649364517.124135000,151.101.109.16
1819,66,1649364517.124159000,10.11.219.6
1820,-1434,1649364517.124192000,151.101.109.16
1821,-6906,1649364517.126584000,151.101.109.16
1822,-6906,1649364517.126592000,151.101.109.16
1823,66,1649364517.126912000,10.11.219.6
1824,-6906,1649364517.127645000,151.101.109.16
1825,-4170,1649364517.127649000,151.101.109.16
1826,66,1649364517.127685000,10.11.219.6
1827,-446,1649364517.127740000,151.101.109.16
1828,-1434,1649364517.127742000,151.101.109.16
1829,78,1649364517.127760000,10.11.219.6
1830,66,1649364517.127780000,10.11.219.6
1831,194,1649364517.308160000,10.11.219.6
1832,181,1649364517.308628000,10.11.219.6
1833,-66,1649364517.320952000,151.101.109.16
1834,-66,1649364517.320953000,151.101.109.16
1835,-5538,1649364517.323215000,151.101.109.16
1836,-5538,1649364517.323218000,151.101.109.16
1837,66,1649364517.323256000,10.11.219.6
1838,66,1649364517.323287000,10.11.219.6
1839,-2802,1649364517.323328000,151.101.109.16
1840,-1035,1649364517.323329000,151.101.109.16
1841,-1434,1649364517.323329000,151.101.109.16
1842,-5538,1649364517.323332000,151.101.109.16
1843,66,1649364517.323340000,10.11.219.6
1844,78,1649364517.323350000,10.11.219.6
1845,66,1649364517.323357000,10.11.219.6
1846,66,1649364517.323363000,10.11.219.6
1847,-5538,1649364517.323878000,151.101.109.16
1848,66,1649364517.323888000,10.11.219.6
1849,-5538,1649364517.325261000,151.101.109.16
1850,-5538,1649364517.325274000,151.101.109.16
1851,66,1649364517.325295000,10.11.219.6
1852,66,1649364517.325320000,10.11.219.6
1853,-5538,1649364517.328607000,151.101.109.16
1854,-5538,1649364517.328609000,151.101.109.16
1855,66,1649364517.328625000,10.11.219.6
1856,66,1649364517.328650000,10.11.219.6
1857,-449,1649364517.328665000,151.101.109.16
1858,-1434,1649364517.328666000,151.101.109.16
1859,78,1649364517.328673000,10.11.219.6
1860,66,1649364517.328680000,10.11.219.6
1861,-1232,1649364517.451925000,18.65.110.227
1862,66,1649364517.451945000,10.11.219.6
1863,-2802,1649364517.456415000,18.65.110.227
1864,66,1649364517.456447000,10.11.219.6
1865,-969,1649364517.456482000,18.65.110.227
1866,-337,1649364517.456482000,18.65.110.227
1867,-1434,1649364517.456483000,18.65.110.227
1868,66,1649364517.456492000,10.11.219.6
1869,78,1649364517.456502000,10.11.219.6
1870,66,1649364517.456508000,10.11.219.6
1871,-5538,1649364517.459084000,18.65.110.227
1872,66,1649364517.459105000,10.11.219.6
1873,-5538,1649364517.459162000,18.65.110.227
1874,-1434,1649364517.459163000,18.65.110.227
1875,-783,1649364517.459163000,18.65.110.227
1876,-1434,1649364517.459164000,18.65.110.227
1877,66,1649364517.459175000,10.11.219.6
1878,66,1649364517.459182000,10.11.219.6
1879,78,1649364517.459187000,10.11.219.6
1880,66,1649364517.459202000,10.11.219.6
1881,-11010,1649364517.469596000,18.65.110.227
1882,66,1649364517.469619000,10.11.219.6
1883,-325,1649364517.469643000,18.65.110.227
1884,-1434,1649364517.469654000,18.65.110.227
1885,78,1649364517.469663000,10.11.219.6
1886,66,1649364517.469671000,10.11.219.6
1887,-338,1649364517.481895000,18.65.110.227
1888,-1434,1649364517.481896000,18.65.110.227
1889,78,1649364517.481914000,10.11.219.6
1890,66,1649364517.481938000,10.11.219.6
1891,164,1649364517.484117000,10.11.219.6
1892,165,1649364517.486123000,10.11.219.6
1893,164,1649364517.486449000,10.11.219.6
1894,161,1649364517.488872000,10.11.219.6
1895,160,1649364517.494236000,10.11.219.6
1896,161,1649364517.495268000,10.11.219.6
1897,160,1649364517.495910000,10.11.219.6
1898,-66,1649364517.495999000,151.101.109.16
1899,-1434,1649364517.496001000,151.101.109.16
1900,-141,1649364517.496001000,151.101.109.16
1901,-1434,1649364517.496002000,151.101.109.16
1902,78,1649364517.496032000,10.11.219.6
1903,66,1649364517.496050000,10.11.219.6
1904,159,1649364517.496437000,10.11.219.6
1905,160,1649364517.496845000,10.11.219.6
1906,-66,1649364517.496958000,151.101.109.16
1907,254,1649364517.497237000,10.11.219.6
1908,160,1649364517.497600000,10.11.219.6
1909,258,1649364517.497938000,10.11.219.6
1910,-66,1649364517.497940000,151.101.109.16
1911,-726,1649364517.497941000,151.101.109.16
1912,-1434,1649364517.497941000,151.101.109.16
1913,78,1649364517.497964000,10.11.219.6
1914,66,1649364517.497974000,10.11.219.6
1915,152,1649364517.501573000,10.11.219.6
1916,-1001,1649364517.502483000,151.101.109.16
1917,-1434,1649364517.502486000,151.101.109.16
1918,-66,1649364517.502487000,151.101.109.16
1919,-1434,1649364517.502487000,151.101.109.16
1920,-538,1649364517.502488000,151.101.109.16
1921,-181,1649364517.502488000,18.65.110.227
1922,-1434,1649364517.502488000,151.101.109.16
1923,78,1649364517.502508000,10.11.219.6
1924,66,1649364517.502532000,10.11.219.6
1925,78,1649364517.502545000,10.11.219.6
1926,66,1649364517.502554000,10.11.219.6
1927,66,1649364517.502561000,10.11.219.6
1928,-66,1649364517.505685000,151.101.109.16
1929,-2802,1649364517.509065000,151.101.109.16
1930,-435,1649364517.509066000,151.101.109.16
1931,-5520,1649364517.509068000,18.65.110.227
1932,-1434,1649364517.509069000,151.101.109.16
1933,66,1649364517.509096000,10.11.219.6
1934,78,1649364517.509135000,10.11.219.6
1935,66,1649364517.509143000,10.11.219.6
1936,66,1649364517.509151000,10.11.219.6
1937,-66,1649364517.509172000,151.101.109.16
1938,-5538,1649364517.509174000,151.101.109.16
1939,-66,1649364517.509174000,151.101.109.16
1940,-1205,1649364517.509175000,151.101.109.16
1941,-66,1649364517.509175000,151.101.109.16
1942,66,1649364517.509189000,10.11.219.6
1943,-5538,1649364517.509219000,151.101.109.16
1944,-1412,1649364517.509220000,151.101.109.16
1945,66,1649364517.509542000,10.11.219.6
1946,-5538,1649364517.511378000,151.101.109.16
1947,-5538,1649364517.511387000,151.101.109.16
1948,66,1649364517.511451000,10.11.219.6
1949,-66,1649364517.511593000,151.101.109.16
1950,-66,1649364517.511595000,151.101.109.16
1951,-5538,1649364517.511601000,151.101.109.16
1952,66,1649364517.513111000,10.11.219.6
1953,-66,1649364517.513252000,151.101.109.16
1954,-66,1649364517.513253000,151.101.109.16
1955,-5538,1649364517.513258000,151.101.109.16
1956,-5538,1649364517.513259000,151.101.109.16
1957,-66,1649364517.513298000,151.101.109.16
1958,-5538,1649364517.513299000,151.101.109.16
1959,66,1649364517.513419000,10.11.219.6
1960,-2369,1649364517.515103000,151.101.109.16
1961,-2288,1649364517.515105000,18.65.110.227
1962,-5538,1649364517.515106000,151.101.109.16
1963,66,1649364517.515136000,10.11.219.6
1964,66,1649364517.515156000,10.11.219.6
1965,66,1649364517.515230000,10.11.219.6
1966,-2626,1649364517.521211000,151.101.109.16
1967,66,1649364517.521227000,10.11.219.6
1968,-5538,1649364517.529223000,18.65.110.227
1969,66,1649364517.529239000,10.11.219.6
1970,-4170,1649364517.529291000,18.65.110.227
1971,-2802,1649364517.529292000,18.65.110.227
1972,-89,1649364517.529292000,18.65.110.227
1973,-1434,1649364517.529292000,18.65.110.227
1974,66,1649364517.529300000,10.11.219.6
1975,66,1649364517.529307000,10.11.219.6
1976,78,1649364517.529313000,10.11.219.6
1977,66,1649364517.529319000,10.11.219.6
1978,214,1649364517.546651000,10.11.219.6
1979,213,1649364517.548677000,10.11.219.6
1980,213,1649364517.549296000,10.11.219.6
1981,214,1649364517.549393000,10.11.219.6
1982,214,1649364517.549952000,10.11.219.6
1983,166,1649364517.551068000,10.11.219.6
1984,214,1649364517.551183000,10.11.219.6
1985,214,1649364517.551648000,10.11.219.6
1986,214,1649364517.552160000,10.11.219.6
1987,214,1649364517.552461000,10.11.219.6
1988,-2802,1649364517.557455000,18.65.110.227
1989,66,1649364517.557517000,10.11.219.6
1990,155,1649364517.561173000,10.11.219.6
1991,-8274,1649364517.562884000,18.65.110.227
1992,-5528,1649364517.562885000,18.65.110.227
1993,66,1649364517.562926000,10.11.219.6
1994,-2523,1649364517.563406000,18.65.110.227
1995,-66,1649364517.563406000,151.101.109.16
1996,-5538,1649364517.563407000,151.101.109.16
1997,-5538,1649364517.563408000,151.101.109.16
1998,-2802,1649364517.563450000,151.101.109.16
1999,-687,1649364517.563450000,151.101.109.16
2000,-1434,1649364517.563451000,151.101.109.16
2001,-66,1649364517.563451000,151.101.109.16
2002,-66,1649364517.563451000,151.101.109.16
2003,-5538,1649364517.563452000,151.101.109.16
2004,66,1649364517.563454000,10.11.219.6
2005,78,1649364517.563464000,10.11.219.6
2006,66,1649364517.563477000,10.11.219.6
2007,-5538,1649364517.563511000,151.101.109.16
2008,66,1649364517.563526000,10.11.219.6
2009,-66,1649364517.564432000,151.101.109.16
2010,-66,1649364517.564433000,151.101.109.16
2011,-2802,1649364517.564434000,151.101.109.16
2012,66,1649364517.564474000,10.11.219.6
2013,-2599,1649364517.566433000,151.101.109.16
2014,-66,1649364517.566433000,151.101.109.16
2015,-5538,1649364517.566435000,151.101.109.16
2016,-2274,1649364517.566435000,18.65.110.227
2017,66,1649364517.566450000,10.11.219.6
2018,66,1649364517.566477000,10.11.219.6
2019,66,1649364517.566571000,10.11.219.6
2020,-5538,1649364517.568443000,151.101.109.16
2021,-66,1649364517.568443000,151.101.109.16
2022,-66,1649364517.568444000,151.101.109.16
2023,-66,1649364517.568444000,151.101.109.16
2024,-5538,1649364517.568445000,151.101.109.16
2025,66,1649364517.568463000,10.11.219.6
2026,-66,1649364517.568511000,151.101.109.16
2027,-5538,1649364517.568512000,151.101.109.16
2028,-5538,1649364517.568513000,151.101.109.16
2029,66,1649364517.568558000,10.11.219.6
2030,-5538,1649364517.570224000,151.101.109.16
2031,-5538,1649364517.570226000,151.101.109.16
2032,66,1649364517.570253000,10.11.219.6
2033,66,1649364517.570316000,10.11.219.6
2034,-1065,1649364517.571622000,151.101.109.16
2035,-66,1649364517.575146000,151.101.109.16
2036,-5538,1649364517.575148000,151.101.109.16
2037,66,1649364517.575178000,10.11.219.6
2038,-5538,1649364517.577426000,151.101.109.16
2039,-5538,1649364517.577428000,151.101.109.16
2040,66,1649364517.577448000,10.11.219.6
2041,66,1649364517.577557000,10.11.219.6
2042,-5538,1649364517.579902000,151.101.109.16
2043,-5538,1649364517.579903000,151.101.109.16
2044,66,1649364517.579919000,10.11.219.6
2045,-5538,1649364517.579947000,151.101.109.16
2046,66,1649364517.579954000,10.11.219.6
2047,66,1649364517.579969000,10.11.219.6
2048,251,1649364517.580078000,10.11.219.6
2049,-5538,1649364517.581131000,151.101.109.16
2050,-4170,1649364517.581132000,151.101.109.16
2051,66,1649364517.581143000,10.11.219.6
2052,66,1649364517.581181000,10.11.219.6
2053,-5538,1649364517.582264000,151.101.109.16
2054,66,1649364517.582308000,10.11.219.6
2055,-5538,1649364517.583206000,151.101.109.16
2056,66,1649364517.583218000,10.11.219.6
2057,-5538,1649364517.584665000,151.101.109.16
2058,-5538,1649364517.584667000,151.101.109.16
2059,66,1649364517.584677000,10.11.219.6
2060,66,1649364517.584710000,10.11.219.6
2061,-5538,1649364517.585579000,151.101.109.16
2062,66,1649364517.585590000,10.11.219.6
2063,-5538,1649364517.586495000,151.101.109.16
2064,66,1649364517.586507000,10.11.219.6
2065,-2802,1649364517.588539000,151.101.109.16
2066,66,1649364517.588547000,10.11.219.6
2067,-2802,1649364517.588597000,151.101.109.16
2068,66,1649364517.588666000,10.11.219.6
2069,-5538,1649364517.589919000,151.101.109.16
2070,66,1649364517.590164000,10.11.219.6
2071,-5538,1649364517.591004000,151.101.109.16
2072,-1434,1649364517.591006000,151.101.109.16
2073,66,1649364517.591056000,10.11.219.6
2074,-4170,1649364517.592307000,151.101.109.16
2075,-5538,1649364517.592317000,151.101.109.16
2076,66,1649364517.592336000,10.11.219.6
2077,66,1649364517.592363000,10.11.219.6
2078,-4170,1649364517.594443000,151.101.109.16
2079,-66,1649364517.594445000,151.101.109.16
2080,-5538,1649364517.594446000,151.101.109.16
2081,66,1649364517.594501000,10.11.219.6
2082,66,1649364517.594583000,10.11.219.6
2083,-6906,1649364517.595536000,151.101.109.16
2084,-4170,1649364517.595538000,151.101.109.16
2085,66,1649364517.595553000,10.11.219.6
2086,66,1649364517.595576000,10.11.219.6
2087,-2802,1649364517.596692000,151.101.109.16
2088,-6906,1649364517.596693000,151.101.109.16
2089,66,1649364517.596711000,10.11.219.6
2090,66,1649364517.596734000,10.11.219.6
2091,-3680,1649364517.597640000,151.101.109.16
2092,66,1649364517.597653000,10.11.219.6
2093,66,1649364517.613432000,10.11.219.6
2094,159,1649364517.631291000,10.11.219.6
2095,160,1649364517.631428000,10.11.219.6
2096,347,1649364517.631759000,10.11.219.6
2097,160,1649364517.638502000,10.11.219.6
2098,160,1649364517.640039000,10.11.219.6
2099,160,1649364517.640607000,10.11.219.6
2100,178,1649364517.641187000,10.11.219.6
2101,239,1649364517.641425000,10.11.219.6
2102,160,1649364517.641757000,10.11.219.6
2103,-66,1649364517.642366000,151.101.109.16
2104,-66,1649364517.642367000,151.101.109.16
2105,167,1649364517.642966000,10.11.219.6
2106,268,1649364517.643344000,10.11.219.6
2107,-66,1649364517.643529000,151.101.109.16
2108,-2802,1649364517.643535000,151.101.109.16
2109,-914,1649364517.643538000,151.101.109.16
2110,66,1649364517.643600000,10.11.219.6
2111,78,1649364517.643632000,10.11.219.6
2112,179,1649364517.643951000,10.11.219.6
2113,252,1649364517.644575000,10.11.219.6
2114,-1434,1649364517.644964000,151.101.109.16
2115,-6906,1649364517.644967000,151.101.109.16
2116,66,1649364517.645000000,10.11.219.6
2117,66,1649364517.645026000,10.11.219.6
2118,153,1649364517.645222000,10.11.219.6
2119,-2802,1649364517.646162000,151.101.109.16
2120,-417,1649364517.646168000,151.101.109.16
2121,-1434,1649364517.646171000,151.101.109.16
2122,-2802,1649364517.646184000,151.101.109.16
2123,-1050,1649364517.646186000,151.101.109.16
2124,-1434,1649364517.646188000,151.101.109.16
2125,66,1649364517.646254000,10.11.219.6
2126,165,1649364517.646329000,10.11.219.6
2127,66,1649364517.646353000,10.11.219.6
2128,66,1649364517.646378000,10.11.219.6
2129,78,1649364517.646386000,10.11.219.6
2130,66,1649364517.646394000,10.11.219.6
2131,-2802,1649364517.646925000,151.101.109.16
2132,-780,1649364517.646926000,151.101.109.16
2133,-1434,1649364517.646927000,151.101.109.16
2134,66,1649364517.646962000,10.11.219.6
2135,78,1649364517.646986000,10.11.219.6
2136,66,1649364517.646995000,10.11.219.6
2137,153,1649364517.649885000,10.11.219.6
2138,-66,1649364517.650418000,151.101.109.16
2139,-1434,1649364517.650419000,151.101.109.16
2140,-1109,1649364517.650420000,151.101.109.16
2141,-1434,1649364517.650421000,151.101.109.16
2142,153,1649364517.650477000,10.11.219.6
2143,78,1649364517.650534000,10.11.219.6
2144,66,1649364517.650545000,10.11.219.6
2145,-66,1649364517.653000000,151.101.109.16
2146,-66,1649364517.653001000,151.101.109.16
2147,-3881,1649364517.653002000,151.101.109.16
2148,-66,1649364517.653002000,151.101.109.16
2149,-6906,1649364517.653003000,151.101.109.16
2150,66,1649364517.653026000,10.11.219.6
2151,66,1649364517.653052000,10.11.219.6
2152,-2802,1649364517.654330000,151.101.109.16
2153,-621,1649364517.654331000,151.101.109.16
2154,-1434,1649364517.654331000,151.101.109.16
2155,-5538,1649364517.654332000,151.101.109.16
2156,66,1649364517.654350000,10.11.219.6
2157,78,1649364517.654373000,10.11.219.6
2158,66,1649364517.654380000,10.11.219.6
2159,66,1649364517.654384000,10.11.219.6
2160,-1434,1649364517.656434000,151.101.109.16
2161,-66,1649364517.656435000,151.101.109.16
2162,-66,1649364517.656435000,151.101.109.16
2163,-3868,1649364517.656436000,151.101.109.16
2164,-66,1649364517.656437000,151.101.109.16
2165,-66,1649364517.656437000,151.101.109.16
2166,66,1649364517.656474000,10.11.219.6
2167,-5005,1649364517.656539000,151.101.109.16
2168,-2802,1649364517.656540000,151.101.109.16
2169,-649,1649364517.656540000,151.101.109.16
2170,-1434,1649364517.656541000,151.101.109.16
2171,66,1649364517.656547000,10.11.219.6
2172,66,1649364517.656554000,10.11.219.6
2173,78,1649364517.656563000,10.11.219.6
2174,66,1649364517.656568000,10.11.219.6
2175,-1434,1649364517.658525000,151.101.109.16
2176,-685,1649364517.658529000,151.101.109.16
2177,-1434,1649364517.658531000,151.101.109.16
2178,-66,1649364517.658533000,151.101.109.16
2179,-66,1649364517.658533000,151.101.109.16
2180,-4132,1649364517.658535000,151.101.109.16
2181,78,1649364517.658649000,10.11.219.6
2182,66,1649364517.658727000,10.11.219.6
2183,66,1649364517.658762000,10.11.219.6
2184,-2472,1649364517.658818000,151.101.109.16
2185,-66,1649364517.658819000,151.101.109.16
2186,-1185,1649364517.658822000,151.101.109.16
2187,-66,1649364517.658823000,151.101.109.16
2188,66,1649364517.658846000,10.11.219.6
2189,-1180,1649364517.658866000,151.101.109.16
2190,66,1649364517.658869000,10.11.219.6
2191,-66,1649364517.662024000,151.101.109.16
2192,-66,1649364517.662025000,151.101.109.16
2193,-559,1649364517.662025000,151.101.109.16
2194,-1434,1649364517.662026000,151.101.109.16
2195,78,1649364517.662059000,10.11.219.6
2196,66,1649364517.662085000,10.11.219.6
2197,-2621,1649364517.663071000,151.101.109.16
2198,66,1649364517.663090000,10.11.219.6
2199,184,1649364517.679121000,10.11.219.6
2200,180,1649364517.679766000,10.11.219.6
2201,240,1649364517.679792000,10.11.219.6
2202,-66,1649364517.691151000,151.101.109.16
2203,-66,1649364517.691152000,151.101.109.16
2204,-2802,1649364517.691157000,151.101.109.16
2205,66,1649364517.691188000,10.11.219.6
2206,-2802,1649364517.691313000,151.101.109.16
2207,66,1649364517.691317000,10.11.219.6
2208,-5538,1649364517.692376000,151.101.109.16
2209,66,1649364517.692414000,10.11.219.6
2210,-2802,1649364517.693722000,151.101.109.16
2211,-930,1649364517.693723000,151.101.109.16
2212,-1434,1649364517.693723000,151.101.109.16
2213,-66,1649364517.693723000,151.101.109.16
2214,-5538,1649364517.693724000,151.101.109.16
2215,66,1649364517.693735000,10.11.219.6
2216,78,1649364517.693753000,10.11.219.6
2217,66,1649364517.693768000,10.11.219.6
2218,66,1649364517.693774000,10.11.219.6
2219,-5538,1649364517.694708000,151.101.109.16
2220,66,1649364517.694726000,10.11.219.6
2221,-5538,1649364517.695765000,151.101.109.16
2222,66,1649364517.695775000,10.11.219.6
2223,-503,1649364517.699795000,151.101.109.16
2224,-1434,1649364517.699796000,151.101.109.16
2225,78,1649364517.699806000,10.11.219.6
2226,66,1649364517.699818000,10.11.219.6
2227,157,1649364517.720446000,10.11.219.6
2228,-66,1649364517.731571000,151.101.109.16
2229,-6906,1649364517.737357000,151.101.109.16
2230,-1434,1649364517.737358000,151.101.109.16
2231,66,1649364517.737384000,10.11.219.6
2232,-5538,1649364517.737561000,151.101.109.16
2233,-6906,1649364517.737563000,151.101.109.16
2234,66,1649364517.737569000,10.11.219.6
2235,66,1649364517.737579000,10.11.219.6
2236,-6906,1649364517.737610000,151.101.109.16
2237,-6906,1649364517.737613000,151.101.109.16
2238,66,1649364517.737617000,10.11.219.6
2239,66,1649364517.737621000,10.11.219.6
2240,-2802,1649364517.738504000,151.101.109.16
2241,66,1649364517.738520000,10.11.219.6
2242,-1434,1649364517.738559000,151.101.109.16
2243,-1099,1649364517.738559000,151.101.109.16
2244,-1434,1649364517.738560000,151.101.109.16
2245,78,1649364517.738572000,10.11.219.6
2246,66,1649364517.738579000,10.11.219.6
2247,202,1649364517.742464000,10.11.219.6
2248,-66,1649364517.755761000,151.101.109.16
2249,-299,1649364517.755762000,151.101.109.16
2250,-1434,1649364517.755763000,151.101.109.16
2251,78,1649364517.755798000,10.11.219.6
2252,66,1649364517.755823000,10.11.219.6
2253,155,1649364517.759064000,10.11.219.6
2254,-66,1649364517.770130000,151.101.109.16
2255,-1046,1649364517.770133000,151.101.109.16
2256,66,1649364517.813462000,10.11.219.6
2257,-762,1649364517.862817000,18.65.110.227
2258,66,1649364517.862851000,10.11.219.6
2259,-1434,1649364517.884379000,18.65.110.227
2260,-1062,1649364517.884380000,18.65.110.227
2261,-1434,1649364517.884380000,18.65.110.227
2262,66,1649364517.884398000,10.11.219.6
2263,78,1649364517.884430000,10.11.219.6
2264,66,1649364517.884437000,10.11.219.6
2265,-8274,1649364517.886491000,18.65.110.227
2266,-884,1649364517.886491000,18.65.110.227
2267,66,1649364517.886504000,10.11.219.6
2268,66,1649364517.886534000,10.11.219.6
2269,-2802,1649364517.888470000,18.65.110.227
2270,66,1649364517.888489000,10.11.219.6
2271,-5538,1649364517.888575000,18.65.110.227
2272,-2802,1649364517.888576000,18.65.110.227
2273,66,1649364517.888585000,10.11.219.6
2274,66,1649364517.888593000,10.11.219.6
2275,-2802,1649364517.890797000,18.65.110.227
2276,-1424,1649364517.890798000,18.65.110.227
2277,-1434,1649364517.890798000,18.65.110.227
2278,-5538,1649364517.890799000,18.65.110.227
2279,66,1649364517.890814000,10.11.219.6
2280,78,1649364517.890837000,10.11.219.6
2281,66,1649364517.890843000,10.11.219.6
2282,66,1649364517.890846000,10.11.219.6
2283,-716,1649364517.890856000,18.65.110.227
2284,-1434,1649364517.890857000,18.65.110.227
2285,78,1649364517.890861000,10.11.219.6
2286,66,1649364517.890866000,10.11.219.6
2287,177,1649364517.987554000,10.11.219.6
2288,74,1649364517.990696000,10.11.219.6
2289,-66,1649364517.998689000,151.101.109.16
2290,171,1649364517.998913000,10.11.219.6
2291,-2802,1649364518.000074000,151.101.109.16
2292,66,1649364518.000091000,10.11.219.6
2293,-1434,1649364518.000917000,151.101.109.16
2294,-4170,1649364518.000918000,151.101.109.16
2295,-908,1649364518.000918000,151.101.109.16
2296,66,1649364518.000927000,10.11.219.6
2297,66,1649364518.000939000,10.11.219.6
2298,66,1649364518.000942000,10.11.219.6
2299,-66,1649364518.010386000,151.101.109.16
2300,-408,1649364518.010387000,151.101.109.16
2301,66,1649364518.010411000,10.11.219.6
2302,158,1649364518.053309000,10.11.219.6
2303,-66,1649364518.065120000,151.101.109.16
2304,-1434,1649364518.065121000,151.101.109.16
2305,66,1649364518.065147000,10.11.219.6
2306,-4170,1649364518.066527000,151.101.109.16
2307,-5538,1649364518.066528000,151.101.109.16
2308,66,1649364518.066539000,10.11.219.6
2309,66,1649364518.066556000,10.11.219.6
2310,-2802,1649364518.068899000,151.101.109.16
2311,66,1649364518.068908000,10.11.219.6
2312,-2417,1649364518.068978000,151.101.109.16
2313,-5538,1649364518.068979000,151.101.109.16
2314,-5538,1649364518.068980000,151.101.109.16
2315,66,1649364518.068987000,10.11.219.6
2316,66,1649364518.068996000,10.11.219.6
2317,66,1649364518.069003000,10.11.219.6
2318,-5538,1649364518.069819000,151.101.109.16
2319,66,1649364518.069830000,10.11.219.6
2320,-5538,1649364518.072312000,151.101.109.16
2321,-5538,1649364518.072314000,151.101.109.16
2322,66,1649364518.072334000,10.11.219.6
2323,66,1649364518.072360000,10.11.219.6
2324,-5538,1649364518.072378000,151.101.109.16
2325,66,1649364518.072381000,10.11.219.6
2326,-5538,1649364518.074417000,151.101.109.16
2327,-5538,1649364518.074419000,151.101.109.16
2328,66,1649364518.074445000,10.11.219.6
2329,66,1649364518.074472000,10.11.219.6
2330,-2802,1649364518.074956000,151.101.109.16
2331,66,1649364518.074965000,10.11.219.6
2332,-2802,1649364518.074986000,151.101.109.16
2333,66,1649364518.074990000,10.11.219.6
2334,-5538,1649364518.076406000,151.101.109.16
2335,-4170,1649364518.076411000,151.101.109.16
2336,66,1649364518.076472000,10.11.219.6
2337,66,1649364518.076536000,10.11.219.6
2338,-1434,1649364518.079486000,151.101.109.16
2339,-5538,1649364518.079487000,151.101.109.16
2340,-6906,1649364518.079488000,151.101.109.16
2341,66,1649364518.079503000,10.11.219.6
2342,66,1649364518.079520000,10.11.219.6
2343,66,1649364518.079523000,10.11.219.6
2344,-2802,1649364518.079530000,151.101.109.16
2345,66,1649364518.079532000,10.11.219.6
2346,-5538,1649364518.082075000,151.101.109.16
2347,66,1649364518.082087000,10.11.219.6
2348,-1434,1649364518.082112000,151.101.109.16
2349,-1434,1649364518.082112000,151.101.109.16
2350,66,1649364518.082117000,10.11.219.6
2351,66,1649364518.082124000,10.11.219.6
2352,-5538,1649364518.083431000,151.101.109.16
2353,-6906,1649364518.083432000,151.101.109.16
2354,66,1649364518.083441000,10.11.219.6
2355,66,1649364518.083453000,10.11.219.6
2356,-2802,1649364518.084351000,151.101.109.16
2357,66,1649364518.084354000,10.11.219.6
2358,-4170,1649364518.085909000,151.101.109.16
2359,-6906,1649364518.085911000,151.101.109.16
2360,66,1649364518.085917000,10.11.219.6
2361,66,1649364518.085928000,10.11.219.6
2362,-6906,1649364518.085944000,151.101.109.16
2363,66,1649364518.085949000,10.11.219.6
2364,-2802,1649364518.088985000,151.101.109.16
2365,66,1649364518.089001000,10.11.219.6
2366,-4170,1649364518.090853000,151.101.109.16
2367,-6906,1649364518.090858000,151.101.109.16
2368,66,1649364518.090912000,10.11.219.6
2369,66,1649364518.090975000,10.11.219.6
2370,-1434,1649364518.090987000,151.101.109.16
2371,-503,1649364518.090987000,151.101.109.16
2372,-1434,1649364518.090988000,151.101.109.16
2373,66,1649364518.090992000,10.11.219.6
2374,78,1649364518.090999000,10.11.219.6
2375,66,1649364518.091003000,10.11.219.6
2376,178,1649364518.108418000,10.11.219.6
2377,-66,1649364518.114915000,52.119.174.17
2378,54,1649364518.114941000,10.11.219.6
2379,571,1649364518.116827000,10.11.219.6
2380,-66,1649364518.119084000,151.101.109.16
2381,-965,1649364518.120189000,151.101.109.16
2382,66,1649364518.120252000,10.11.219.6
2383,526,1649364518.222957000,10.11.219.6
2384,-66,1649364518.226014000,18.65.110.227
2385,-1434,1649364518.227250000,18.65.110.227
2386,-329,1649364518.227250000,18.65.110.227
2387,66,1649364518.227265000,10.11.219.6
2388,78,1649364518.227284000,10.11.219.6
2389,-1434,1649364518.228226000,18.65.110.227
2390,66,1649364518.228235000,10.11.219.6
2391,222,1649364518.237646000,10.11.219.6
2392,-54,1649364518.238852000,52.119.174.17
2393,-54,1649364518.240993000,52.119.174.17
2394,-5956,1649364518.243450000,52.119.174.17
2395,54,1649364518.243468000,10.11.219.6
2396,-66,1649364518.248441000,151.101.109.16
2397,180,1649364518.248890000,10.11.219.6
2398,351,1649364518.249321000,10.11.219.6
2399,-1434,1649364518.249728000,151.101.109.16
2400,-1287,1649364518.249729000,151.101.109.16
2401,-1434,1649364518.249730000,151.101.109.16
2402,66,1649364518.249744000,10.11.219.6
2403,78,1649364518.249759000,10.11.219.6
2404,66,1649364518.249766000,10.11.219.6
2405,-66,1649364518.262115000,151.101.109.16
2406,-2802,1649364518.262117000,151.101.109.16
2407,66,1649364518.262137000,10.11.219.6
2408,-4170,1649364518.268354000,151.101.109.16
2409,-6906,1649364518.268356000,151.101.109.16
2410,66,1649364518.268376000,10.11.219.6
2411,66,1649364518.268402000,10.11.219.6
2412,-6906,1649364518.268903000,151.101.109.16
2413,-6906,1649364518.268905000,151.101.109.16
2414,66,1649364518.268911000,10.11.219.6
2415,66,1649364518.268921000,10.11.219.6
2416,-6906,1649364518.268949000,151.101.109.16
2417,-6906,1649364518.268951000,151.101.109.16
2418,66,1649364518.268955000,10.11.219.6
2419,66,1649364518.268960000,10.11.219.6
2420,-6906,1649364518.268976000,151.101.109.16
2421,66,1649364518.268979000,10.11.219.6
2422,-2802,1649364518.271458000,151.101.109.16
2423,66,1649364518.271477000,10.11.219.6
2424,-4170,1649364518.271593000,151.101.109.16
2425,-4170,1649364518.271594000,151.101.109.16
2426,66,1649364518.271604000,10.11.219.6
2427,66,1649364518.271613000,10.11.219.6
2428,-2802,1649364518.273665000,151.101.109.16
2429,-6906,1649364518.273667000,151.101.109.16
2430,-6906,1649364518.273669000,151.101.109.16
2431,66,1649364518.273691000,10.11.219.6
2432,66,1649364518.273716000,10.11.219.6
2433,-6906,1649364518.273759000,151.101.109.16
2434,-6906,1649364518.273760000,151.101.109.16
2435,66,1649364518.274453000,10.11.219.6
2436,-2802,1649364518.276030000,151.101.109.16
2437,66,1649364518.276080000,10.11.219.6
2438,-2802,1649364518.280353000,151.101.109.16
2439,-266,1649364518.280354000,151.101.109.16
2440,-1434,1649364518.280354000,151.101.109.16
2441,66,1649364518.280373000,10.11.219.6
2442,78,1649364518.280389000,10.11.219.6
2443,66,1649364518.280402000,10.11.219.6
2444,-105,1649364518.373174000,52.119.174.17
2445,54,1649364518.373197000,10.11.219.6
2446,524,1649364518.373684000,10.11.219.6
2447,74,1649364518.467917000,10.11.219.6
2448,74,1649364518.467987000,10.11.219.6
2449,-503,1649364518.522816000,52.119.174.17
2450,54,1649364518.522855000,10.11.219.6
2451,177,1649364518.563664000,10.11.219.6
2452,-66,1649364518.579950000,151.101.109.16
2453,-612,1649364518.579951000,151.101.109.16
2454,-1434,1649364518.579952000,151.101.109.16
2455,78,1649364518.579974000,10.11.219.6
2456,66,1649364518.579995000,10.11.219.6
2457,-66,1649364518.590386000,52.94.176.92
2458,54,1649364518.590414000,10.11.219.6
2459,571,1649364518.593642000,10.11.219.6
2460,74,1649364518.598427000,10.11.219.6
2461,-66,1649364518.604222000,52.94.176.92
2462,54,1649364518.604249000,10.11.219.6
2463,571,1649364518.612918000,10.11.219.6
2464,1434,1649364518.613512000,10.11.219.6
2465,1010,1649364518.613523000,10.11.219.6
2466,1434,1649364518.613869000,10.11.219.6
2467,596,1649364518.613883000,10.11.219.6
2468,1434,1649364518.614142000,10.11.219.6
2469,82,1649364518.614152000,10.11.219.6
2470,-66,1649364518.618162000,18.65.110.227
2471,149,1649364518.620728000,10.11.219.6
2472,74,1649364518.623162000,10.11.219.6
2473,74,1649364518.623308000,10.11.219.6
2474,-74,1649364518.626688000,18.65.156.177
2475,66,1649364518.626732000,10.11.219.6
2476,583,1649364518.631232000,10.11.219.6
2477,-66,1649364518.632328000,151.101.109.16
2478,-2802,1649364518.632330000,151.101.109.16
2479,-167,1649364518.632331000,151.101.109.16
2480,-1434,1649364518.632331000,151.101.109.16
2481,66,1649364518.632356000,10.11.219.6
2482,78,1649364518.632389000,10.11.219.6
2483,66,1649364518.632398000,10.11.219.6
2484,-66,1649364518.634173000,18.65.156.177
2485,-5538,1649364518.635626000,18.65.156.177
2486,66,1649364518.635653000,10.11.219.6
2487,-568,1649364518.636342000,18.65.156.177
2488,66,1649364518.636350000,10.11.219.6
2489,130,1649364518.640249000,10.11.219.6
2490,236,1649364518.640860000,10.11.219.6
2491,385,1649364518.640901000,10.11.219.6
2492,-66,1649364518.642779000,18.65.156.177
2493,-128,1649364518.642780000,18.65.156.177
2494,66,1649364518.642828000,10.11.219.6
2495,97,1649364518.643008000,10.11.219.6
2496,-66,1649364518.643838000,18.65.156.177
2497,-97,1649364518.643839000,18.65.156.177
2498,-66,1649364518.643839000,18.65.156.177
2499,66,1649364518.643881000,10.11.219.6
2500,-8274,1649364518.645560000,18.65.156.177
2501,-134,1649364518.645562000,18.65.156.177
2502,-1434,1649364518.645562000,18.65.156.177
2503,66,1649364518.645591000,10.11.219.6
2504,78,1649364518.645618000,10.11.219.6
2505,66,1649364518.645628000,10.11.219.6
2506,-66,1649364518.646129000,18.65.156.177
2507,158,1649364518.670632000,10.11.219.6
2508,157,1649364518.671477000,10.11.219.6
2509,158,1649364518.673121000,10.11.219.6
2510,157,1649364518.674172000,10.11.219.6
2511,158,1649364518.678693000,10.11.219.6
2512,157,1649364518.679139000,10.11.219.6
2513,158,1649364518.679495000,10.11.219.6
2514,-66,1649364518.682750000,151.101.109.16
2515,-2802,1649364518.682751000,151.101.109.16
2516,66,1649364518.682773000,10.11.219.6
2517,-4170,1649364518.682807000,151.101.109.16
2518,66,1649364518.682813000,10.11.219.6
2519,-6906,1649364518.684050000,151.101.109.16
2520,-1434,1649364518.684051000,151.101.109.16
2521,-426,1649364518.684051000,151.101.109.16
2522,-1434,1649364518.684052000,151.101.109.16
2523,66,1649364518.684058000,10.11.219.6
2524,66,1649364518.684069000,10.11.219.6
2525,78,1649364518.684073000,10.11.219.6
2526,66,1649364518.684076000,10.11.219.6
2527,-6906,1649364518.685074000,151.101.109.16
2528,66,1649364518.685090000,10.11.219.6
2529,-6906,1649364518.686493000,151.101.109.16
2530,-5538,1649364518.686495000,151.101.109.16
2531,66,1649364518.686518000,10.11.219.6
2532,66,1649364518.686592000,10.11.219.6
2533,-1434,1649364518.688704000,151.101.109.16
2534,-66,1649364518.688705000,151.101.109.16
2535,-6906,1649364518.688706000,151.101.109.16
2536,-66,1649364518.688707000,151.101.109.16
2537,66,1649364518.688743000,10.11.219.6
2538,-6906,1649364518.688799000,151.101.109.16
2539,66,1649364518.688818000,10.11.219.6
2540,-6906,1649364518.690767000,151.101.109.16
2541,-6906,1649364518.690774000,151.101.109.16
2542,66,1649364518.690853000,10.11.219.6
2543,66,1649364518.691487000,10.11.219.6
2544,-6906,1649364518.693647000,151.101.109.16
2545,-6906,1649364518.693653000,151.101.109.16
2546,66,1649364518.693701000,10.11.219.6
2547,-66,1649364518.693837000,151.101.109.16
2548,-66,1649364518.693838000,151.101.109.16
2549,-6906,1649364518.693842000,151.101.109.16
2550,66,1649364518.693960000,10.11.219.6
2551,-66,1649364518.694936000,151.101.109.16
2552,-2802,1649364518.694938000,151.101.109.16
2553,-6906,1649364518.694939000,151.101.109.16
2554,66,1649364518.694963000,10.11.219.6
2555,66,1649364518.695436000,10.11.219.6
2556,-6906,1649364518.699574000,151.101.109.16
2557,-6906,1649364518.699575000,151.101.109.16
2558,-2802,1649364518.699608000,151.101.109.16
2559,66,1649364518.699653000,10.11.219.6
2560,-5538,1649364518.699656000,151.101.109.16
2561,-8274,1649364518.699658000,151.101.109.16
2562,66,1649364518.699836000,10.11.219.6
2563,-8274,1649364518.701621000,151.101.109.16
2564,66,1649364518.701639000,10.11.219.6
2565,-8274,1649364518.703761000,151.101.109.16
2566,-8274,1649364518.703763000,151.101.109.16
2567,66,1649364518.703779000,10.11.219.6
2568,-2802,1649364518.703812000,151.101.109.16
2569,66,1649364518.703844000,10.11.219.6
2570,-1434,1649364518.704949000,151.101.109.16
2571,-97,1649364518.704950000,151.101.109.16
2572,-1434,1649364518.704950000,151.101.109.16
2573,78,1649364518.704979000,10.11.219.6
2574,66,1649364518.704997000,10.11.219.6
2575,-54,1649364518.712221000,52.94.176.92
2576,-54,1649364518.716554000,52.94.176.92
2577,-6079,1649364518.718190000,52.94.176.92
2578,54,1649364518.718204000,10.11.219.6
2579,-667,1649364518.724196000,18.65.110.227
2580,-97,1649364518.724198000,18.65.110.227
2581,66,1649364518.724272000,10.11.219.6
2582,66,1649364518.724341000,10.11.219.6
2583,180,1649364518.725190000,10.11.219.6
2584,-66,1649364518.737582000,52.119.166.51
2585,54,1649364518.737607000,10.11.219.6
2586,-54,1649364518.739751000,52.94.176.92
2587,571,1649364518.741497000,10.11.219.6
2588,-66,1649364518.745635000,44.236.112.249
2589,-66,1649364518.746655000,44.236.112.249
2590,-54,1649364518.748746000,52.94.176.92
2591,-235,1649364518.749888000,44.236.112.249
2592,-104,1649364518.749889000,44.236.112.249
2593,66,1649364518.749902000,10.11.219.6
2594,66,1649364518.749927000,10.11.219.6
2595,-6079,1649364518.751340000,52.94.176.92
2596,-66,1649364518.751341000,52.94.176.92
2597,54,1649364518.751357000,10.11.219.6
2598,54,1649364518.751382000,10.11.219.6
2599,180,1649364518.756778000,10.11.219.6
2600,571,1649364518.760438000,10.11.219.6
2601,-235,1649364518.770210000,44.236.112.249
2602,-104,1649364518.770211000,44.236.112.249
2603,66,1649364518.770228000,10.11.219.6
2604,66,1649364518.770250000,10.11.219.6
2605,-105,1649364518.847293000,52.94.176.92
2606,54,1649364518.847307000,10.11.219.6
2607,639,1649364518.847536000,10.11.219.6
2608,-54,1649364518.877362000,52.119.166.51
2609,-54,1649364518.879407000,52.94.176.92
2610,-54,1649364518.880455000,52.119.166.51
2611,-2774,1649364518.883089000,52.119.166.51
2612,54,1649364518.883106000,10.11.219.6
2613,-3294,1649364518.883260000,52.119.166.51
2614,54,1649364518.883268000,10.11.219.6
2615,-54,1649364518.889006000,52.94.176.92
2616,180,1649364518.889134000,10.11.219.6
2617,-2774,1649364518.891524000,52.94.176.92
2618,54,1649364518.891546000,10.11.219.6
2619,-3359,1649364518.891587000,52.94.176.92
2620,54,1649364518.891595000,10.11.219.6
2621,-105,1649364518.892177000,52.94.176.92
2622,54,1649364518.892186000,10.11.219.6
2623,180,1649364518.902505000,10.11.219.6
2624,424,1649364518.903226000,10.11.219.6
2625,484,1649364518.903391000,10.11.219.6
2626,639,1649364518.905339000,10.11.219.6
2627,74,1649364518.905569000,10.11.219.6
2628,74,1649364518.905671000,10.11.219.6
2629,74,1649364518.940983000,10.11.219.6
2630,-66,1649364518.946882000,18.65.110.227
2631,161,1649364518.949285000,10.11.219.6
2632,-66,1649364518.960806000,151.101.109.16
2633,-292,1649364518.960811000,151.101.109.16
2634,66,1649364518.960913000,10.11.219.6
2635,-8274,1649364518.962311000,151.101.109.16
2636,-175,1649364518.962313000,151.101.109.16
2637,66,1649364518.962351000,10.11.219.6
2638,66,1649364518.962376000,10.11.219.6
2639,-776,1649364518.977920000,52.94.176.92
2640,54,1649364518.977955000,10.11.219.6
2641,1414,1649364518.980853000,10.11.219.6
2642,1414,1649364518.980881000,10.11.219.6
2643,217,1649364518.981783000,10.11.219.6
2644,160,1649364518.982445000,10.11.219.6
2645,161,1649364518.992833000,10.11.219.6
2646,-66,1649364518.993865000,151.101.109.16
2647,-8274,1649364518.997864000,151.101.109.16
2648,-4170,1649364518.997865000,151.101.109.16
2649,66,1649364518.997890000,10.11.219.6
2650,66,1649364518.997913000,10.11.219.6
2651,-153,1649364518.997918000,151.101.109.16
2652,-1434,1649364518.997919000,151.101.109.16
2653,78,1649364518.997922000,10.11.219.6
2654,66,1649364518.997928000,10.11.219.6
2655,-66,1649364519.004005000,151.101.109.16
2656,-5538,1649364519.006139000,151.101.109.16
2657,66,1649364519.006169000,10.11.219.6
2658,-2802,1649364519.006235000,151.101.109.16
2659,-7812,1649364519.006237000,151.101.109.16
2660,66,1649364519.006251000,10.11.219.6
2661,66,1649364519.006262000,10.11.219.6
2662,-236,1649364519.009515000,151.101.109.16
2663,-1434,1649364519.009517000,151.101.109.16
2664,78,1649364519.009579000,10.11.219.6
2665,66,1649364519.009659000,10.11.219.6
2666,-667,1649364519.011645000,18.65.110.227
2667,-97,1649364519.011647000,18.65.110.227
2668,66,1649364519.011713000,10.11.219.6
2669,66,1649364519.011789000,10.11.219.6
2670,-105,1649364519.028573000,52.119.166.51
2671,-66,1649364519.028574000,52.94.176.92
2672,54,1649364519.028601000,10.11.219.6
2673,54,1649364519.028627000,10.11.219.6
2674,585,1649364519.028895000,10.11.219.6
2675,571,1649364519.031570000,10.11.219.6
2676,-105,1649364519.032847000,52.94.176.92
2677,54,1649364519.032860000,10.11.219.6
2678,1414,1649364519.033251000,10.11.219.6
2679,1414,1649364519.033259000,10.11.219.6
2680,1414,1649364519.033267000,10.11.219.6
2681,1414,1649364519.033272000,10.11.219.6
2682,74,1649364519.033792000,10.11.219.6
2683,160,1649364519.033972000,10.11.219.6
2684,1414,1649364519.034012000,10.11.219.6
2685,1414,1649364519.034017000,10.11.219.6
2686,1414,1649364519.034025000,10.11.219.6
2687,615,1649364519.034028000,10.11.219.6
2688,-66,1649364519.034231000,52.94.176.92
2689,54,1649364519.034254000,10.11.219.6
2690,571,1649364519.037871000,10.11.219.6
2691,74,1649364519.038298000,10.11.219.6
2692,-235,1649364519.038445000,44.236.112.249
2693,-104,1649364519.038445000,44.236.112.249
2694,66,1649364519.038461000,10.11.219.6
2695,66,1649364519.038470000,10.11.219.6
2696,-66,1649364519.045744000,151.101.109.16
2697,-8274,1649364519.049547000,151.101.109.16
2698,-5538,1649364519.049549000,151.101.109.16
2699,-1051,1649364519.049577000,151.101.109.16
2700,-1434,1649364519.049578000,151.101.109.16
2701,78,1649364519.049597000,10.11.219.6
2702,66,1649364519.049634000,10.11.219.6
2703,-1434,1649364519.049755000,151.101.109.16
2704,-117,1649364519.049756000,151.101.109.16
2705,-1434,1649364519.049756000,151.101.109.16
2706,78,1649364519.049767000,10.11.219.6
2707,66,1649364519.049781000,10.11.219.6
2708,-776,1649364519.051108000,52.94.176.92
2709,54,1649364519.051133000,10.11.219.6
2710,1200,1649364519.052466000,10.11.219.6
2711,159,1649364519.061302000,10.11.219.6
2712,-66,1649364519.062838000,52.119.175.30
2713,54,1649364519.062859000,10.11.219.6
2714,571,1649364519.066166000,10.11.219.6
2715,-66,1649364519.072465000,151.101.109.16
2716,-2802,1649364519.074634000,151.101.109.16
2717,66,1649364519.075635000,10.11.219.6
2718,-5538,1649364519.079351000,151.101.109.16
2719,-5538,1649364519.079354000,151.101.109.16
2720,-999,1649364519.079520000,151.101.109.16
2721,-1434,1649364519.079521000,151.101.109.16
2722,-8274,1649364519.079525000,151.101.109.16
2723,78,1649364519.079554000,10.11.219.6
2724,66,1649364519.079591000,10.11.219.6
2725,-8274,1649364519.079630000,151.101.109.16
2726,-1244,1649364519.079630000,151.101.109.16
2727,-1434,1649364519.079631000,151.101.109.16
2728,78,1649364519.079638000,10.11.219.6
2729,66,1649364519.079644000,10.11.219.6
2730,160,1649364519.082016000,10.11.219.6
2731,-66,1649364519.092826000,151.101.109.16
2732,160,1649364519.093879000,10.11.219.6
2733,-2802,1649364519.096029000,151.101.109.16
2734,66,1649364519.096087000,10.11.219.6
2735,-4170,1649364519.097395000,151.101.109.16
2736,-6906,1649364519.097401000,151.101.109.16
2737,-4134,1649364519.097420000,151.101.109.16
2738,66,1649364519.097442000,10.11.219.6
2739,-54,1649364519.103495000,52.94.176.92
2740,-66,1649364519.104543000,151.101.109.16
2741,-2802,1649364519.106418000,151.101.109.16
2742,66,1649364519.106439000,10.11.219.6
2743,-4170,1649364519.106490000,151.101.109.16
2744,66,1649364519.106542000,10.11.219.6
2745,-6906,1649364519.108730000,151.101.109.16
2746,-1434,1649364519.108731000,151.101.109.16
2747,-904,1649364519.108731000,151.101.109.16
2748,-1434,1649364519.108732000,151.101.109.16
2749,66,1649364519.108750000,10.11.219.6
2750,78,1649364519.108777000,10.11.219.6
2751,66,1649364519.108784000,10.11.219.6
2752,-659,1649364519.114778000,52.94.176.92
2753,-106,1649364519.114779000,52.94.176.92
2754,54,1649364519.114997000,10.11.219.6
2755,160,1649364519.135214000,10.11.219.6
2756,160,1649364519.135679000,10.11.219.6
2757,-66,1649364519.146547000,151.101.109.16
2758,-66,1649364519.146548000,151.101.109.16
2759,-2802,1649364519.148877000,151.101.109.16
2760,66,1649364519.148948000,10.11.219.6
2761,-5538,1649364519.148978000,151.101.109.16
2762,-8274,1649364519.148980000,151.101.109.16
2763,66,1649364519.149019000,10.11.219.6
2764,-8274,1649364519.153789000,151.101.109.16
2765,-8274,1649364519.153791000,151.101.109.16
2766,66,1649364519.153815000,10.11.219.6
2767,-6723,1649364519.153846000,151.101.109.16
2768,-54,1649364519.153847000,52.94.176.92
2769,66,1649364519.153855000,10.11.219.6
2770,66,1649364519.153971000,10.11.219.6
2771,160,1649364519.154212000,10.11.219.6
2772,-54,1649364519.154711000,52.94.176.92
2773,-2774,1649364519.158166000,52.94.176.92
2774,54,1649364519.158185000,10.11.219.6
2775,-3359,1649364519.160154000,52.94.176.92
2776,54,1649364519.160177000,10.11.219.6
2777,-54,1649364519.162106000,52.94.176.92
2778,-54,1649364519.162107000,52.94.176.92
2779,-54,1649364519.163184000,52.94.176.92
2780,-54,1649364519.163185000,52.94.176.92
2781,-54,1649364519.163185000,52.94.176.92
2782,180,1649364519.165106000,10.11.219.6
2783,-66,1649364519.165298000,151.101.109.16
2784,-54,1649364519.166362000,52.94.176.92
2785,159,1649364519.167434000,10.11.219.6
2786,-6906,1649364519.171938000,151.101.109.16
2787,-6906,1649364519.171941000,151.101.109.16
2788,66,1649364519.171983000,10.11.219.6
2789,-6079,1649364519.171994000,52.94.176.92
2790,-6906,1649364519.171996000,151.101.109.16
2791,54,1649364519.172018000,10.11.219.6
2792,66,1649364519.172034000,10.11.219.6
2793,-77,1649364519.172043000,151.101.109.16
2794,-1434,1649364519.172043000,151.101.109.16
2795,78,1649364519.172053000,10.11.219.6
2796,66,1649364519.172060000,10.11.219.6
2797,-439,1649364519.174576000,52.119.166.51
2798,-66,1649364519.174577000,52.94.176.92
2799,54,1649364519.174609000,10.11.219.6
2800,54,1649364519.174660000,10.11.219.6
2801,-681,1649364519.177699000,52.94.176.92
2802,54,1649364519.177715000,10.11.219.6
2803,180,1649364519.178670000,10.11.219.6
2804,-66,1649364519.178728000,151.101.109.16
2805,-6906,1649364519.181020000,151.101.109.16
2806,-6651,1649364519.181022000,151.101.109.16
2807,66,1649364519.181051000,10.11.219.6
2808,571,1649364519.182744000,10.11.219.6
2809,66,1649364519.183476000,10.11.219.6
2810,-54,1649364519.185270000,52.119.175.30
2811,-54,1649364519.189128000,52.119.175.30
2812,160,1649364519.189613000,10.11.219.6
2813,-5950,1649364519.191089000,52.119.175.30
2814,54,1649364519.191110000,10.11.219.6
2815,180,1649364519.195777000,10.11.219.6
2816,159,1649364519.196050000,10.11.219.6
2817,-659,1649364519.197039000,52.94.176.92
2818,-106,1649364519.197039000,52.94.176.92
2819,54,1649364519.197191000,10.11.219.6
2820,-66,1649364519.201645000,151.101.109.16
2821,-5538,1649364519.201647000,151.101.109.16
2822,66,1649364519.201688000,10.11.219.6
2823,-1434,1649364519.202382000,151.101.109.16
2824,-6906,1649364519.202383000,151.101.109.16
2825,66,1649364519.202395000,10.11.219.6
2826,-6906,1649364519.204881000,151.101.109.16
2827,-4414,1649364519.204883000,151.101.109.16
2828,66,1649364519.204931000,10.11.219.6
2829,-66,1649364519.206655000,151.101.109.16
2830,-6906,1649364519.209547000,151.101.109.16
2831,-6732,1649364519.209549000,151.101.109.16
2832,66,1649364519.209568000,10.11.219.6
2833,-66,1649364519.209588000,52.94.234.174
2834,66,1649364519.209592000,10.11.219.6
2835,54,1649364519.209603000,10.11.219.6
2836,571,1649364519.212919000,10.11.219.6
2837,160,1649364519.221028000,10.11.219.6
2838,160,1649364519.221334000,10.11.219.6
2839,-66,1649364519.232342000,151.101.109.16
2840,-66,1649364519.232343000,151.101.109.16
2841,-5538,1649364519.234439000,151.101.109.16
2842,66,1649364519.234482000,10.11.219.6
2843,-381,1649364519.234528000,151.101.109.16
2844,-1434,1649364519.234530000,151.101.109.16
2845,-8274,1649364519.234533000,151.101.109.16
2846,78,1649364519.234548000,10.11.219.6
2847,66,1649364519.234569000,10.11.219.6
2848,66,1649364519.234583000,10.11.219.6
2849,-5266,1649364519.236907000,151.101.109.16
2850,66,1649364519.236921000,10.11.219.6
2851,160,1649364519.253001000,10.11.219.6
2852,160,1649364519.255749000,10.11.219.6
2853,-66,1649364519.266429000,151.101.109.16
2854,-8274,1649364519.266431000,151.101.109.16
2855,-4170,1649364519.266432000,151.101.109.16
2856,-151,1649364519.266450000,151.101.109.16
2857,78,1649364519.266458000,10.11.219.6
2858,-1434,1649364519.266809000,151.101.109.16
2859,-66,1649364519.266810000,151.101.109.16
2860,66,1649364519.266816000,10.11.219.6
2861,-8274,1649364519.268545000,151.101.109.16
2862,-6380,1649364519.268553000,151.101.109.16
2863,66,1649364519.268601000,10.11.219.6
2864,160,1649364519.272349000,10.11.219.6
2865,-66,1649364519.283220000,151.101.109.16
2866,-8274,1649364519.287915000,151.101.109.16
2867,-5538,1649364519.287917000,151.101.109.16
2868,-972,1649364519.287934000,151.101.109.16
2869,-1434,1649364519.287934000,151.101.109.16
2870,78,1649364519.287945000,10.11.219.6
2871,66,1649364519.287969000,10.11.219.6
2872,-8274,1649364519.288032000,151.101.109.16
2873,-8274,1649364519.288034000,151.101.109.16
2874,66,1649364519.288044000,10.11.219.6
2875,66,1649364519.288192000,10.11.219.6
2876,-1084,1649364519.288994000,151.101.109.16
2877,-105,1649364519.288995000,52.94.176.92
2878,54,1649364519.289017000,10.11.219.6
2879,-105,1649364519.307091000,52.94.176.92
2880,54,1649364519.307119000,10.11.219.6
2881,-54,1649364519.314681000,52.94.176.92
2882,-105,1649364519.317743000,52.119.175.30
2883,54,1649364519.317754000,10.11.219.6
2884,795,1649364519.317963000,10.11.219.6
2885,-54,1649364519.323101000,52.94.176.92
2886,66,1649364519.329440000,10.11.219.6
2887,-6079,1649364519.329823000,52.94.176.92
2888,54,1649364519.329843000,10.11.219.6
2889,180,1649364519.333726000,10.11.219.6
2890,-54,1649364519.380323000,52.94.234.174
2891,-54,1649364519.383440000,52.94.234.174
2892,-54,1649364519.383441000,52.94.234.174
2893,-150,1649364519.385857000,52.94.234.174
2894,-5022,1649364519.385858000,52.94.234.174
2895,-392,1649364519.385858000,52.94.234.174
2896,-63,1649364519.385858000,52.94.234.174
2897,54,1649364519.385868000,10.11.219.6
2898,54,1649364519.385891000,10.11.219.6
2899,54,1649364519.385900000,10.11.219.6
2900,204,1649364519.388999000,10.11.219.6
2901,-63,1649364519.409909000,52.94.234.174
2902,66,1649364519.409917000,10.11.219.6
2903,-105,1649364519.473382000,52.94.176.92
2904,54,1649364519.473501000,10.11.219.6
2905,1414,1649364519.474421000,10.11.219.6
2906,1414,1649364519.474460000,10.11.219.6
2907,652,1649364519.474963000,10.11.219.6
2908,-54,1649364519.484109000,52.119.175.30
2909,-1098,1649364519.510937000,52.119.175.30
2910,54,1649364519.510963000,10.11.219.6
2911,842,1649364519.515804000,10.11.219.6
2912,-54,1649364519.561047000,52.94.234.174
2913,-60,1649364519.561047000,52.94.234.174
2914,-123,1649364519.561048000,52.94.234.174
2915,54,1649364519.561068000,10.11.219.6
2916,54,1649364519.561096000,10.11.219.6
2917,507,1649364519.561444000,10.11.219.6
2918,-54,1649364519.614661000,52.94.176.92
2919,-681,1649364519.628569000,52.94.176.92
2920,54,1649364519.628620000,10.11.219.6
2921,-54,1649364519.638309000,52.119.175.30
2922,-1950,1649364519.731765000,52.119.175.30
2923,54,1649364519.731885000,10.11.219.6
2924,-283,1649364519.732630000,52.94.234.174
2925,54,1649364519.732667000,10.11.219.6
2926,226,1649364519.751343000,10.11.219.6
2927,1434,1649364519.751400000,10.11.219.6
2928,227,1649364519.751410000,10.11.219.6
2929,1434,1649364519.751524000,10.11.219.6
2930,1434,1649364519.751543000,10.11.219.6
2931,1434,1649364519.751975000,10.11.219.6
2932,1434,1649364519.751983000,10.11.219.6
2933,1434,1649364519.751993000,10.11.219.6
2934,1434,1649364519.751996000,10.11.219.6
2935,1434,1649364519.752830000,10.11.219.6
2936,74,1649364519.763016000,10.11.219.6
2937,74,1649364519.772019000,10.11.219.6
2938,-66,1649364519.884449000,44.236.112.249
2939,-108,1649364519.884450000,44.236.112.249
2940,-66,1649364519.884451000,44.236.112.249
2941,1434,1649364519.884476000,10.11.219.6
2942,1434,1649364519.884489000,10.11.219.6
2943,1434,1649364519.884496000,10.11.219.6
2944,1434,1649364519.884499000,10.11.219.6
2945,66,1649364519.884516000,10.11.219.6
2946,1434,1649364519.885124000,10.11.219.6
2947,1434,1649364519.885136000,10.11.219.6
2948,1434,1649364519.885143000,10.11.219.6
2949,1434,1649364519.885145000,10.11.219.6
2950,1434,1649364519.886047000,10.11.219.6
2951,1434,1649364519.886058000,10.11.219.6
2952,1434,1649364519.886573000,10.11.219.6
2953,-66,1649364519.886821000,44.236.112.249
2954,-66,1649364519.886822000,44.236.112.249
2955,1434,1649364519.886847000,10.11.219.6
2956,1434,1649364519.886860000,10.11.219.6
2957,1434,1649364519.886868000,10.11.219.6
2958,1434,1649364519.886870000,10.11.219.6
2959,1434,1649364519.887661000,10.11.219.6
2960,1434,1649364519.887668000,10.11.219.6
2961,1434,1649364519.887675000,10.11.219.6
2962,1434,1649364519.887677000,10.11.219.6
2963,1434,1649364519.888215000,10.11.219.6
2964,-74,1649364519.891800000,54.203.238.121
2965,66,1649364519.891826000,10.11.219.6
2966,583,1649364519.895694000,10.11.219.6
2967,-66,1649364519.945317000,209.54.177.54
2968,54,1649364519.945348000,10.11.219.6
2969,571,1649364519.947552000,10.11.219.6
2970,-66,1649364520.017059000,44.236.112.249
2971,-66,1649364520.017061000,44.236.112.249
2972,1434,1649364520.017112000,10.11.219.6
2973,1434,1649364520.017138000,10.11.219.6
2974,1434,1649364520.017154000,10.11.219.6
2975,1434,1649364520.017159000,10.11.219.6
2976,1434,1649364520.018004000,10.11.219.6
2977,1434,1649364520.018026000,10.11.219.6
2978,1434,1649364520.018049000,10.11.219.6
2979,1434,1649364520.018054000,10.11.219.6
2980,-66,1649364520.018095000,44.236.112.249
2981,-66,1649364520.018097000,44.236.112.249
2982,-108,1649364520.018097000,44.236.112.249
2983,66,1649364520.018310000,10.11.219.6
2984,1434,1649364520.018755000,10.11.219.6
2985,1434,1649364520.018774000,10.11.219.6
2986,-66,1649364520.019292000,44.236.112.249
2987,293,1649364520.019838000,10.11.219.6
2988,-66,1649364520.020317000,44.236.112.249
2989,-66,1649364520.020320000,44.236.112.249
2990,-66,1649364520.020320000,44.236.112.249
2991,-66,1649364520.020321000,44.236.112.249
2992,-108,1649364520.020322000,44.236.112.249
2993,66,1649364520.020544000,10.11.219.6
2994,-66,1649364520.024513000,54.203.238.121
2995,-1434,1649364520.030097000,54.203.238.121
2996,-82,1649364520.030099000,54.203.238.121
2997,-4170,1649364520.030100000,54.203.238.121
2998,66,1649364520.030123000,10.11.219.6
2999,78,1649364520.030165000,10.11.219.6
3000,66,1649364520.030197000,10.11.219.6
3001,192,1649364520.040018000,10.11.219.6
3002,-66,1649364520.061964000,44.236.112.249
3003,-54,1649364520.118543000,209.54.177.54
3004,-54,1649364520.120697000,209.54.177.54
3005,462,1649364520.121564000,10.11.219.6
3006,200,1649364520.123621000,10.11.219.6
3007,219,1649364520.124447000,10.11.219.6
3008,196,1649364520.124785000,10.11.219.6
3009,-6001,1649364520.126018000,209.54.177.54
3010,54,1649364520.126031000,10.11.219.6
3011,180,1649364520.129107000,10.11.219.6
3012,1226,1649364520.129269000,10.11.219.6
3013,-66,1649364520.132431000,151.101.109.16
3014,-66,1649364520.135682000,151.101.109.16
3015,-66,1649364520.135683000,151.101.109.16
3016,-66,1649364520.135683000,151.101.109.16
3017,-5538,1649364520.143496000,151.101.109.16
3018,66,1649364520.143511000,10.11.219.6
3019,-2802,1649364520.143834000,151.101.109.16
3020,-5538,1649364520.143836000,151.101.109.16
3021,66,1649364520.143845000,10.11.219.6
3022,66,1649364520.143855000,10.11.219.6
3023,-957,1649364520.144969000,151.101.109.16
3024,-1434,1649364520.144970000,151.101.109.16
3025,-8274,1649364520.144972000,151.101.109.16
3026,78,1649364520.144982000,10.11.219.6
3027,66,1649364520.144994000,10.11.219.6
3028,66,1649364520.144999000,10.11.219.6
3029,-8274,1649364520.145018000,151.101.109.16
3030,-4170,1649364520.145020000,151.101.109.16
3031,66,1649364520.145024000,10.11.219.6
3032,66,1649364520.145030000,10.11.219.6
3033,-4170,1649364520.147233000,151.101.109.16
3034,-8274,1649364520.147237000,151.101.109.16
3035,66,1649364520.147260000,10.11.219.6
3036,66,1649364520.147291000,10.11.219.6
3037,-8274,1649364520.147339000,151.101.109.16
3038,-6906,1649364520.147341000,151.101.109.16
3039,66,1649364520.147348000,10.11.219.6
3040,66,1649364520.147360000,10.11.219.6
3041,-1434,1649364520.147375000,151.101.109.16
3042,66,1649364520.147380000,10.11.219.6
3043,-2802,1649364520.148591000,151.101.109.16
3044,66,1649364520.148607000,10.11.219.6
3045,-5538,1649364520.151917000,151.101.109.16
3046,-8274,1649364520.151918000,151.101.109.16
3047,66,1649364520.151934000,10.11.219.6
3048,-2802,1649364520.151955000,151.101.109.16
3049,66,1649364520.151957000,10.11.219.6
3050,66,1649364520.151976000,10.11.219.6
3051,-5538,1649364520.151981000,151.101.109.16
3052,-66,1649364520.151981000,44.236.112.249
3053,-66,1649364520.151981000,44.236.112.249
3054,-66,1649364520.151981000,44.236.112.249
3055,-66,1649364520.151982000,44.236.112.249
3056,-66,1649364520.152006000,44.236.112.249
3057,-66,1649364520.152006000,44.236.112.249
3058,-66,1649364520.152007000,44.236.112.249
3059,-108,1649364520.152007000,44.236.112.249
3060,66,1649364520.152020000,10.11.219.6
3061,66,1649364520.152071000,10.11.219.6
3062,174,1649364520.155695000,10.11.219.6
3063,-8274,1649364520.156427000,151.101.109.16
3064,-6906,1649364520.156429000,151.101.109.16
3065,66,1649364520.156470000,10.11.219.6
3066,169,1649364520.156663000,10.11.219.6
3067,-2802,1649364520.157567000,151.101.109.16
3068,66,1649364520.157597000,10.11.219.6
3069,-4170,1649364520.159239000,151.101.109.16
3070,-6906,1649364520.159242000,151.101.109.16
3071,-260,1649364520.159272000,44.236.112.249
3072,-6906,1649364520.159274000,151.101.109.16
3073,66,1649364520.159279000,10.11.219.6
3074,66,1649364520.159384000,10.11.219.6
3075,66,1649364520.159397000,10.11.219.6
3076,-2802,1649364520.160928000,151.101.109.16
3077,66,1649364520.160947000,10.11.219.6
3078,-4170,1649364520.162272000,151.101.109.16
3079,-6906,1649364520.162274000,151.101.109.16
3080,66,1649364520.162305000,10.11.219.6
3081,-6906,1649364520.162309000,151.101.109.16
3082,66,1649364520.162470000,10.11.219.6
3083,-2802,1649364520.164820000,151.101.109.16
3084,66,1649364520.164831000,10.11.219.6
3085,-4170,1649364520.164938000,151.101.109.16
3086,-6906,1649364520.164939000,151.101.109.16
3087,-6906,1649364520.164957000,151.101.109.16
3088,66,1649364520.164961000,10.11.219.6
3089,66,1649364520.165011000,10.11.219.6
3090,178,1649364520.168433000,10.11.219.6
3091,-2802,1649364520.168536000,151.101.109.16
3092,-2802,1649364520.168537000,151.101.109.16
3093,181,1649364520.168594000,10.11.219.6
3094,-4170,1649364520.169381000,151.101.109.16
3095,-6906,1649364520.169382000,151.101.109.16
3096,66,1649364520.169394000,10.11.219.6
3097,66,1649364520.169423000,10.11.219.6
3098,-6906,1649364520.169444000,151.101.109.16
3099,-66,1649364520.169444000,151.101.109.16
3100,-6906,1649364520.169446000,151.101.109.16
3101,66,1649364520.169463000,10.11.219.6
3102,-2802,1649364520.169464000,151.101.109.16
3103,66,1649364520.169493000,10.11.219.6
3104,-2802,1649364520.171358000,151.101.109.16
3105,66,1649364520.171372000,10.11.219.6
3106,-1434,1649364520.171472000,151.101.109.16
3107,-372,1649364520.171473000,54.203.238.121
3108,-135,1649364520.171473000,54.203.238.121
3109,-66,1649364520.171474000,151.101.109.16
3110,-6906,1649364520.171475000,151.101.109.16
3111,66,1649364520.171487000,10.11.219.6
3112,66,1649364520.171492000,10.11.219.6
3113,-6906,1649364520.171506000,151.101.109.16
3114,66,1649364520.171530000,10.11.219.6
3115,243,1649364520.172261000,10.11.219.6
3116,376,1649364520.172280000,10.11.219.6
3117,185,1649364520.172741000,10.11.219.6
3118,-8274,1649364520.172875000,151.101.109.16
3119,66,1649364520.172905000,10.11.219.6
3120,104,1649364520.173204000,10.11.219.6
3121,-8274,1649364520.176478000,151.101.109.16
3122,-8274,1649364520.176480000,151.101.109.16
3123,-8274,1649364520.176520000,151.101.109.16
3124,66,1649364520.176525000,10.11.219.6
3125,66,1649364520.176590000,10.11.219.6
3126,-2802,1649364520.180780000,151.101.109.16
3127,66,1649364520.180792000,10.11.219.6
3128,-5538,1649364520.180851000,151.101.109.16
3129,-8274,1649364520.180852000,151.101.109.16
3130,66,1649364520.180873000,10.11.219.6
3131,-2802,1649364520.183333000,151.101.109.16
3132,66,1649364520.183343000,10.11.219.6
3133,-1434,1649364520.183466000,151.101.109.16
3134,-66,1649364520.183466000,151.101.109.16
3135,-8274,1649364520.183468000,151.101.109.16
3136,66,1649364520.183483000,10.11.219.6
3137,-8274,1649364520.183487000,151.101.109.16
3138,66,1649364520.183490000,10.11.219.6
3139,-8274,1649364520.185567000,151.101.109.16
3140,-2802,1649364520.185568000,151.101.109.16
3141,66,1649364520.185576000,10.11.219.6
3142,66,1649364520.185588000,10.11.219.6
3143,-8274,1649364520.185593000,151.101.109.16
3144,66,1649364520.185596000,10.11.219.6
3145,-8274,1649364520.187542000,151.101.109.16
3146,-8274,1649364520.187544000,151.101.109.16
3147,66,1649364520.187553000,10.11.219.6
3148,-66,1649364520.187571000,151.101.109.16
3149,-4170,1649364520.187572000,151.101.109.16
3150,66,1649364520.187573000,10.11.219.6
3151,66,1649364520.187638000,10.11.219.6
3152,-4170,1649364520.189861000,151.101.109.16
3153,-8274,1649364520.189867000,151.101.109.16
3154,66,1649364520.189875000,10.11.219.6
3155,-4170,1649364520.189893000,151.101.109.16
3156,66,1649364520.189897000,10.11.219.6
3157,-4170,1649364520.189918000,151.101.109.16
3158,66,1649364520.189946000,10.11.219.6
3159,-8274,1649364520.191254000,151.101.109.16
3160,66,1649364520.191260000,10.11.219.6
3161,-5538,1649364520.192509000,151.101.109.16
3162,-5538,1649364520.192510000,151.101.109.16
3163,66,1649364520.192517000,10.11.219.6
3164,66,1649364520.192529000,10.11.219.6
3165,-4170,1649364520.193332000,151.101.109.16
3166,66,1649364520.193349000,10.11.219.6
3167,-5538,1649364520.194341000,151.101.109.16
3168,66,1649364520.194358000,10.11.219.6
3169,-1434,1649364520.196991000,151.101.109.16
3170,-8274,1649364520.196992000,151.101.109.16
3171,-8274,1649364520.196994000,151.101.109.16
3172,66,1649364520.197004000,10.11.219.6
3173,-5538,1649364520.199432000,151.101.109.16
3174,66,1649364520.199448000,10.11.219.6
3175,-2802,1649364520.200742000,151.101.109.16
3176,-8274,1649364520.200744000,151.101.109.16
3177,66,1649364520.200760000,10.11.219.6
3178,66,1649364520.200788000,10.11.219.6
3179,-8274,1649364520.200800000,151.101.109.16
3180,-4170,1649364520.200800000,151.101.109.16
3181,66,1649364520.200985000,10.11.219.6
3182,191,1649364520.202271000,10.11.219.6
3183,-4170,1649364520.202720000,151.101.109.16
3184,-9642,1649364520.202722000,151.101.109.16
3185,66,1649364520.202744000,10.11.219.6
3186,-4170,1649364520.202745000,151.101.109.16
3187,66,1649364520.203005000,10.11.219.6
3188,-5538,1649364520.204655000,151.101.109.16
3189,-2802,1649364520.204657000,151.101.109.16
3190,66,1649364520.204677000,10.11.219.6
3191,66,1649364520.204725000,10.11.219.6
3192,-6906,1649364520.204773000,151.101.109.16
3193,-9642,1649364520.204775000,151.101.109.16
3194,66,1649364520.204779000,10.11.219.6
3195,66,1649364520.204788000,10.11.219.6
3196,-9642,1649364520.206606000,151.101.109.16
3197,-8274,1649364520.206608000,151.101.109.16
3198,66,1649364520.206628000,10.11.219.6
3199,66,1649364520.206697000,10.11.219.6
3200,-1434,1649364520.206916000,151.101.109.16
3201,182,1649364520.208495000,10.11.219.6
3202,178,1649364520.209882000,10.11.219.6
3203,1007,1649364520.210137000,10.11.219.6
3204,-6906,1649364520.212888000,151.101.109.16
3205,-9642,1649364520.212890000,151.101.109.16
3206,-2802,1649364520.212904000,151.101.109.16
3207,66,1649364520.212912000,10.11.219.6
3208,-6906,1649364520.215611000,151.101.109.16
3209,-9642,1649364520.215613000,151.101.109.16
3210,66,1649364520.215621000,10.11.219.6
3211,66,1649364520.215637000,10.11.219.6
3212,-9642,1649364520.215648000,151.101.109.16
3213,-5538,1649364520.215648000,151.101.109.16
3214,66,1649364520.215684000,10.11.219.6
3215,-4170,1649364520.217775000,151.101.109.16
3216,-66,1649364520.217775000,151.101.109.16
3217,-9408,1649364520.217776000,151.101.109.16
3218,66,1649364520.217784000,10.11.219.6
3219,66,1649364520.217805000,10.11.219.6
3220,-66,1649364520.220451000,151.101.109.16
3221,739,1649364520.222271000,10.11.219.6
3222,-66,1649364520.226445000,151.101.109.16
3223,-66,1649364520.226446000,151.101.109.16
3224,-66,1649364520.234134000,151.101.109.16
3225,-1075,1649364520.237457000,151.101.109.16
3226,-6906,1649364520.237458000,151.101.109.16
3227,-313,1649364520.237458000,151.101.109.16
3228,-1434,1649364520.237459000,151.101.109.16
3229,78,1649364520.237469000,10.11.219.6
3230,-2802,1649364520.237479000,151.101.109.16
3231,66,1649364520.237483000,10.11.219.6
3232,66,1649364520.237492000,10.11.219.6
3233,-6906,1649364520.237669000,151.101.109.16
3234,66,1649364520.237734000,10.11.219.6
3235,-4170,1649364520.239952000,151.101.109.16
3236,-916,1649364520.239953000,151.101.109.16
3237,-1434,1649364520.239953000,151.101.109.16
3238,-4170,1649364520.239959000,151.101.109.16
3239,66,1649364520.239978000,10.11.219.6
3240,78,1649364520.240012000,10.11.219.6
3241,66,1649364520.240025000,10.11.219.6
3242,66,1649364520.240033000,10.11.219.6
3243,-5538,1649364520.240036000,151.101.109.16
3244,-9642,1649364520.240038000,151.101.109.16
3245,66,1649364520.240193000,10.11.219.6
3246,-8274,1649364520.241707000,151.101.109.16
3247,66,1649364520.241718000,10.11.219.6
3248,-1434,1649364520.243086000,151.101.109.16
3249,-6906,1649364520.243088000,151.101.109.16
3250,66,1649364520.243102000,10.11.219.6
3251,-2802,1649364520.247388000,151.101.109.16
3252,66,1649364520.247405000,10.11.219.6
3253,-9642,1649364520.247890000,151.101.109.16
3254,-9642,1649364520.247892000,151.101.109.16
3255,66,1649364520.247912000,10.11.219.6
3256,66,1649364520.247929000,10.11.219.6
3257,-9642,1649364520.247937000,151.101.109.16
3258,-9642,1649364520.247939000,151.101.109.16
3259,-1434,1649364520.247947000,151.101.109.16
3260,66,1649364520.248142000,10.11.219.6
3261,684,1649364520.248351000,10.11.219.6
3262,-8274,1649364520.250127000,151.101.109.16
3263,66,1649364520.250164000,10.11.219.6
3264,-6906,1649364520.250237000,151.101.109.16
3265,-9642,1649364520.250239000,151.101.109.16
3266,66,1649364520.250248000,10.11.219.6
3267,66,1649364520.250264000,10.11.219.6
3268,294,1649364520.250449000,10.11.219.6
3269,-2802,1649364520.252860000,151.101.109.16
3270,66,1649364520.252885000,10.11.219.6
3271,-6906,1649364520.253095000,151.101.109.16
3272,-9642,1649364520.253096000,151.101.109.16
3273,-9642,1649364520.253113000,151.101.109.16
3274,66,1649364520.253121000,10.11.219.6
3275,-9642,1649364520.255719000,151.101.109.16
3276,-1434,1649364520.255719000,151.101.109.16
3277,66,1649364520.255733000,10.11.219.6
3278,185,1649364520.257881000,10.11.219.6
3279,950,1649364520.259252000,10.11.219.6
3280,-8274,1649364520.259389000,151.101.109.16
3281,-6906,1649364520.259391000,151.101.109.16
3282,66,1649364520.259412000,10.11.219.6
3283,-6906,1649364520.259413000,151.101.109.16
3284,66,1649364520.259445000,10.11.219.6
3285,-8274,1649364520.263468000,151.101.109.16
3286,66,1649364520.263475000,10.11.219.6
3287,-1434,1649364520.263958000,151.101.109.16
3288,-9642,1649364520.263960000,151.101.109.16
3289,66,1649364520.263975000,10.11.219.6
3290,-9642,1649364520.263987000,151.101.109.16
3291,-6906,1649364520.263988000,151.101.109.16
3292,66,1649364520.264023000,10.11.219.6
3293,-2802,1649364520.265907000,151.101.109.16
3294,-66,1649364520.265907000,151.101.109.16
3295,-9642,1649364520.265909000,151.101.109.16
3296,66,1649364520.265916000,10.11.219.6
3297,-66,1649364520.265931000,151.101.109.16
3298,-9642,1649364520.265933000,151.101.109.16
3299,66,1649364520.265935000,10.11.219.6
3300,66,1649364520.265944000,10.11.219.6
3301,-9642,1649364520.267703000,151.101.109.16
3302,-8274,1649364520.267705000,151.101.109.16
3303,66,1649364520.267711000,10.11.219.6
3304,66,1649364520.267723000,10.11.219.6
3305,-1434,1649364520.268305000,151.101.109.16
3306,-314,1649364520.268305000,151.101.109.16
3307,66,1649364520.268312000,10.11.219.6
3308,-66,1649364520.270116000,151.101.109.16
3309,-66,1649364520.271026000,151.101.109.16
3310,-9642,1649364520.278721000,151.101.109.16
3311,-9225,1649364520.278723000,151.101.109.16
3312,66,1649364520.278781000,10.11.219.6
3313,-2802,1649364520.278800000,151.101.109.16
3314,66,1649364520.279162000,10.11.219.6
3315,-5538,1649364520.280601000,151.101.109.16
3316,66,1649364520.280616000,10.11.219.6
3317,-1434,1649364520.280839000,151.101.109.16
3318,-9642,1649364520.280841000,151.101.109.16
3319,66,1649364520.280863000,10.11.219.6
3320,-9642,1649364520.280873000,151.101.109.16
3321,-9642,1649364520.280877000,151.101.109.16
3322,-4170,1649364520.280893000,151.101.109.16
3323,66,1649364520.281255000,10.11.219.6
3324,-5538,1649364520.283025000,151.101.109.16
3325,-9642,1649364520.283028000,151.101.109.16
3326,66,1649364520.283045000,10.11.219.6
3327,-1434,1649364520.283067000,151.101.109.16
3328,66,1649364520.283078000,10.11.219.6
3329,-407,1649364520.283099000,151.101.109.16
3330,-1434,1649364520.283099000,151.101.109.16
3331,78,1649364520.283108000,10.11.219.6
3332,66,1649364520.283116000,10.11.219.6
3333,180,1649364520.287208000,10.11.219.6
3334,571,1649364520.289372000,10.11.219.6
3335,188,1649364520.290791000,10.11.219.6
3336,455,1649364520.291996000,10.11.219.6
3337,172,1649364520.292933000,10.11.219.6
3338,-66,1649364520.297802000,151.101.109.16
3339,-5538,1649364520.299656000,151.101.109.16
3340,66,1649364520.299669000,10.11.219.6
3341,-4170,1649364520.299750000,151.101.109.16
3342,-5385,1649364520.299751000,151.101.109.16
3343,66,1649364520.299758000,10.11.219.6
3344,66,1649364520.299775000,10.11.219.6
3345,-66,1649364520.300188000,151.101.109.16
3346,836,1649364520.302746000,10.11.219.6
3347,-5538,1649364520.305566000,151.101.109.16
3348,66,1649364520.305597000,10.11.219.6
3349,-4170,1649364520.305826000,151.101.109.16
3350,-4170,1649364520.305827000,151.101.109.16
3351,-911,1649364520.305828000,151.101.109.16
3352,-66,1649364520.305828000,54.203.238.121
3353,66,1649364520.305837000,10.11.219.6
3354,78,1649364520.305852000,10.11.219.6
3355,-104,1649364520.305864000,54.203.238.121
3356,-1434,1649364520.305864000,151.101.109.16
3357,-105,1649364520.305865000,209.54.177.54
3358,-9642,1649364520.305866000,151.101.109.16
3359,66,1649364520.305871000,10.11.219.6
3360,66,1649364520.305879000,10.11.219.6
3361,54,1649364520.305886000,10.11.219.6
3362,66,1649364520.305905000,10.11.219.6
3363,-233,1649364520.305907000,54.203.238.121
3364,-9642,1649364520.305909000,151.101.109.16
3365,66,1649364520.305914000,10.11.219.6
3366,-66,1649364520.305920000,151.101.109.16
3367,66,1649364520.306010000,10.11.219.6
3368,1391,1649364520.306266000,10.11.219.6
3369,-5538,1649364520.308090000,151.101.109.16
3370,-548,1649364520.308091000,151.101.109.16
3371,-1434,1649364520.308091000,151.101.109.16
3372,-5538,1649364520.308092000,151.101.109.16
3373,66,1649364520.308108000,10.11.219.6
3374,78,1649364520.308133000,10.11.219.6
3375,66,1649364520.308141000,10.11.219.6
3376,-4170,1649364520.308167000,151.101.109.16
3377,-9642,1649364520.308169000,151.101.109.16
3378,66,1649364520.308171000,10.11.219.6
3379,66,1649364520.308311000,10.11.219.6
3380,176,1649364520.310671000,10.11.219.6
3381,-66,1649364520.311424000,151.101.109.16
3382,-66,1649364520.311425000,151.101.109.16
3383,-9642,1649364520.311426000,151.101.109.16
3384,-5538,1649364520.311450000,151.101.109.16
3385,66,1649364520.311466000,10.11.219.6
3386,-4170,1649364520.311546000,151.101.109.16
3387,-9642,1649364520.311548000,151.101.109.16
3388,66,1649364520.311562000,10.11.219.6
3389,187,1649364520.312900000,10.11.219.6
3390,-9642,1649364520.313464000,151.101.109.16
3391,-9642,1649364520.313467000,151.101.109.16
3392,66,1649364520.313511000,10.11.219.6
3393,1296,1649364520.315585000,10.11.219.6
3394,-5538,1649364520.315642000,151.101.109.16
3395,66,1649364520.315666000,10.11.219.6
3396,-4170,1649364520.315764000,151.101.109.16
3397,-9642,1649364520.315767000,151.101.109.16
3398,66,1649364520.315776000,10.11.219.6
3399,-6906,1649364520.315800000,151.101.109.16
3400,66,1649364520.315803000,10.11.219.6
3401,66,1649364520.315842000,10.11.219.6
3402,-66,1649364520.318499000,151.101.109.16
3403,-4170,1649364520.318500000,151.101.109.16
3404,-5538,1649364520.318501000,151.101.109.16
3405,66,1649364520.318513000,10.11.219.6
3406,-9642,1649364520.318563000,151.101.109.16
3407,66,1649364520.318562000,10.11.219.6
3408,-2802,1649364520.318564000,151.101.109.16
3409,66,1649364520.318610000,10.11.219.6
3410,-6906,1649364520.322544000,151.101.109.16
3411,-9642,1649364520.322546000,151.101.109.16
3412,66,1649364520.322562000,10.11.219.6
3413,66,1649364520.322642000,10.11.219.6
3414,-9642,1649364520.325612000,151.101.109.16
3415,-9642,1649364520.325615000,151.101.109.16
3416,66,1649364520.325633000,10.11.219.6
3417,-9642,1649364520.325680000,151.101.109.16
3418,-1434,1649364520.325680000,151.101.109.16
3419,-66,1649364520.325701000,151.101.109.16
3420,-2564,1649364520.325702000,151.101.109.16
3421,-66,1649364520.325703000,151.101.109.16
3422,66,1649364520.325713000,10.11.219.6
3423,66,1649364520.325909000,10.11.219.6
3424,74,1649364520.330218000,10.11.219.6
3425,-66,1649364520.333577000,151.101.109.16
3426,-3484,1649364520.336420000,151.101.109.16
3427,-8274,1649364520.336422000,151.101.109.16
3428,66,1649364520.336436000,10.11.219.6
3429,66,1649364520.336490000,10.11.219.6
3430,-2802,1649364520.339759000,151.101.109.16
3431,-2802,1649364520.339760000,151.101.109.16
3432,66,1649364520.339774000,10.11.219.6
3433,66,1649364520.339827000,10.11.219.6
3434,-2382,1649364520.339909000,151.101.109.16
3435,-11010,1649364520.339910000,151.101.109.16
3436,66,1649364520.339930000,10.11.219.6
3437,-11010,1649364520.339933000,151.101.109.16
3438,-2802,1649364520.339948000,151.101.109.16
3439,66,1649364520.340092000,10.11.219.6
3440,-8274,1649364520.343287000,151.101.109.16
3441,66,1649364520.343299000,10.11.219.6
3442,-11010,1649364520.343760000,151.101.109.16
3443,66,1649364520.343791000,10.11.219.6
3444,-11010,1649364520.343794000,151.101.109.16
3445,-74,1649364520.343810000,13.225.178.23
3446,-8274,1649364520.343812000,151.101.109.16
3447,66,1649364520.343828000,10.11.219.6
3448,66,1649364520.343854000,10.11.219.6
3449,-2802,1649364520.345106000,151.101.109.16
3450,-5538,1649364520.345108000,151.101.109.16
3451,66,1649364520.345119000,10.11.219.6
3452,-5538,1649364520.347080000,151.101.109.16
3453,-11010,1649364520.347083000,151.101.109.16
3454,-2802,1649364520.347099000,151.101.109.16
3455,-4170,1649364520.347139000,151.101.109.16
3456,583,1649364520.347349000,10.11.219.6
3457,66,1649364520.347550000,10.11.219.6
3458,-2802,1649364520.350610000,151.101.109.16
3459,-8274,1649364520.350612000,151.101.109.16
3460,66,1649364520.350640000,10.11.219.6
3461,66,1649364520.350741000,10.11.219.6
3462,-2802,1649364520.350961000,151.101.109.16
3463,-11010,1649364520.350963000,151.101.109.16
3464,66,1649364520.350971000,10.11.219.6
3465,-11010,1649364520.351015000,151.101.109.16
3466,66,1649364520.351027000,10.11.219.6
3467,-12378,1649364520.352585000,151.101.109.16
3468,66,1649364520.352597000,10.11.219.6
3469,-4170,1649364520.354559000,151.101.109.16
3470,-4170,1649364520.354561000,151.101.109.16
3471,66,1649364520.354586000,10.11.219.6
3472,66,1649364520.354669000,10.11.219.6
3473,-8274,1649364520.354673000,151.101.109.16
3474,-2802,1649364520.354674000,151.101.109.16
3475,-5538,1649364520.354694000,151.101.109.16
3476,66,1649364520.354767000,10.11.219.6
3477,-6906,1649364520.357107000,151.101.109.16
3478,-11010,1649364520.357127000,151.101.109.16
3479,66,1649364520.357211000,10.11.219.6
3480,66,1649364520.357730000,10.11.219.6
3481,-2802,1649364520.358538000,151.101.109.16
3482,66,1649364520.358565000,10.11.219.6
3483,-5538,1649364520.361244000,151.101.109.16
3484,-2802,1649364520.361337000,151.101.109.16
3485,-11010,1649364520.361339000,151.101.109.16
3486,-11010,1649364520.361372000,151.101.109.16
3487,66,1649364520.361481000,10.11.219.6
3488,-66,1649364520.361644000,13.225.178.23
3489,-2802,1649364520.363126000,13.225.178.23
3490,66,1649364520.363132000,10.11.219.6
3491,-2802,1649364520.364003000,13.225.178.23
3492,-513,1649364520.364003000,151.101.109.16
3493,-583,1649364520.364004000,13.225.178.23
3494,-1434,1649364520.364004000,151.101.109.16
3495,66,1649364520.364012000,10.11.219.6
3496,78,1649364520.364022000,10.11.219.6
3497,66,1649364520.364027000,10.11.219.6
3498,66,1649364520.364030000,10.11.219.6
3499,130,1649364520.367087000,10.11.219.6
3500,526,1649364520.367219000,10.11.219.6
3501,-66,1649364520.377819000,13.225.178.23
3502,-66,1649364520.381233000,13.225.178.23
3503,-576,1649364520.381235000,13.225.178.23
3504,66,1649364520.381262000,10.11.219.6
3505,-4746,1649364520.489024000,209.54.177.54
3506,-2008,1649364520.489028000,209.54.177.54
3507,54,1649364520.489088000,10.11.219.6
3508,54,1649364520.489133000,10.11.219.6
3509,74,1649364520.519494000,10.11.219.6
3510,-74,1649364520.522732000,18.65.148.37
3511,66,1649364520.522764000,10.11.219.6
3512,583,1649364520.528658000,10.11.219.6
3513,74,1649364520.529162000,10.11.219.6
3514,-66,1649364520.535973000,18.65.148.37
3515,-5538,1649364520.535974000,18.65.148.37
3516,66,1649364520.536004000,10.11.219.6
3517,-922,1649364520.536032000,18.65.148.37
3518,66,1649364520.536050000,10.11.219.6
3519,130,1649364520.540297000,10.11.219.6
3520,-74,1649364520.541436000,54.250.105.172
3521,66,1649364520.541461000,10.11.219.6
3522,-66,1649364520.543472000,18.65.148.37
3523,-128,1649364520.543473000,18.65.148.37
3524,66,1649364520.543495000,10.11.219.6
3525,236,1649364520.570788000,10.11.219.6
3526,388,1649364520.570945000,10.11.219.6
3527,97,1649364520.571279000,10.11.219.6
3528,583,1649364520.572985000,10.11.219.6
3529,74,1649364520.573165000,10.11.219.6
3530,-66,1649364520.573583000,18.65.148.37
3531,-66,1649364520.573583000,18.65.148.37
3532,-97,1649364520.573583000,18.65.148.37
3533,-66,1649364520.573584000,18.65.148.37
3534,66,1649364520.573596000,10.11.219.6
3535,-74,1649364520.576919000,18.65.116.37
3536,66,1649364520.576948000,10.11.219.6
3537,583,1649364520.578944000,10.11.219.6
3538,-66,1649364520.586431000,18.65.116.37
3539,-5538,1649364520.586434000,18.65.116.37
3540,-592,1649364520.586434000,18.65.116.37
3541,-66,1649364520.586435000,54.250.105.172
3542,66,1649364520.586477000,10.11.219.6
3543,66,1649364520.586518000,10.11.219.6
3544,-1434,1649364520.587321000,54.250.105.172
3545,-487,1649364520.587322000,54.250.105.172
3546,-1434,1649364520.587323000,54.250.105.172
3547,66,1649364520.587340000,10.11.219.6
3548,78,1649364520.587366000,10.11.219.6
3549,66,1649364520.587380000,10.11.219.6
3550,192,1649364520.593778000,10.11.219.6
3551,130,1649364520.596730000,10.11.219.6
3552,236,1649364520.597066000,10.11.219.6
3553,406,1649364520.597088000,10.11.219.6
3554,-66,1649364520.600018000,18.65.116.37
3555,-128,1649364520.600019000,18.65.116.37
3556,-66,1649364520.600019000,18.65.116.37
3557,-66,1649364520.600020000,18.65.116.37
3558,-97,1649364520.600020000,18.65.116.37
3559,66,1649364520.600041000,10.11.219.6
3560,66,1649364520.600069000,10.11.219.6
3561,97,1649364520.600174000,10.11.219.6
3562,-66,1649364520.603190000,18.65.116.37
3563,-324,1649364520.606463000,54.250.105.172
3564,-135,1649364520.606464000,54.250.105.172
3565,66,1649364520.606483000,10.11.219.6
3566,66,1649364520.606506000,10.11.219.6
3567,-845,1649364520.612995000,18.65.116.37
3568,-97,1649364520.612996000,18.65.116.37
3569,66,1649364520.613015000,10.11.219.6
3570,66,1649364520.613043000,10.11.219.6
3571,-520,1649364520.635610000,18.65.148.37
3572,-97,1649364520.635611000,18.65.148.37
3573,66,1649364520.635625000,10.11.219.6
3574,66,1649364520.635641000,10.11.219.6
3575,243,1649364520.678054000,10.11.219.6
3576,403,1649364520.678093000,10.11.219.6
3577,186,1649364520.678249000,10.11.219.6
3578,298,1649364520.678653000,10.11.219.6
3579,179,1649364520.679049000,10.11.219.6
3580,167,1649364520.679344000,10.11.219.6
3581,104,1649364520.679653000,10.11.219.6
3582,194,1649364520.679858000,10.11.219.6
3583,193,1649364520.680373000,10.11.219.6
3584,175,1649364520.680703000,10.11.219.6
3585,510,1649364520.685047000,10.11.219.6
3586,-66,1649364520.690080000,151.101.109.16
3587,-66,1649364520.690081000,151.101.109.16
3588,-66,1649364520.690081000,54.250.105.172
3589,-66,1649364520.690082000,151.101.109.16
3590,-104,1649364520.690082000,54.250.105.172
3591,-66,1649364520.690083000,151.101.109.16
3592,66,1649364520.690124000,10.11.219.6
3593,-66,1649364520.691488000,151.101.109.16
3594,-2802,1649364520.691490000,151.101.109.16
3595,-1107,1649364520.691491000,151.101.109.16
3596,-1434,1649364520.691492000,151.101.109.16
3597,66,1649364520.691521000,10.11.219.6
3598,78,1649364520.691554000,10.11.219.6
3599,66,1649364520.691564000,10.11.219.6
3600,-624,1649364520.692201000,54.250.105.172
3601,-104,1649364520.692202000,54.250.105.172
3602,66,1649364520.692217000,10.11.219.6
3603,66,1649364520.692238000,10.11.219.6
3604,-66,1649364520.693219000,151.101.109.16
3605,-66,1649364520.693220000,151.101.109.16
3606,74,1649364520.698091000,10.11.219.6
3607,-2802,1649364520.698200000,151.101.109.16
3608,66,1649364520.698213000,10.11.219.6
3609,-2802,1649364520.699309000,151.101.109.16
3610,-434,1649364520.699312000,151.101.109.16
3611,66,1649364520.699320000,10.11.219.6
3612,66,1649364520.699333000,10.11.219.6
3613,-1398,1649364520.702476000,151.101.109.16
3614,66,1649364520.702498000,10.11.219.6
3615,-66,1649364520.863999000,209.54.177.54
3616,54,1649364520.864025000,10.11.219.6
3617,571,1649364520.866172000,10.11.219.6
3618,-639,1649364520.875336000,209.54.177.54
3619,54,1649364520.875362000,10.11.219.6
3620,74,1649364520.978085000,10.11.219.6
3621,74,1649364520.978614000,10.11.219.6
3622,74,1649364520.978965000,10.11.219.6
3623,74,1649364520.979329000,10.11.219.6
3624,74,1649364520.979617000,10.11.219.6
3625,74,1649364520.980284000,10.11.219.6
3626,-74,1649364520.981153000,35.186.254.217
3627,-74,1649364520.981154000,23.205.97.4
3628,66,1649364520.981189000,10.11.219.6
3629,66,1649364520.981219000,10.11.219.6
3630,-74,1649364520.982251000,23.64.8.218
3631,66,1649364520.982274000,10.11.219.6
3632,-74,1649364520.983302000,172.217.25.162
3633,66,1649364520.983321000,10.11.219.6
3634,583,1649364520.985743000,10.11.219.6
3635,583,1649364520.988560000,10.11.219.6
3636,-66,1649364520.988659000,35.186.254.217
3637,583,1649364520.990774000,10.11.219.6
3638,-1434,1649364520.991016000,35.186.254.217
3639,-749,1649364520.991016000,35.186.254.217
3640,-1434,1649364520.991017000,35.186.254.217
3641,66,1649364520.991025000,10.11.219.6
3642,78,1649364520.991032000,10.11.219.6
3643,66,1649364520.991044000,10.11.219.6
3644,-66,1649364520.991889000,23.205.97.4
3645,-74,1649364520.991889000,35.213.12.39
3646,66,1649364520.991899000,10.11.219.6
3647,583,1649364520.992609000,10.11.219.6
3648,-2802,1649364520.993467000,23.205.97.4
3649,-1426,1649364520.993468000,23.205.97.4
3650,-74,1649364520.993469000,18.178.22.21
3651,-454,1649364520.993469000,23.205.97.4
3652,66,1649364520.993478000,10.11.219.6
3653,66,1649364520.993489000,10.11.219.6
3654,66,1649364520.993498000,10.11.219.6
3655,66,1649364520.993504000,10.11.219.6
3656,-66,1649364520.994032000,172.217.25.162
3657,74,1649364520.994815000,10.11.219.6
3658,74,1649364520.995057000,10.11.219.6
3659,74,1649364520.995224000,10.11.219.6
3660,-66,1649364520.995341000,23.64.8.218
3661,74,1649364520.995429000,10.11.219.6
3662,-1434,1649364520.996669000,23.64.8.218
3663,-1390,1649364520.996669000,23.64.8.218
3664,-1434,1649364520.996670000,23.64.8.218
3665,66,1649364520.996680000,10.11.219.6
3666,78,1649364520.996693000,10.11.219.6
3667,66,1649364520.996699000,10.11.219.6
3668,583,1649364520.998501000,10.11.219.6
3669,-74,1649364520.998520000,184.25.233.136
3670,66,1649364520.998531000,10.11.219.6
3671,192,1649364521.001981000,10.11.219.6
3672,-66,1649364521.004169000,23.205.97.4
3673,-340,1649364521.005255000,23.205.97.4
3674,66,1649364521.005266000,10.11.219.6
3675,-74,1649364521.006304000,54.92.121.120
3676,583,1649364521.006316000,10.11.219.6
3677,66,1649364521.006322000,10.11.219.6
3678,-74,1649364521.008435000,104.244.42.131
3679,66,1649364521.008452000,10.11.219.6
3680,583,1649364521.009279000,10.11.219.6
3681,-66,1649364521.011905000,35.213.12.39
3682,-1434,1649364521.011906000,35.213.12.39
3683,-1426,1649364521.011906000,35.213.12.39
3684,-1434,1649364521.011907000,35.213.12.39
3685,66,1649364521.011927000,10.11.219.6
3686,78,1649364521.011944000,10.11.219.6
3687,66,1649364521.011952000,10.11.219.6
3688,-66,1649364521.012753000,184.25.233.136
3689,-963,1649364521.012754000,35.213.12.39
3690,66,1649364521.012764000,10.11.219.6
3691,583,1649364521.013434000,10.11.219.6
3692,74,1649364521.013610000,10.11.219.6
3693,-2802,1649364521.015103000,184.25.233.136
3694,-1159,1649364521.015104000,184.25.233.136
3695,66,1649364521.015117000,10.11.219.6
3696,66,1649364521.015136000,10.11.219.6
3697,159,1649364521.016991000,10.11.219.6
3698,-66,1649364521.018032000,18.178.22.21
3699,583,1649364521.018983000,10.11.219.6
3700,-4045,1649364521.020448000,18.178.22.21
3701,66,1649364521.020471000,10.11.219.6
3702,192,1649364521.022262000,10.11.219.6
3703,-66,1649364521.024472000,54.92.121.120
3704,-66,1649364521.024473000,184.25.233.136
3705,74,1649364521.024790000,10.11.219.6
3706,-324,1649364521.025750000,184.25.233.136
3707,-2802,1649364521.025752000,54.92.121.120
3708,66,1649364521.025763000,10.11.219.6
3709,78,1649364521.025778000,10.11.219.6
3710,-1434,1649364521.026781000,54.92.121.120
3711,-1086,1649364521.026782000,54.92.121.120
3712,66,1649364521.026805000,10.11.219.6
3713,66,1649364521.026817000,10.11.219.6
3714,-66,1649364521.029864000,35.213.12.39
3715,-340,1649364521.029864000,35.213.12.39
3716,-54,1649364521.029865000,209.54.177.54
3717,66,1649364521.029880000,10.11.219.6
3718,192,1649364521.030538000,10.11.219.6
3719,146,1649364521.031012000,10.11.219.6
3720,-66,1649364521.032337000,104.244.42.131
3721,-54,1649364521.033382000,209.54.177.54
3722,-2762,1649364521.033383000,104.244.42.131
3723,-811,1649364521.033383000,104.244.42.131
3724,66,1649364521.033393000,10.11.219.6
3725,66,1649364521.033414000,10.11.219.6
3726,-66,1649364521.034472000,23.64.8.218
3727,-2802,1649364521.034473000,172.217.25.162
3728,-495,1649364521.034474000,172.217.25.162
3729,-353,1649364521.034474000,23.64.8.218
3730,-353,1649364521.034474000,23.64.8.218
3731,-1434,1649364521.034475000,172.217.25.162
3732,66,1649364521.034494000,10.11.219.6
3733,78,1649364521.034510000,10.11.219.6
3734,66,1649364521.034513000,10.11.219.6
3735,66,1649364521.034516000,10.11.219.6
3736,66,1649364521.034520000,10.11.219.6
3737,-6001,1649364521.035552000,209.54.177.54
3738,-74,1649364521.035553000,52.196.216.91
3739,54,1649364521.035574000,10.11.219.6
3740,66,1649364521.035594000,10.11.219.6
3741,-340,1649364521.041571000,54.92.121.120
3742,-135,1649364521.041572000,54.92.121.120
3743,66,1649364521.041589000,10.11.219.6
3744,66,1649364521.041603000,10.11.219.6
3745,180,1649364521.096545000,10.11.219.6
3746,576,1649364521.096672000,10.11.219.6
3747,-66,1649364521.099493000,23.205.97.4
3748,-74,1649364521.132758000,8.39.36.142
3749,66,1649364521.132781000,10.11.219.6
3750,74,1649364521.139231000,10.11.219.6
3751,530,1649364521.140061000,10.11.219.6
3752,583,1649364521.142266000,10.11.219.6
3753,-74,1649364521.142301000,35.227.202.26
3754,-66,1649364521.142302000,23.64.8.218
3755,66,1649364521.142325000,10.11.219.6
3756,328,1649364521.142984000,10.11.219.6
3757,446,1649364521.143167000,10.11.219.6
3758,-66,1649364521.145515000,18.65.110.227
3759,583,1649364521.152037000,10.11.219.6
3760,-66,1649364521.152992000,52.196.216.91
3761,97,1649364521.154010000,10.11.219.6
3762,66,1649364521.154017000,10.11.219.6
3763,-1434,1649364521.155352000,52.196.216.91
3764,-326,1649364521.155353000,52.196.216.91
3765,66,1649364521.155364000,10.11.219.6
3766,78,1649364521.155373000,10.11.219.6
3767,583,1649364521.155838000,10.11.219.6
3768,-2802,1649364521.156572000,52.196.216.91
3769,66,1649364521.156630000,10.11.219.6
3770,-66,1649364521.157284000,18.65.116.118
3771,-66,1649364521.157285000,18.65.116.118
3772,66,1649364521.157318000,10.11.219.6
3773,-66,1649364521.159419000,35.227.202.26
3774,-3692,1649364521.161851000,35.227.202.26
3775,66,1649364521.161868000,10.11.219.6
3776,-74,1649364521.162787000,3.222.49.36
3777,66,1649364521.162798000,10.11.219.6
3778,192,1649364521.195625000,10.11.219.6
3779,464,1649364521.196867000,10.11.219.6
3780,74,1649364521.197070000,10.11.219.6
3781,74,1649364521.197210000,10.11.219.6
3782,74,1649364521.197318000,10.11.219.6
3783,74,1649364521.197449000,10.11.219.6
3784,74,1649364521.197585000,10.11.219.6
3785,74,1649364521.197756000,10.11.219.6
3786,74,1649364521.197897000,10.11.219.6
3787,74,1649364521.198031000,10.11.219.6
3788,74,1649364521.198182000,10.11.219.6
3789,-66,1649364521.199057000,184.25.233.136
3790,-74,1649364521.200148000,23.205.97.4
3791,66,1649364521.200169000,10.11.219.6
3792,-74,1649364521.201218000,35.244.159.8
3793,66,1649364521.201229000,10.11.219.6
3794,583,1649364521.201922000,10.11.219.6
3795,74,1649364521.202612000,10.11.219.6
3796,583,1649364521.206226000,10.11.219.6
3797,-117,1649364521.206778000,52.196.216.91
3798,66,1649364521.206791000,10.11.219.6
3799,583,1649364521.207999000,10.11.219.6
3800,74,1649364521.208141000,10.11.219.6
3801,74,1649364521.208260000,10.11.219.6
3802,74,1649364521.208389000,10.11.219.6
3803,74,1649364521.208465000,10.11.219.6
3804,74,1649364521.210368000,10.11.219.6
3805,-74,1649364521.211115000,103.231.99.80
3806,-66,1649364521.211116000,35.244.159.8
3807,-66,1649364521.211116000,23.205.97.4
3808,-74,1649364521.211126000,142.250.76.130
3809,-3377,1649364521.211127000,35.244.159.8
3810,66,1649364521.211147000,10.11.219.6
3811,66,1649364521.211179000,10.11.219.6
3812,66,1649364521.211187000,10.11.219.6
3813,-74,1649364521.214297000,172.217.25.162
3814,-2802,1649364521.214299000,23.205.97.4
3815,-1426,1649364521.214299000,23.205.97.4
3816,-454,1649364521.214300000,23.205.97.4
3817,66,1649364521.214324000,10.11.219.6
3818,66,1649364521.214343000,10.11.219.6
3819,66,1649364521.214352000,10.11.219.6
3820,66,1649364521.214358000,10.11.219.6
3821,583,1649364521.214866000,10.11.219.6
3822,-74,1649364521.215404000,52.198.176.137
3823,66,1649364521.215424000,10.11.219.6
3824,583,1649364521.217615000,10.11.219.6
3825,-66,1649364521.220488000,142.250.76.130
3826,192,1649364521.221006000,10.11.219.6
3827,-1186,1649364521.221624000,23.205.97.4
3828,-74,1649364521.221625000,103.231.99.243
3829,-74,1649364521.221625000,54.150.10.110
3830,66,1649364521.221635000,10.11.219.6
3831,66,1649364521.221651000,10.11.219.6
3832,66,1649364521.221658000,10.11.219.6
3833,583,1649364521.222939000,10.11.219.6
3834,-66,1649364521.223698000,23.205.97.4
3835,-340,1649364521.223699000,23.205.97.4
3836,66,1649364521.223709000,10.11.219.6
3837,583,1649364521.224671000,10.11.219.6
3838,-66,1649364521.226954000,103.231.99.80
3839,-66,1649364521.228023000,172.217.25.162
3840,583,1649364521.228325000,10.11.219.6
3841,-2802,1649364521.230417000,103.231.99.80
3842,-333,1649364521.230418000,103.231.99.80
3843,-1434,1649364521.230418000,103.231.99.80
3844,66,1649364521.230438000,10.11.219.6
3845,78,1649364521.230459000,10.11.219.6
3846,66,1649364521.230466000,10.11.219.6
3847,583,1649364521.230682000,10.11.219.6
3848,192,1649364521.234830000,10.11.219.6
3849,580,1649364521.234959000,10.11.219.6
3850,-66,1649364521.235712000,52.198.176.137
3851,-2802,1649364521.238234000,52.198.176.137
3852,66,1649364521.238253000,10.11.219.6
3853,-2690,1649364521.238282000,52.198.176.137
3854,-66,1649364521.238282000,23.205.97.4
3855,66,1649364521.238293000,10.11.219.6
3856,-66,1649364521.242030000,103.231.99.243
3857,-1434,1649364521.242030000,103.231.99.80
3858,78,1649364521.242046000,10.11.219.6
3859,-1434,1649364521.244457000,54.150.10.110
3860,-791,1649364521.244458000,54.150.10.110
3861,-1434,1649364521.244458000,54.150.10.110
3862,66,1649364521.244476000,10.11.219.6
3863,78,1649364521.244489000,10.11.219.6
3864,66,1649364521.244494000,10.11.219.6
3865,192,1649364521.244871000,10.11.219.6
3866,-2802,1649364521.245580000,103.231.99.243
3867,-333,1649364521.245581000,103.231.99.243
3868,-1434,1649364521.245581000,103.231.99.243
3869,66,1649364521.245593000,10.11.219.6
3870,78,1649364521.245606000,10.11.219.6
3871,66,1649364521.245611000,10.11.219.6
3872,-66,1649364521.246269000,103.231.99.80
3873,-72,1649364521.246270000,103.231.99.80
3874,-111,1649364521.246270000,103.231.99.80
3875,-122,1649364521.246270000,103.231.99.80
3876,66,1649364521.246286000,10.11.219.6
3877,66,1649364521.246296000,10.11.219.6
3878,66,1649364521.246299000,10.11.219.6
3879,192,1649364521.249063000,10.11.219.6
3880,-668,1649364521.250570000,18.65.110.227
3881,-97,1649364521.250570000,18.65.110.227
3882,66,1649364521.250581000,10.11.219.6
3883,66,1649364521.250590000,10.11.219.6
3884,192,1649364521.252483000,10.11.219.6
3885,130,1649364521.253077000,10.11.219.6
3886,-646,1649364521.257257000,35.186.254.217
3887,-74,1649364521.257258000,119.9.108.211
3888,-324,1649364521.257259000,52.198.176.137
3889,-135,1649364521.257259000,52.198.176.137
3890,-1434,1649364521.257260000,103.231.99.243
3891,66,1649364521.257290000,10.11.219.6
3892,66,1649364521.257339000,10.11.219.6
3893,66,1649364521.257354000,10.11.219.6
3894,66,1649364521.257362000,10.11.219.6
3895,78,1649364521.257369000,10.11.219.6
3896,-2802,1649364521.261516000,142.250.76.130
3897,-497,1649364521.261517000,142.250.76.130
3898,-1434,1649364521.261517000,142.250.76.130
3899,66,1649364521.261531000,10.11.219.6
3900,78,1649364521.261549000,10.11.219.6
3901,66,1649364521.261554000,10.11.219.6
3902,-117,1649364521.262309000,54.150.10.110
3903,66,1649364521.262330000,10.11.219.6
3904,-105,1649364521.263388000,209.54.177.54
3905,-66,1649364521.263389000,103.231.99.243
3906,54,1649364521.263396000,10.11.219.6
3907,-117,1649364521.264708000,103.231.99.243
3908,-70,1649364521.264709000,103.71.26.126
3909,-122,1649364521.264709000,103.231.99.243
3910,66,1649364521.264712000,10.11.219.6
3911,66,1649364521.264720000,10.11.219.6
3912,66,1649364521.264724000,10.11.219.6
3913,-2802,1649364521.269511000,172.217.25.162
3914,-495,1649364521.269512000,172.217.25.162
3915,-786,1649364521.269512000,184.25.233.136
3916,-1434,1649364521.269513000,172.217.25.162
3917,66,1649364521.269522000,10.11.219.6
3918,78,1649364521.269534000,10.11.219.6
3919,66,1649364521.269541000,10.11.219.6
3920,66,1649364521.269548000,10.11.219.6
3921,-743,1649364521.271417000,23.64.8.218
3922,-74,1649364521.271417000,3.1.135.157
3923,66,1649364521.271423000,10.11.219.6
3924,66,1649364521.271435000,10.11.219.6
3925,-74,1649364521.274770000,103.43.90.178
3926,-98,1649364521.274771000,8.39.36.142
3927,-1434,1649364521.274771000,8.39.36.142
3928,-1430,1649364521.274772000,8.39.36.142
3929,-716,1649364521.274772000,8.39.36.142
3930,66,1649364521.274793000,10.11.219.6
3931,78,1649364521.274810000,10.11.219.6
3932,66,1649364521.274814000,10.11.219.6
3933,66,1649364521.274821000,10.11.219.6
3934,66,1649364521.274824000,10.11.219.6
3935,-235,1649364521.276727000,44.236.112.249
3936,-104,1649364521.276728000,44.236.112.249
3937,66,1649364521.276745000,10.11.219.6
3938,66,1649364521.276758000,10.11.219.6
3939,-676,1649364521.282098000,23.205.97.4
3940,66,1649364521.282112000,10.11.219.6
3941,236,1649364521.296442000,10.11.219.6
3942,403,1649364521.296487000,10.11.219.6
3943,-66,1649364521.299255000,35.186.254.217
3944,-97,1649364521.300283000,35.186.254.217
3945,66,1649364521.300302000,10.11.219.6
3946,216,1649364521.306302000,10.11.219.6
3947,-442,1649364521.308860000,35.186.254.217
3948,66,1649364521.308886000,10.11.219.6
3949,-74,1649364521.311001000,8.39.36.142
3950,66,1649364521.311022000,10.11.219.6
3951,506,1649364521.313559000,10.11.219.6
3952,97,1649364521.313740000,10.11.219.6
3953,105,1649364521.314302000,10.11.219.6
3954,583,1649364521.317232000,10.11.219.6
3955,-66,1649364521.318578000,35.186.254.217
3956,583,1649364521.318932000,10.11.219.6
3957,583,1649364521.321302000,10.11.219.6
3958,583,1649364521.323104000,10.11.219.6
3959,74,1649364521.323354000,10.11.219.6
3960,214,1649364521.324911000,10.11.219.6
3961,536,1649364521.325710000,10.11.219.6
3962,583,1649364521.327610000,10.11.219.6
3963,146,1649364521.329500000,10.11.219.6
3964,-66,1649364521.333460000,35.186.254.217
3965,-191,1649364521.336724000,35.186.254.217
3966,66,1649364521.336740000,10.11.219.6
3967,-369,1649364521.342156000,18.178.22.21
3968,-369,1649364521.342156000,18.178.22.21
3969,-109,1649364521.342157000,18.178.22.21
3970,66,1649364521.342175000,10.11.219.6
3971,66,1649364521.342190000,10.11.219.6
3972,66,1649364521.342193000,10.11.219.6
3973,-66,1649364521.370167000,3.222.49.36
3974,-2802,1649364521.373885000,3.222.49.36
3975,-166,1649364521.373886000,3.222.49.36
3976,-74,1649364521.373886000,35.173.74.115
3977,-2802,1649364521.373887000,3.222.49.36
3978,66,1649364521.373902000,10.11.219.6
3979,78,1649364521.373920000,10.11.219.6
3980,66,1649364521.373930000,10.11.219.6
3981,66,1649364521.373934000,10.11.219.6
3982,-2802,1649364521.383372000,119.9.108.211
3983,-308,1649364521.383373000,119.9.108.211
3984,66,1649364521.383400000,10.11.219.6
3985,66,1649364521.383424000,10.11.219.6
3986,192,1649364521.388987000,10.11.219.6
3987,243,1649364521.389107000,10.11.219.6
3988,353,1649364521.389123000,10.11.219.6
3989,74,1649364521.390162000,10.11.219.6
3990,105,1649364521.391119000,10.11.219.6
3991,104,1649364521.391141000,10.11.219.6
3992,-66,1649364521.391260000,103.71.26.126
3993,236,1649364521.391746000,10.11.219.6
3994,368,1649364521.391759000,10.11.219.6
3995,583,1649364521.393714000,10.11.219.6
3996,-66,1649364521.394364000,103.43.90.178
3997,-66,1649364521.394365000,3.1.135.157
3998,-1434,1649364521.394366000,103.71.26.126
3999,-615,1649364521.394366000,103.71.26.126
4000,-1434,1649364521.394366000,103.43.90.178
4001,-74,1649364521.394367000,103.43.90.178
4002,-1434,1649364521.394367000,103.43.90.178
4003,66,1649364521.394392000,10.11.219.6
4004,78,1649364521.394403000,10.11.219.6
4005,66,1649364521.394408000,10.11.219.6
4006,78,1649364521.394413000,10.11.219.6
4007,66,1649364521.394418000,10.11.219.6
4008,-1434,1649364521.394423000,103.71.26.126
4009,66,1649364521.394428000,10.11.219.6
4010,97,1649364521.395952000,10.11.219.6
4011,74,1649364521.396046000,10.11.219.6
4012,-2802,1649364521.399218000,3.1.135.157
4013,-1386,1649364521.399228000,3.1.135.157
4014,-66,1649364521.399228000,35.186.254.217
4015,-66,1649364521.399228000,54.92.121.120
4016,-1434,1649364521.399229000,3.1.135.157
4017,66,1649364521.399242000,10.11.219.6
4018,159,1649364521.399262000,10.11.219.6
4019,78,1649364521.399268000,10.11.219.6
4020,66,1649364521.399284000,10.11.219.6
4021,-104,1649364521.400506000,54.92.121.120
4022,66,1649364521.400515000,10.11.219.6
4023,-413,1649364521.401584000,54.92.121.120
4024,66,1649364521.401593000,10.11.219.6
4025,192,1649364521.402232000,10.11.219.6
4026,130,1649364521.402702000,10.11.219.6
4027,-66,1649364521.403734000,18.178.22.21
4028,-97,1649364521.403735000,18.178.22.21
4029,66,1649364521.403760000,10.11.219.6
4030,-550,1649364521.407894000,18.178.22.21
4031,66,1649364521.407930000,10.11.219.6
4032,192,1649364521.407961000,10.11.219.6
4033,171,1649364521.408328000,10.11.219.6
4034,236,1649364521.408820000,10.11.219.6
4035,431,1649364521.408840000,10.11.219.6
4036,573,1649364521.410441000,10.11.219.6
4037,545,1649364521.412792000,10.11.219.6
4038,185,1649364521.413368000,10.11.219.6
4039,-66,1649364521.414581000,104.244.42.131
4040,130,1649364521.414666000,10.11.219.6
4041,236,1649364521.415248000,10.11.219.6
4042,403,1649364521.415281000,10.11.219.6
4043,-66,1649364521.416610000,23.205.97.4
4044,-646,1649364521.419071000,35.227.202.26
4045,-66,1649364521.419072000,35.227.202.26
4046,-66,1649364521.419072000,54.92.121.120
4047,-97,1649364521.419072000,35.227.202.26
4048,66,1649364521.419086000,10.11.219.6
4049,66,1649364521.419102000,10.11.219.6
4050,-219,1649364521.419823000,54.92.121.120
4051,66,1649364521.419836000,10.11.219.6
4052,97,1649364521.420391000,10.11.219.6
4053,-66,1649364521.422079000,104.244.42.131
4054,-66,1649364521.422080000,104.244.42.131
4055,-593,1649364521.422081000,104.244.42.131
4056,-924,1649364521.422082000,52.196.216.91
4057,66,1649364521.422118000,10.11.219.6
4058,66,1649364521.422137000,10.11.219.6
4059,-66,1649364521.425142000,18.178.22.21
4060,-141,1649364521.428417000,8.39.36.142
4061,66,1649364521.428427000,10.11.219.6
4062,-353,1649364521.429447000,18.178.22.21
4063,-66,1649364521.429447000,35.227.202.26
4064,66,1649364521.429451000,10.11.219.6
4065,-98,1649364521.445918000,8.39.36.142
4066,-1434,1649364521.445919000,8.39.36.142
4067,-1430,1649364521.445919000,8.39.36.142
4068,-716,1649364521.445919000,8.39.36.142
4069,78,1649364521.445938000,10.11.219.6
4070,66,1649364521.445953000,10.11.219.6
4071,66,1649364521.445958000,10.11.219.6
4072,66,1649364521.445962000,10.11.219.6
4073,-1120,1649364521.458489000,23.205.97.4
4074,66,1649364521.458503000,10.11.219.6
4075,-656,1649364521.461584000,35.227.202.26
4076,66,1649364521.461599000,10.11.219.6
4077,-66,1649364521.469034000,103.71.26.126
4078,-117,1649364521.470100000,103.71.26.126
4079,66,1649364521.470107000,10.11.219.6
4080,-66,1649364521.474391000,103.43.90.178
4081,-340,1649364521.474392000,103.43.90.178
4082,66,1649364521.474413000,10.11.219.6
4083,-324,1649364521.482977000,3.1.135.157
4084,-135,1649364521.482978000,3.1.135.157
4085,66,1649364521.482999000,10.11.219.6
4086,66,1649364521.483014000,10.11.219.6
4087,97,1649364521.486081000,10.11.219.6
4088,243,1649364521.486434000,10.11.219.6
4089,470,1649364521.486453000,10.11.219.6
4090,216,1649364521.492042000,10.11.219.6
4091,105,1649364521.493202000,10.11.219.6
4092,104,1649364521.493232000,10.11.219.6
4093,74,1649364521.493508000,10.11.219.6
4094,595,1649364521.493905000,10.11.219.6
4095,-639,1649364521.494971000,209.54.177.54
4096,54,1649364521.495004000,10.11.219.6
4097,513,1649364521.495288000,10.11.219.6
4098,-66,1649364521.495774000,209.54.177.54
4099,54,1649364521.495795000,10.11.219.6
4100,-66,1649364521.497933000,103.231.99.80
4101,-66,1649364521.497935000,104.244.42.131
4102,-104,1649364521.497935000,103.231.99.80
4103,66,1649364521.497964000,10.11.219.6
4104,571,1649364521.498746000,10.11.219.6
4105,549,1649364521.499075000,10.11.219.6
4106,-639,1649364521.499084000,209.54.177.54
4107,-601,1649364521.499085000,103.231.99.80
4108,-104,1649364521.499085000,103.231.99.80
4109,54,1649364521.499115000,10.11.219.6
4110,66,1649364521.499129000,10.11.219.6
4111,66,1649364521.499137000,10.11.219.6
4112,562,1649364521.499608000,10.11.219.6
4113,74,1649364521.499763000,10.11.219.6
4114,-66,1649364521.502249000,35.227.202.26
4115,-66,1649364521.503317000,23.205.97.4
4116,243,1649364521.504199000,10.11.219.6
4117,343,1649364521.504229000,10.11.219.6
4118,-66,1649364521.505446000,103.231.99.80
4119,-705,1649364521.505447000,52.196.216.91
4120,66,1649364521.505475000,10.11.219.6
4121,130,1649364521.506287000,10.11.219.6
4122,236,1649364521.507853000,10.11.219.6
4123,412,1649364521.507890000,10.11.219.6
4124,243,1649364521.509302000,10.11.219.6
4125,407,1649364521.509328000,10.11.219.6
4126,-646,1649364521.509894000,35.244.159.8
4127,66,1649364521.509911000,10.11.219.6
4128,-97,1649364521.510736000,35.244.159.8
4129,66,1649364521.510753000,10.11.219.6
4130,104,1649364521.511275000,10.11.219.6
4131,97,1649364521.511307000,10.11.219.6
4132,-66,1649364521.514097000,35.244.159.8
4133,-443,1649364521.517226000,104.244.42.131
4134,-66,1649364521.517228000,54.150.10.110
4135,-119,1649364521.517228000,54.150.10.110
4136,66,1649364521.517242000,10.11.219.6
4137,66,1649364521.517278000,10.11.219.6
4138,104,1649364521.517682000,10.11.219.6
4139,-936,1649364521.519450000,54.150.10.110
4140,-66,1649364521.519451000,35.244.159.8
4141,66,1649364521.519470000,10.11.219.6
4142,-66,1649364521.520424000,103.231.99.243
4143,-104,1649364521.520425000,103.231.99.243
4144,66,1649364521.520449000,10.11.219.6
4145,535,1649364521.521583000,10.11.219.6
4146,-407,1649364521.522605000,103.231.99.243
4147,-66,1649364521.522606000,103.231.99.243
4148,66,1649364521.522627000,10.11.219.6
4149,165,1649364521.524263000,10.11.219.6
4150,221,1649364521.527815000,10.11.219.6
4151,243,1649364521.529211000,10.11.219.6
4152,349,1649364521.529238000,10.11.219.6
4153,104,1649364521.530938000,10.11.219.6
4154,-66,1649364521.537560000,54.150.10.110
4155,-419,1649364521.537561000,54.150.10.110
4156,66,1649364521.537587000,10.11.219.6
4157,-66,1649364521.538599000,103.231.99.243
4158,-136,1649364521.539671000,103.231.99.243
4159,66,1649364521.539684000,10.11.219.6
4160,-66,1649364521.540751000,52.198.176.137
4161,-104,1649364521.541812000,52.198.176.137
4162,66,1649364521.541832000,10.11.219.6
4163,288,1649364521.543606000,10.11.219.6
4164,-700,1649364521.544212000,52.198.176.137
4165,66,1649364521.544233000,10.11.219.6
4166,400,1649364521.546130000,10.11.219.6
4167,-66,1649364521.546135000,18.65.110.227
4168,-771,1649364521.546136000,23.205.97.4
4169,66,1649364521.546157000,10.11.219.6
4170,282,1649364521.548799000,10.11.219.6
4171,-66,1649364521.551434000,18.65.110.227
4172,394,1649364521.551738000,10.11.219.6
4173,-472,1649364521.552543000,35.244.159.8
4174,66,1649364521.552557000,10.11.219.6
4175,105,1649364521.552985000,10.11.219.6
4176,282,1649364521.554780000,10.11.219.6
4177,-117,1649364521.556784000,3.222.49.36
4178,-135,1649364521.556784000,3.222.49.36
4179,66,1649364521.556806000,10.11.219.6
4180,66,1649364521.556825000,10.11.219.6
4181,394,1649364521.557174000,10.11.219.6
4182,-66,1649364521.557870000,18.65.110.227
4183,-66,1649364521.560023000,35.244.159.8
4184,284,1649364521.563433000,10.11.219.6
4185,396,1649364521.565133000,10.11.219.6
4186,286,1649364521.565634000,10.11.219.6
4187,398,1649364521.565765000,10.11.219.6
4188,278,1649364521.565943000,10.11.219.6
4189,545,1649364521.566061000,10.11.219.6
4190,390,1649364521.566244000,10.11.219.6
4191,-66,1649364521.566464000,18.65.110.227
4192,282,1649364521.566867000,10.11.219.6
4193,130,1649364521.567657000,10.11.219.6
4194,-66,1649364521.568207000,18.65.110.227
4195,-66,1649364521.568207000,209.54.177.54
4196,-66,1649364521.568208000,35.173.74.115
4197,-66,1649364521.568208000,18.65.110.227
4198,54,1649364521.568236000,10.11.219.6
4199,394,1649364521.568287000,10.11.219.6
4200,-66,1649364521.569685000,18.65.110.227
4201,-1434,1649364521.570854000,35.173.74.115
4202,-886,1649364521.570855000,35.173.74.115
4203,-66,1649364521.570855000,172.217.25.162
4204,-674,1649364521.570856000,172.217.25.162
4205,-1434,1649364521.570856000,35.173.74.115
4206,66,1649364521.570870000,10.11.219.6
4207,78,1649364521.570885000,10.11.219.6
4208,66,1649364521.570891000,10.11.219.6
4209,66,1649364521.570897000,10.11.219.6
4210,-66,1649364521.576151000,209.54.177.54
4211,54,1649364521.576173000,10.11.219.6
4212,-66,1649364521.583746000,52.198.176.137
4213,-141,1649364521.609342000,8.39.36.142
4214,66,1649364521.609359000,10.11.219.6
4215,192,1649364521.624133000,10.11.219.6
4216,236,1649364521.624326000,10.11.219.6
4217,362,1649364521.624342000,10.11.219.6
4218,229,1649364521.625029000,10.11.219.6
4219,97,1649364521.626386000,10.11.219.6
4220,130,1649364521.627304000,10.11.219.6
4221,-66,1649364521.627436000,172.217.25.162
4222,-97,1649364521.627437000,172.217.25.162
4223,-66,1649364521.627437000,35.244.159.8
4224,66,1649364521.627451000,10.11.219.6
4225,571,1649364521.629281000,10.11.219.6
4226,-66,1649364521.629851000,142.250.76.130
4227,-674,1649364521.629852000,142.250.76.130
4228,66,1649364521.629862000,10.11.219.6
4229,571,1649364521.630999000,10.11.219.6
4230,236,1649364521.632358000,10.11.219.6
4231,389,1649364521.632381000,10.11.219.6
4232,74,1649364521.632608000,10.11.219.6
4233,-66,1649364521.633211000,172.217.25.162
4234,97,1649364521.634193000,10.11.219.6
4235,-97,1649364521.635401000,142.250.76.130
4236,66,1649364521.635421000,10.11.219.6
4237,-66,1649364521.636456000,142.250.76.130
4238,130,1649364521.638458000,10.11.219.6
4239,253,1649364521.640175000,10.11.219.6
4240,-674,1649364521.642988000,172.217.25.162
4241,66,1649364521.643012000,10.11.219.6
4242,-903,1649364521.644049000,8.39.36.142
4243,-97,1649364521.644049000,172.217.25.162
4244,66,1649364521.644062000,10.11.219.6
4245,66,1649364521.644083000,10.11.219.6
4246,-670,1649364521.652610000,18.65.110.227
4247,-97,1649364521.652611000,18.65.110.227
4248,66,1649364521.652622000,10.11.219.6
4249,66,1649364521.652636000,10.11.219.6
4250,-668,1649364521.655769000,18.65.110.227
4251,-97,1649364521.655770000,18.65.110.227
4252,66,1649364521.655780000,10.11.219.6
4253,66,1649364521.655791000,10.11.219.6
4254,-668,1649364521.662207000,18.65.110.227
4255,-97,1649364521.662208000,18.65.110.227
4256,66,1649364521.662222000,10.11.219.6
4257,66,1649364521.662234000,10.11.219.6
4258,-54,1649364521.665375000,209.54.177.54
4259,-54,1649364521.669643000,209.54.177.54
4260,-667,1649364521.672427000,18.65.110.227
4261,-97,1649364521.672428000,18.65.110.227
4262,-357,1649364521.672428000,35.244.159.8
4263,-723,1649364521.672428000,172.217.25.162
4264,-427,1649364521.672428000,172.217.25.162
4265,-105,1649364521.672429000,172.217.25.162
4266,-6001,1649364521.672429000,209.54.177.54
4267,66,1649364521.672446000,10.11.219.6
4268,66,1649364521.672460000,10.11.219.6
4269,66,1649364521.672463000,10.11.219.6
4270,66,1649364521.672466000,10.11.219.6
4271,66,1649364521.672469000,10.11.219.6
4272,66,1649364521.672472000,10.11.219.6
4273,54,1649364521.672476000,10.11.219.6
4274,-667,1649364521.674112000,18.65.110.227
4275,-97,1649364521.674113000,18.65.110.227
4276,-670,1649364521.674113000,18.65.110.227
4277,-97,1649364521.674113000,18.65.110.227
4278,-669,1649364521.674114000,18.65.110.227
4279,-97,1649364521.674114000,18.65.110.227
4280,66,1649364521.674121000,10.11.219.6
4281,66,1649364521.674127000,10.11.219.6
4282,66,1649364521.674130000,10.11.219.6
4283,66,1649364521.674132000,10.11.219.6
4284,66,1649364521.674135000,10.11.219.6
4285,66,1649364521.674137000,10.11.219.6
4286,-639,1649364521.675095000,209.54.177.54
4287,-639,1649364521.675096000,209.54.177.54
4288,54,1649364521.675115000,10.11.219.6
4289,-66,1649364521.678220000,209.54.177.54
4290,54,1649364521.678241000,10.11.219.6
4291,-754,1649364521.681536000,142.250.76.130
4292,-139,1649364521.681537000,142.250.76.130
4293,-235,1649364521.681537000,44.236.112.249
4294,-104,1649364521.681538000,44.236.112.249
4295,66,1649364521.681561000,10.11.219.6
4296,66,1649364521.681575000,10.11.219.6
4297,66,1649364521.681585000,10.11.219.6
4298,66,1649364521.681589000,10.11.219.6
4299,-97,1649364521.682538000,142.250.76.130
4300,-105,1649364521.682539000,142.250.76.130
4301,66,1649364521.682547000,10.11.219.6
4302,66,1649364521.682557000,10.11.219.6
4303,-74,1649364521.683585000,31.13.75.35
4304,66,1649364521.683597000,10.11.219.6
4305,-235,1649364521.686849000,44.236.112.249
4306,-104,1649364521.686850000,44.236.112.249
4307,66,1649364521.686877000,10.11.219.6
4308,66,1649364521.686895000,10.11.219.6
4309,-54,1649364521.687863000,52.119.175.30
4310,-235,1649364521.691090000,44.236.112.249
4311,-104,1649364521.691090000,44.236.112.249
4312,66,1649364521.691109000,10.11.219.6
4313,66,1649364521.691123000,10.11.219.6
4314,-66,1649364521.702712000,44.236.112.249
4315,-235,1649364521.702713000,44.236.112.249
4316,-104,1649364521.702713000,44.236.112.249
4317,66,1649364521.702752000,10.11.219.6
4318,66,1649364521.702772000,10.11.219.6
4319,-235,1649364521.704243000,44.236.112.249
4320,-104,1649364521.704243000,44.236.112.249
4321,66,1649364521.704250000,10.11.219.6
4322,66,1649364521.704258000,10.11.219.6
4323,166,1649364521.718032000,10.11.219.6
4324,105,1649364521.719617000,10.11.219.6
4325,105,1649364521.719644000,10.11.219.6
4326,105,1649364521.719658000,10.11.219.6
4327,-66,1649364521.720281000,172.217.25.162
4328,501,1649364521.720967000,10.11.219.6
4329,54,1649364521.721412000,10.11.219.6
4330,-66,1649364521.722407000,172.217.25.162
4331,-66,1649364521.722408000,35.244.159.8
4332,180,1649364521.723756000,10.11.219.6
4333,90,1649364521.723797000,10.11.219.6
4334,66,1649364521.723808000,10.11.219.6
4335,504,1649364521.724331000,10.11.219.6
4336,583,1649364521.726343000,10.11.219.6
4337,-66,1649364521.727786000,172.217.25.162
4338,-66,1649364521.727786000,172.217.25.162
4339,-66,1649364521.727787000,142.250.76.130
4340,66,1649364521.727801000,10.11.219.6
4341,571,1649364521.727947000,10.11.219.6
4342,-66,1649364521.742757000,44.236.112.249
4343,-54,1649364521.745999000,209.54.177.54
4344,-54,1649364521.756696000,209.54.177.54
4345,-639,1649364521.761027000,52.119.175.30
4346,-309,1649364521.763163000,172.217.25.162
4347,-397,1649364521.763164000,172.217.25.162
4348,-136,1649364521.763164000,172.217.25.162
4349,66,1649364521.763176000,10.11.219.6
4350,66,1649364521.763196000,10.11.219.6
4351,66,1649364521.763209000,10.11.219.6
4352,105,1649364521.763495000,10.11.219.6
4353,-66,1649364521.766303000,172.217.25.162
4354,243,1649364521.779124000,10.11.219.6
4355,408,1649364521.779158000,10.11.219.6
4356,104,1649364521.781151000,10.11.219.6
4357,130,1649364521.783517000,10.11.219.6
4358,-66,1649364521.795214000,103.43.90.178
4359,-1045,1649364521.797384000,103.43.90.178
4360,66,1649364521.797412000,10.11.219.6
4361,-324,1649364521.799495000,35.173.74.115
4362,-135,1649364521.799496000,35.173.74.115
4363,66,1649364521.799514000,10.11.219.6
4364,66,1649364521.799531000,10.11.219.6
4365,-66,1649364521.804934000,209.54.177.54
4366,54,1649364521.804966000,10.11.219.6
4367,54,1649364521.805409000,10.11.219.6
4368,-54,1649364521.807032000,209.54.177.54
4369,-6001,1649364521.810457000,209.54.177.54
4370,54,1649364521.810466000,10.11.219.6
4371,-54,1649364521.811538000,209.54.177.54
4372,-6001,1649364521.818751000,209.54.177.54
4373,-481,1649364521.818752000,44.236.112.249
4374,54,1649364521.818760000,10.11.219.6
4375,66,1649364521.818769000,10.11.219.6
4376,531,1649364521.820793000,10.11.219.6
4377,180,1649364521.826257000,10.11.219.6
4378,180,1649364521.829739000,10.11.219.6
4379,-66,1649364521.833469000,35.213.12.39
4380,-923,1649364521.834541000,35.213.12.39
4381,66,1649364521.834551000,10.11.219.6
4382,-145,1649364521.843115000,119.9.108.211
4383,-145,1649364521.843116000,119.9.108.211
4384,66,1649364521.843130000,10.11.219.6
4385,66,1649364521.843140000,10.11.219.6
4386,-54,1649364521.856988000,209.54.177.54
4387,543,1649364521.865556000,10.11.219.6
4388,178,1649364521.865840000,10.11.219.6
4389,531,1649364521.867198000,10.11.219.6
4390,-66,1649364521.868750000,172.217.25.162
4391,571,1649364521.871396000,10.11.219.6
4392,539,1649364521.871570000,10.11.219.6
4393,174,1649364521.871667000,10.11.219.6
4394,-66,1649364521.875170000,172.217.25.162
4395,487,1649364521.875627000,10.11.219.6
4396,74,1649364521.875867000,10.11.219.6
4397,-74,1649364521.879462000,172.217.161.228
4398,66,1649364521.879492000,10.11.219.6
4399,550,1649364521.880550000,10.11.219.6
4400,537,1649364521.880659000,10.11.219.6
4401,583,1649364521.882917000,10.11.219.6
4402,-66,1649364521.885906000,172.217.161.228
4403,-105,1649364521.893453000,209.54.177.54
4404,54,1649364521.893486000,10.11.219.6
4405,505,1649364521.893858000,10.11.219.6
4406,-330,1649364521.894493000,35.213.12.39
4407,66,1649364521.894505000,10.11.219.6
4408,-639,1649364521.904115000,209.54.177.54
4409,54,1649364521.904142000,10.11.219.6
4410,105,1649364521.904323000,10.11.219.6
4411,105,1649364521.904674000,10.11.219.6
4412,105,1649364521.904709000,10.11.219.6
4413,105,1649364521.904725000,10.11.219.6
4414,112,1649364521.904762000,10.11.219.6
4415,112,1649364521.904777000,10.11.219.6
4416,105,1649364521.904830000,10.11.219.6
4417,112,1649364521.904846000,10.11.219.6
4418,112,1649364521.904859000,10.11.219.6
4419,112,1649364521.904885000,10.11.219.6
4420,105,1649364521.904938000,10.11.219.6
4421,112,1649364521.904978000,10.11.219.6
4422,105,1649364521.905001000,10.11.219.6
4423,112,1649364521.905020000,10.11.219.6
4424,112,1649364521.905033000,10.11.219.6
4425,105,1649364521.905203000,10.11.219.6
4426,105,1649364521.905267000,10.11.219.6
4427,105,1649364521.905316000,10.11.219.6
4428,105,1649364521.905337000,10.11.219.6
4429,112,1649364521.905355000,10.11.219.6
4430,105,1649364521.905380000,10.11.219.6
4431,97,1649364521.905553000,10.11.219.6
4432,66,1649364521.905565000,10.11.219.6
4433,119,1649364521.905948000,10.11.219.6
4434,66,1649364521.905964000,10.11.219.6
4435,97,1649364521.906057000,10.11.219.6
4436,66,1649364521.906070000,10.11.219.6
4437,90,1649364521.906175000,10.11.219.6
4438,66,1649364521.906188000,10.11.219.6
4439,97,1649364521.906365000,10.11.219.6
4440,66,1649364521.906379000,10.11.219.6
4441,97,1649364521.906473000,10.11.219.6
4442,66,1649364521.906487000,10.11.219.6
4443,90,1649364521.906667000,10.11.219.6
4444,66,1649364521.906683000,10.11.219.6
4445,107,1649364521.906940000,10.11.219.6
4446,54,1649364521.906955000,10.11.219.6
4447,85,1649364521.907403000,10.11.219.6
4448,54,1649364521.907422000,10.11.219.6
4449,85,1649364521.907574000,10.11.219.6
4450,54,1649364521.907589000,10.11.219.6
4451,85,1649364521.907747000,10.11.219.6
4452,54,1649364521.907761000,10.11.219.6
4453,85,1649364521.907944000,10.11.219.6
4454,54,1649364521.907958000,10.11.219.6
4455,85,1649364521.908128000,10.11.219.6
4456,54,1649364521.908142000,10.11.219.6
4457,-66,1649364521.908363000,35.227.202.26
4458,-54,1649364521.908364000,209.54.177.54
4459,-66,1649364521.908365000,142.250.76.130
4460,-66,1649364521.908365000,18.65.148.37
4461,-66,1649364521.908366000,18.65.156.177
4462,-66,1649364521.908366000,18.65.110.227
4463,85,1649364521.908544000,10.11.219.6
4464,54,1649364521.908561000,10.11.219.6
4465,85,1649364521.908771000,10.11.219.6
4466,54,1649364521.908785000,10.11.219.6
4467,85,1649364521.908948000,10.11.219.6
4468,54,1649364521.908961000,10.11.219.6
4469,85,1649364521.909186000,10.11.219.6
4470,54,1649364521.909201000,10.11.219.6
4471,97,1649364521.909441000,10.11.219.6
4472,66,1649364521.909452000,10.11.219.6
4473,97,1649364521.909573000,10.11.219.6
4474,66,1649364521.909601000,10.11.219.6
4475,-66,1649364521.910975000,23.205.97.4
4476,-66,1649364521.910976000,35.186.254.217
4477,-97,1649364521.910977000,23.205.97.4
4478,-66,1649364521.910977000,23.205.97.4
4479,-66,1649364521.910977000,35.244.159.8
4480,-66,1649364521.910978000,23.205.97.4
4481,54,1649364521.911019000,10.11.219.6
4482,54,1649364521.911050000,10.11.219.6
4483,-97,1649364521.911089000,23.205.97.4
4484,-66,1649364521.911090000,184.25.233.136
4485,-66,1649364521.911090000,23.64.8.218
4486,54,1649364521.911100000,10.11.219.6
4487,97,1649364521.911397000,10.11.219.6
4488,66,1649364521.911414000,10.11.219.6
4489,-66,1649364521.911585000,23.205.97.4
4490,-97,1649364521.911586000,184.25.233.136
4491,-66,1649364521.911586000,184.25.233.136
4492,-66,1649364521.911586000,18.65.116.37
4493,-6001,1649364521.911587000,209.54.177.54
4494,54,1649364521.911597000,10.11.219.6
4495,54,1649364521.911626000,10.11.219.6
4496,54,1649364521.911633000,10.11.219.6
4497,54,1649364521.911643000,10.11.219.6
4498,-90,1649364521.911653000,23.64.8.218
4499,-66,1649364521.911654000,23.64.8.218
4500,54,1649364521.911665000,10.11.219.6
4501,54,1649364521.911674000,10.11.219.6
4502,90,1649364521.911750000,10.11.219.6
4503,66,1649364521.911764000,10.11.219.6
4504,90,1649364521.911910000,10.11.219.6
4505,66,1649364521.911930000,10.11.219.6
4506,90,1649364521.912126000,10.11.219.6
4507,66,1649364521.912140000,10.11.219.6
4508,90,1649364521.912528000,10.11.219.6
4509,66,1649364521.912542000,10.11.219.6
4510,97,1649364521.912740000,10.11.219.6
4511,66,1649364521.912752000,10.11.219.6
4512,-190,1649364521.912791000,172.217.25.162
4513,-367,1649364521.912792000,172.217.25.162
4514,-97,1649364521.912792000,172.217.25.162
4515,90,1649364521.913017000,10.11.219.6
4516,66,1649364521.913031000,10.11.219.6
4517,85,1649364521.913216000,10.11.219.6
4518,54,1649364521.913235000,10.11.219.6
4519,97,1649364521.913420000,10.11.219.6
4520,66,1649364521.913455000,10.11.219.6
4521,90,1649364521.913851000,10.11.219.6
4522,66,1649364521.913866000,10.11.219.6
4523,-105,1649364521.914044000,172.217.25.162
4524,-66,1649364521.914046000,18.65.116.118
4525,66,1649364521.914092000,10.11.219.6
4526,97,1649364521.914115000,10.11.219.6
4527,66,1649364521.914129000,10.11.219.6
4528,97,1649364521.914280000,10.11.219.6
4529,66,1649364521.914296000,10.11.219.6
4530,90,1649364521.914531000,10.11.219.6
4531,66,1649364521.914547000,10.11.219.6
4532,97,1649364521.915084000,10.11.219.6
4533,66,1649364521.915103000,10.11.219.6
4534,-66,1649364521.915274000,35.186.254.217
4535,-66,1649364521.915275000,35.186.254.217
4536,-66,1649364521.915275000,151.101.109.16
4537,66,1649364521.915300000,10.11.219.6
4538,90,1649364521.915504000,10.11.219.6
4539,66,1649364521.915521000,10.11.219.6
4540,97,1649364521.915745000,10.11.219.6
4541,66,1649364521.915760000,10.11.219.6
4542,90,1649364521.915897000,10.11.219.6
4543,66,1649364521.915911000,10.11.219.6
4544,90,1649364521.916368000,10.11.219.6
4545,66,1649364521.916383000,10.11.219.6
4546,97,1649364521.916627000,10.11.219.6
4547,66,1649364521.916641000,10.11.219.6
4548,90,1649364521.916833000,10.11.219.6
4549,66,1649364521.916848000,10.11.219.6
4550,97,1649364521.917375000,10.11.219.6
4551,66,1649364521.917392000,10.11.219.6
4552,-66,1649364521.917475000,151.101.109.16
4553,-190,1649364521.917475000,172.217.25.162
4554,-366,1649364521.917476000,172.217.25.162
4555,-66,1649364521.917476000,18.65.148.37
4556,-97,1649364521.917476000,172.217.25.162
4557,-66,1649364521.917476000,18.65.148.37
4558,-66,1649364521.917477000,18.65.116.37
4559,-66,1649364521.917477000,18.65.116.37
4560,66,1649364521.917502000,10.11.219.6
4561,66,1649364521.917519000,10.11.219.6
4562,-66,1649364521.917537000,142.250.76.130
4563,-66,1649364521.917537000,103.231.99.243
4564,-66,1649364521.917537000,142.250.76.130
4565,-66,1649364521.917538000,142.250.76.130
4566,-112,1649364521.917538000,103.231.99.243
4567,-66,1649364521.917538000,103.231.99.80
4568,-66,1649364521.917539000,103.231.99.243
4569,-90,1649364521.917539000,18.178.22.21
4570,66,1649364521.917562000,10.11.219.6
4571,54,1649364521.917575000,10.11.219.6
4572,54,1649364521.917586000,10.11.219.6
4573,54,1649364521.917596000,10.11.219.6
4574,-66,1649364521.917607000,18.178.22.21
4575,54,1649364521.917612000,10.11.219.6
4576,90,1649364521.917830000,10.11.219.6
4577,66,1649364521.917844000,10.11.219.6
4578,-66,1649364521.918449000,52.198.176.137
4579,-66,1649364521.918450000,13.225.178.23
4580,-66,1649364521.918451000,13.225.178.23
4581,-66,1649364521.918452000,18.65.156.177
4582,-66,1649364521.918452000,18.65.156.177
4583,66,1649364521.918477000,10.11.219.6
4584,66,1649364521.918499000,10.11.219.6
4585,-66,1649364521.919303000,54.150.10.110
4586,-66,1649364521.919304000,35.213.12.39
4587,-66,1649364521.919304000,35.227.202.26
4588,-66,1649364521.919305000,35.227.202.26
4589,66,1649364521.919322000,10.11.219.6
4590,66,1649364521.919341000,10.11.219.6
4591,66,1649364521.919356000,10.11.219.6
4592,-66,1649364521.920369000,18.65.110.227
4593,-66,1649364521.920370000,18.65.110.227
4594,66,1649364521.920402000,10.11.219.6
4595,-97,1649364521.921459000,52.196.216.91
4596,-66,1649364521.921460000,52.196.216.91
4597,-66,1649364521.921460000,18.65.116.99
4598,-66,1649364521.921461000,18.65.116.99
4599,-66,1649364521.921461000,18.65.116.99
4600,-66,1649364521.921462000,35.244.159.8
4601,-66,1649364521.921462000,35.244.159.8
4602,54,1649364521.921488000,10.11.219.6
4603,54,1649364521.921512000,10.11.219.6
4604,66,1649364521.921536000,10.11.219.6
4605,66,1649364521.921552000,10.11.219.6
4606,-66,1649364521.922517000,54.92.121.120
4607,-66,1649364521.922518000,54.92.121.120
4608,-66,1649364521.922519000,54.92.121.120
4609,66,1649364521.922553000,10.11.219.6
4610,180,1649364521.923525000,10.11.219.6
4611,-66,1649364521.923558000,104.244.42.131
4612,-90,1649364521.923560000,104.244.42.131
4613,54,1649364521.923585000,10.11.219.6
4614,105,1649364521.924390000,10.11.219.6
4615,-66,1649364521.924621000,104.244.42.131
4616,54,1649364521.924635000,10.11.219.6
4617,105,1649364521.924849000,10.11.219.6
4618,90,1649364521.924877000,10.11.219.6
4619,-66,1649364521.925983000,54.250.105.172
4620,-66,1649364521.925984000,54.250.105.172
4621,-249,1649364521.925984000,172.217.161.228
4622,-4170,1649364521.925986000,172.217.161.228
4623,66,1649364521.926037000,10.11.219.6
4624,78,1649364521.926067000,10.11.219.6
4625,66,1649364521.926083000,10.11.219.6
4626,74,1649364521.926160000,10.11.219.6
4627,74,1649364521.926273000,10.11.219.6
4628,74,1649364521.926482000,10.11.219.6
4629,-66,1649364521.927900000,52.198.176.137
4630,-66,1649364521.927901000,52.198.176.137
4631,-66,1649364521.927902000,151.101.109.16
4632,-66,1649364521.927902000,172.217.25.162
4633,-90,1649364521.927902000,151.101.109.16
4634,-66,1649364521.927902000,151.101.109.16
4635,-66,1649364521.927903000,151.101.109.16
4636,-66,1649364521.927903000,172.217.25.162
4637,66,1649364521.927930000,10.11.219.6
4638,54,1649364521.927967000,10.11.219.6
4639,54,1649364521.927982000,10.11.219.6
4640,54,1649364521.927989000,10.11.219.6
4641,66,1649364521.927997000,10.11.219.6
4642,-66,1649364521.928954000,151.101.109.16
4643,-66,1649364521.928956000,103.231.99.80
4644,-66,1649364521.928956000,103.231.99.80
4645,-66,1649364521.928956000,151.101.109.16
4646,-90,1649364521.928957000,151.101.109.16
4647,-66,1649364521.928957000,103.231.99.80
4648,-66,1649364521.928958000,151.101.109.16
4649,54,1649364521.928998000,10.11.219.6
4650,66,1649364521.929020000,10.11.219.6
4651,54,1649364521.929029000,10.11.219.6
4652,-74,1649364521.929978000,18.65.110.227
4653,66,1649364521.929999000,10.11.219.6
4654,-54,1649364521.932364000,54.150.10.110
4655,-710,1649364521.934548000,119.9.108.211
4656,66,1649364521.934570000,10.11.219.6
4657,90,1649364521.936195000,10.11.219.6
4658,66,1649364521.936222000,10.11.219.6
4659,583,1649364521.938900000,10.11.219.6
4660,-66,1649364521.941980000,18.65.110.227
4661,-4170,1649364521.943326000,18.65.110.227
4662,66,1649364521.943347000,10.11.219.6
4663,-1217,1649364521.944217000,18.65.110.227
4664,66,1649364521.944235000,10.11.219.6
4665,-823,1649364521.945261000,103.43.90.178
4666,66,1649364521.945279000,10.11.219.6
4667,-66,1649364521.946305000,3.222.49.36
4668,-104,1649364521.946306000,3.222.49.36
4669,66,1649364521.946326000,10.11.219.6
4670,-493,1649364521.947401000,3.222.49.36
4671,-66,1649364521.947403000,103.71.26.126
4672,66,1649364521.947422000,10.11.219.6
4673,-766,1649364521.948473000,103.71.26.126
4674,66,1649364521.948487000,10.11.219.6
4675,112,1649364521.960336000,10.11.219.6
4676,97,1649364521.962856000,10.11.219.6
4677,66,1649364521.962886000,10.11.219.6
4678,97,1649364521.963027000,10.11.219.6
4679,66,1649364521.963045000,10.11.219.6
4680,97,1649364521.963174000,10.11.219.6
4681,66,1649364521.963188000,10.11.219.6
4682,130,1649364521.976795000,10.11.219.6
4683,236,1649364521.977146000,10.11.219.6
4684,712,1649364521.977174000,10.11.219.6
4685,-54,1649364521.977393000,209.54.177.54
4686,-66,1649364521.979523000,18.65.110.227
4687,-128,1649364521.979524000,18.65.110.227
4688,66,1649364521.979546000,10.11.219.6
4689,97,1649364521.979644000,10.11.219.6
4690,74,1649364521.980565000,10.11.219.6
4691,-66,1649364521.980600000,18.65.110.227
4692,-97,1649364521.980601000,18.65.110.227
4693,-66,1649364521.980601000,18.65.110.227
4694,66,1649364521.980614000,10.11.219.6
4695,-66,1649364521.982731000,18.65.110.227
4696,-66,1649364521.990264000,3.222.49.36
4697,-887,1649364521.991326000,8.39.36.142
4698,66,1649364521.991341000,10.11.219.6
4699,119,1649364521.991742000,10.11.219.6
4700,66,1649364521.991767000,10.11.219.6
4701,-90,1649364521.995576000,119.9.108.211
4702,-66,1649364521.995577000,119.9.108.211
4703,54,1649364521.995609000,10.11.219.6
4704,54,1649364521.995637000,10.11.219.6
4705,-74,1649364522.003218000,31.13.75.35
4706,66,1649364522.003245000,10.11.219.6
4707,-105,1649364522.004149000,209.54.177.54
4708,54,1649364522.004162000,10.11.219.6
4709,583,1649364522.006877000,10.11.219.6
4710,551,1649364522.007547000,10.11.219.6
4711,-105,1649364522.010401000,209.54.177.54
4712,54,1649364522.010427000,10.11.219.6
4713,531,1649364522.010743000,10.11.219.6
4714,-66,1649364522.024423000,8.39.36.142
4715,-66,1649364522.026526000,8.39.36.142
4716,66,1649364522.026547000,10.11.219.6
4717,-54,1649364522.029699000,52.119.175.30
4718,-54,1649364522.029700000,52.119.175.30
4719,54,1649364522.029733000,10.11.219.6
4720,-66,1649364522.030762000,103.71.26.126
4721,-66,1649364522.030763000,103.71.26.126
4722,-66,1649364522.030764000,103.71.26.126
4723,66,1649364522.030800000,10.11.219.6
4724,-54,1649364522.031819000,52.94.176.92
4725,54,1649364522.031842000,10.11.219.6
4726,-54,1649364522.032880000,52.94.176.92
4727,-54,1649364522.032881000,52.94.176.92
4728,54,1649364522.032925000,10.11.219.6
4729,-54,1649364522.034167000,52.119.174.17
4730,-54,1649364522.034168000,52.119.174.17
4731,54,1649364522.034196000,10.11.219.6
4732,-54,1649364522.036388000,52.94.176.92
4733,54,1649364522.036451000,10.11.219.6
4734,-639,1649364522.037429000,209.54.177.54
4735,54,1649364522.037455000,10.11.219.6
4736,85,1649364522.037944000,10.11.219.6
4737,54,1649364522.037972000,10.11.219.6
4738,-54,1649364522.038504000,52.94.176.92
4739,-66,1649364522.038505000,103.43.90.178
4740,-66,1649364522.038506000,103.43.90.178
4741,-66,1649364522.038506000,44.236.112.249
4742,54,1649364522.038527000,10.11.219.6
4743,66,1649364522.038570000,10.11.219.6
4744,243,1649364522.040240000,10.11.219.6
4745,339,1649364522.040288000,10.11.219.6
4746,104,1649364522.041128000,10.11.219.6
4747,-66,1649364522.041684000,54.203.238.121
4748,-66,1649364522.041686000,54.203.238.121
4749,-66,1649364522.041686000,54.203.238.121
4750,66,1649364522.041731000,10.11.219.6
4751,-54,1649364522.042717000,209.54.177.54
4752,-54,1649364522.044991000,52.94.176.92
4753,54,1649364522.045097000,10.11.219.6
4754,-2774,1649364522.046331000,209.54.177.54
4755,54,1649364522.046368000,10.11.219.6
4756,-3281,1649364522.049576000,209.54.177.54
4757,-54,1649364522.049577000,52.94.176.92
4758,-66,1649364522.049578000,44.236.112.249
4759,-66,1649364522.049578000,44.236.112.249
4760,-66,1649364522.049579000,44.236.112.249
4761,-54,1649364522.049579000,52.119.166.51
4762,54,1649364522.049597000,10.11.219.6
4763,54,1649364522.049623000,10.11.219.6
4764,66,1649364522.049660000,10.11.219.6
4765,54,1649364522.049675000,10.11.219.6
4766,180,1649364522.055095000,10.11.219.6
4767,-74,1649364522.065770000,44.236.112.249
4768,-66,1649364522.065772000,52.94.176.92
4769,66,1649364522.065810000,10.11.219.6
4770,54,1649364522.065845000,10.11.219.6
4771,243,1649364522.069408000,10.11.219.6
4772,401,1649364522.069480000,10.11.219.6
4773,-639,1649364522.071099000,209.54.177.54
4774,54,1649364522.071121000,10.11.219.6
4775,104,1649364522.071138000,10.11.219.6
4776,583,1649364522.075252000,10.11.219.6
4777,571,1649364522.079474000,10.11.219.6
4778,-107,1649364522.080047000,52.94.234.174
4779,-54,1649364522.080048000,52.94.234.174
4780,54,1649364522.080084000,10.11.219.6
4781,54,1649364522.080113000,10.11.219.6
4782,85,1649364522.081374000,10.11.219.6
4783,54,1649364522.081392000,10.11.219.6
4784,-669,1649364522.085289000,18.65.110.227
4785,-97,1649364522.085291000,18.65.110.227
4786,66,1649364522.085310000,10.11.219.6
4787,66,1649364522.085349000,10.11.219.6
4788,-54,1649364522.087380000,209.54.177.54
4789,54,1649364522.087401000,10.11.219.6
4790,-105,1649364522.102416000,209.54.177.54
4791,54,1649364522.102444000,10.11.219.6
4792,85,1649364522.103081000,10.11.219.6
4793,54,1649364522.103107000,10.11.219.6
4794,-66,1649364522.105599000,8.39.36.142
4795,-66,1649364522.105600000,8.39.36.142
4796,66,1649364522.105649000,10.11.219.6
4797,105,1649364522.114376000,10.11.219.6
4798,90,1649364522.114626000,10.11.219.6
4799,-66,1649364522.114919000,52.94.176.92
4800,54,1649364522.114945000,10.11.219.6
4801,-66,1649364522.116984000,18.65.110.227
4802,571,1649364522.118022000,10.11.219.6
4803,-66,1649364522.118078000,18.65.110.227
4804,66,1649364522.118096000,10.11.219.6
4805,-66,1649364522.126713000,3.222.49.36
4806,-66,1649364522.129033000,3.222.49.36
4807,-66,1649364522.129034000,3.222.49.36
4808,-66,1649364522.129035000,3.222.49.36
4809,66,1649364522.129065000,10.11.219.6
4810,-104,1649364522.143221000,3.1.135.157
4811,66,1649364522.143293000,10.11.219.6
4812,-66,1649364522.144199000,3.1.135.157
4813,-995,1649364522.146389000,3.1.135.157
4814,-104,1649364522.146390000,3.1.135.157
4815,66,1649364522.146410000,10.11.219.6
4816,66,1649364522.146443000,10.11.219.6
4817,112,1649364522.146754000,10.11.219.6
4818,97,1649364522.146909000,10.11.219.6
4819,-66,1649364522.168219000,31.13.75.35
4820,-1434,1649364522.168221000,31.13.75.35
4821,-763,1649364522.168221000,31.13.75.35
4822,-1434,1649364522.168222000,31.13.75.35
4823,66,1649364522.168251000,10.11.219.6
4824,78,1649364522.168280000,10.11.219.6
4825,66,1649364522.168294000,10.11.219.6
4826,-639,1649364522.195843000,209.54.177.54
4827,54,1649364522.195954000,10.11.219.6
4828,-639,1649364522.198946000,209.54.177.54
4829,54,1649364522.198974000,10.11.219.6
4830,85,1649364522.199239000,10.11.219.6
4831,54,1649364522.199266000,10.11.219.6
4832,85,1649364522.199596000,10.11.219.6
4833,54,1649364522.199608000,10.11.219.6
4834,-54,1649364522.204253000,209.54.177.54
4835,-54,1649364522.204254000,209.54.177.54
4836,-54,1649364522.204255000,52.94.176.92
4837,54,1649364522.204282000,10.11.219.6
4838,-66,1649364522.213887000,44.236.112.249
4839,-66,1649364522.215379000,35.173.74.115
4840,-104,1649364522.215381000,35.173.74.115
4841,66,1649364522.215426000,10.11.219.6
4842,-1434,1649364522.217417000,44.236.112.249
4843,-1407,1649364522.217420000,44.236.112.249
4844,-255,1649364522.217421000,35.173.74.115
4845,-2802,1649364522.217422000,44.236.112.249
4846,66,1649364522.217449000,10.11.219.6
4847,78,1649364522.217481000,10.11.219.6
4848,66,1649364522.217497000,10.11.219.6
4849,66,1649364522.217507000,10.11.219.6
4850,-54,1649364522.218082000,52.94.176.92
4851,-2774,1649364522.220658000,52.94.176.92
4852,54,1649364522.220676000,10.11.219.6
4853,-3359,1649364522.220705000,52.94.176.92
4854,-66,1649364522.220705000,3.1.135.157
4855,-66,1649364522.220706000,3.1.135.157
4856,54,1649364522.220715000,10.11.219.6
4857,66,1649364522.220752000,10.11.219.6
4858,-105,1649364522.226678000,209.54.177.54
4859,54,1649364522.226698000,10.11.219.6
4860,192,1649364522.234489000,10.11.219.6
4861,130,1649364522.235909000,10.11.219.6
4862,112,1649364522.236481000,10.11.219.6
4863,-66,1649364522.238445000,172.217.161.228
4864,180,1649364522.243835000,10.11.219.6
4865,97,1649364522.244513000,10.11.219.6
4866,66,1649364522.244540000,10.11.219.6
4867,236,1649364522.244786000,10.11.219.6
4868,393,1649364522.244806000,10.11.219.6
4869,85,1649364522.246849000,10.11.219.6
4870,54,1649364522.246887000,10.11.219.6
4871,-66,1649364522.248133000,172.217.161.228
4872,-66,1649364522.248134000,172.217.161.228
4873,-674,1649364522.248134000,172.217.161.228
4874,-97,1649364522.248135000,172.217.161.228
4875,66,1649364522.248159000,10.11.219.6
4876,66,1649364522.248176000,10.11.219.6
4877,-54,1649364522.249153000,52.94.176.92
4878,97,1649364522.249334000,10.11.219.6
4879,74,1649364522.250735000,10.11.219.6
4880,-54,1649364522.251303000,209.54.177.54
4881,54,1649364522.251320000,10.11.219.6
4882,-54,1649364522.252396000,52.94.176.92
4883,-6079,1649364522.254934000,52.94.176.92
4884,54,1649364522.254958000,10.11.219.6
4885,-66,1649364522.256936000,172.217.161.228
4886,180,1649364522.260145000,10.11.219.6
4887,66,1649364522.269049000,10.11.219.6
4888,74,1649364522.269672000,10.11.219.6
4889,74,1649364522.269726000,10.11.219.6
4890,74,1649364522.269789000,10.11.219.6
4891,74,1649364522.269851000,10.11.219.6
4892,130,1649364522.271416000,10.11.219.6
4893,236,1649364522.272049000,10.11.219.6
4894,472,1649364522.272077000,10.11.219.6
4895,101,1649364522.273137000,10.11.219.6
4896,105,1649364522.273204000,10.11.219.6
4897,101,1649364522.273240000,10.11.219.6
4898,105,1649364522.273281000,10.11.219.6
4899,90,1649364522.273537000,10.11.219.6
4900,90,1649364522.273687000,10.11.219.6
4901,74,1649364522.276085000,10.11.219.6
4902,-66,1649364522.276240000,172.217.161.228
4903,-66,1649364522.276241000,172.217.161.228
4904,-66,1649364522.276243000,172.217.161.228
4905,66,1649364522.276272000,10.11.219.6
4906,74,1649364522.278280000,10.11.219.6
4907,-54,1649364522.281610000,209.54.177.54
4908,54,1649364522.281638000,10.11.219.6
4909,66,1649364522.304863000,10.11.219.6
4910,54,1649364522.305014000,10.11.219.6
4911,54,1649364522.305162000,10.11.219.6
4912,-70,1649364522.365164000,103.71.26.126
4913,-66,1649364522.365165000,31.13.75.35
4914,-1434,1649364522.365165000,31.13.75.35
4915,-763,1649364522.365166000,31.13.75.35
4916,-1434,1649364522.365166000,31.13.75.35
4917,54,1649364522.365182000,10.11.219.6
4918,54,1649364522.365209000,10.11.219.6
4919,54,1649364522.365217000,10.11.219.6
4920,54,1649364522.365220000,10.11.219.6
4921,-324,1649364522.374330000,44.236.112.249
4922,-135,1649364522.374330000,44.236.112.249
4923,54,1649364522.374344000,10.11.219.6
4924,54,1649364522.374354000,10.11.219.6
4925,-54,1649364522.377509000,209.54.177.54
4926,54,1649364522.377514000,10.11.219.6
4927,-54,1649364522.380695000,209.54.177.54
4928,54,1649364522.380700000,10.11.219.6
4929,-105,1649364522.382865000,52.94.176.92
4930,54,1649364522.382872000,10.11.219.6
4931,-105,1649364522.393710000,52.94.176.92
4932,54,1649364522.393734000,10.11.219.6
4933,-66,1649364522.396808000,52.119.175.30
4934,54,1649364522.396816000,10.11.219.6
4935,-74,1649364522.397907000,44.236.112.249
4936,54,1649364522.397911000,10.11.219.6
4937,-66,1649364522.401132000,52.94.176.92
4938,54,1649364522.401138000,10.11.219.6
4939,-54,1649364522.418267000,209.54.177.54
4940,54,1649364522.418284000,10.11.219.6
4941,-66,1649364522.419313000,35.173.74.115
4942,-66,1649364522.419314000,35.173.74.115
4943,-66,1649364522.419314000,35.173.74.115
4944,66,1649364522.419333000,10.11.219.6
4945,-66,1649364522.422484000,209.54.177.54
4946,54,1649364522.422490000,10.11.219.6
4947,-66,1649364522.445043000,209.54.177.54
4948,54,1649364522.445056000,10.11.219.6
4949,-66,1649364522.449278000,209.54.177.54
4950,54,1649364522.449286000,10.11.219.6
4951,-66,1649364522.682247000,31.13.75.35
4952,-237,1649364522.682249000,31.13.75.35
4953,-66,1649364522.682250000,31.13.75.35
4954,-66,1649364522.682250000,31.13.75.35
4955,54,1649364522.682291000,10.11.219.6
4956,54,1649364522.682315000,10.11.219.6
4957,54,1649364522.682320000,10.11.219.6
4958,-66,1649364522.685522000,31.13.75.35
4959,-66,1649364522.685523000,31.13.75.35
4960,-105,1649364522.685524000,31.13.75.35
4961,-66,1649364522.685524000,31.13.75.35
4962,-54,1649364522.685524000,31.13.75.35
4963,54,1649364522.685548000,10.11.219.6
4964,54,1649364522.685577000,10.11.219.6
4965,54,1649364522.685586000,10.11.219.6
4966,54,1649364522.685592000,10.11.219.6
