index,size,time,ip
0,243,1647448721.894223000,192.168.10.155
1,630,1647448721.894254000,192.168.10.155
2,583,1647448721.896729000,192.168.10.155
3,526,1647448721.896926000,192.168.10.155
4,-66,1647448721.897518000,184.25.233.138
5,-66,1647448721.900119000,54.230.130.25
6,-66,1647448721.900120000,54.239.168.31
7,-2922,1647448721.901702000,54.239.168.31
8,-1048,1647448721.901703000,54.230.130.25
9,66,1647448721.901722000,192.168.10.155
10,66,1647448721.901757000,192.168.10.155
11,-1208,1647448721.902743000,54.239.168.31
12,66,1647448721.902760000,192.168.10.155
13,-143,1647448721.906963000,184.25.233.138
14,66,1647448721.906982000,192.168.10.155
15,104,1647448721.907107000,192.168.10.155
16,130,1647448721.908849000,192.168.10.155
17,549,1647448721.909230000,192.168.10.155
18,500,1647448721.909373000,192.168.10.155
19,-66,1647448721.910344000,184.25.233.138
20,-66,1647448721.911823000,54.239.168.31
21,-66,1647448721.911824000,54.230.130.25
22,-66,1647448721.911825000,54.239.168.31
23,-610,1647448721.913207000,54.239.168.31
24,-3841,1647448721.913211000,54.230.130.25
25,-90,1647448721.913212000,54.239.168.31
26,66,1647448721.913253000,192.168.10.155
27,66,1647448721.913316000,192.168.10.155
28,90,1647448721.914025000,192.168.10.155
29,66,1647448721.914050000,192.168.10.155
30,-60,1647448721.917576000,54.239.168.31
31,-60,1647448721.917577000,54.239.168.31
32,-97,1647448721.917578000,35.81.85.200
33,-66,1647448721.917580000,35.81.85.200
34,54,1647448721.917639000,192.168.10.155
35,54,1647448721.917663000,192.168.10.155
36,74,1647448721.918316000,192.168.10.155
37,-74,1647448721.922427000,54.239.168.31
38,66,1647448721.922447000,192.168.10.155
39,583,1647448721.925190000,192.168.10.155
40,74,1647448721.927189000,192.168.10.155
41,-66,1647448721.929414000,54.239.168.31
42,-2922,1647448721.929420000,54.239.168.31
43,66,1647448721.929471000,192.168.10.155
44,-74,1647448721.930503000,54.230.130.7
45,66,1647448721.930527000,192.168.10.155
46,282,1647448721.930657000,192.168.10.155
47,-1208,1647448721.932101000,54.239.168.31
48,66,1647448721.932127000,192.168.10.155
49,130,1647448721.934732000,192.168.10.155
50,494,1647448721.934867000,192.168.10.155
51,-66,1647448721.938100000,54.230.130.7
52,-66,1647448721.938101000,54.239.168.31
53,-2922,1647448721.938468000,54.230.130.7
54,-7206,1647448721.938470000,54.239.168.31
55,66,1647448721.938481000,192.168.10.155
56,66,1647448721.938499000,192.168.10.155
57,90,1647448721.938824000,192.168.10.155
58,66,1647448721.938849000,192.168.10.155
59,-90,1647448721.939284000,54.239.168.31
60,-66,1647448721.939285000,54.239.168.31
61,54,1647448721.939309000,192.168.10.155
62,54,1647448721.939329000,192.168.10.155
63,-1109,1647448721.939989000,54.230.130.7
64,66,1647448721.940018000,192.168.10.155
65,159,1647448721.942531000,192.168.10.155
66,-60,1647448721.943389000,54.239.168.31
67,-60,1647448721.943390000,54.239.168.31
68,74,1647448721.944940000,192.168.10.155
69,-66,1647448721.946083000,54.230.130.7
70,-237,1647448721.946689000,54.230.130.7
71,-135,1647448721.946689000,54.230.130.7
72,66,1647448721.946703000,192.168.10.155
73,66,1647448721.946731000,192.168.10.155
74,243,1647448721.947221000,192.168.10.155
75,375,1647448721.947245000,192.168.10.155
76,104,1647448721.947527000,192.168.10.155
77,-74,1647448721.948680000,54.239.168.31
78,66,1647448721.948701000,192.168.10.155
79,-66,1647448721.950565000,54.230.130.7
80,-104,1647448721.950566000,54.230.130.7
81,-5778,1647448721.950567000,54.230.130.7
82,-66,1647448721.950568000,54.230.130.7
83,66,1647448721.950583000,192.168.10.155
84,66,1647448721.950594000,192.168.10.155
85,583,1647448721.951283000,192.168.10.155
86,-66,1647448721.955124000,54.239.168.31
87,-2922,1647448721.955378000,54.239.168.31
88,66,1647448721.955389000,192.168.10.155
89,-1208,1647448721.957449000,54.239.168.31
90,66,1647448721.957480000,192.168.10.155
91,130,1647448721.961187000,192.168.10.155
92,495,1647448721.961462000,192.168.10.155
93,-66,1647448721.967244000,54.239.168.31
94,-642,1647448721.967245000,54.239.168.31
95,-90,1647448721.967245000,54.239.168.31
96,66,1647448721.967269000,192.168.10.155
97,90,1647448721.967642000,192.168.10.155
98,66,1647448721.967671000,192.168.10.155
99,74,1647448721.970000000,192.168.10.155
100,-60,1647448721.971643000,54.239.168.31
101,-60,1647448721.971644000,54.239.168.31
102,-74,1647448721.973553000,54.239.168.31
103,66,1647448721.973589000,192.168.10.155
104,583,1647448721.978340000,192.168.10.155
105,-66,1647448721.982137000,54.239.168.31
106,-2922,1647448721.982139000,54.239.168.31
107,66,1647448721.982160000,192.168.10.155
108,-1208,1647448721.984440000,54.239.168.31
109,66,1647448721.984467000,192.168.10.155
110,130,1647448721.986980000,192.168.10.155
111,500,1647448721.987129000,192.168.10.155
112,-66,1647448721.990368000,54.239.168.31
113,-8634,1647448721.990371000,54.239.168.31
114,66,1647448721.990396000,192.168.10.155
115,-7904,1647448721.990445000,54.239.168.31
116,66,1647448721.990454000,192.168.10.155
117,-2922,1647448721.992148000,54.239.168.31
118,66,1647448721.992170000,192.168.10.155
119,-17202,1647448721.993300000,54.239.168.31
120,66,1647448721.993317000,192.168.10.155
121,-2922,1647448721.993342000,54.239.168.31
122,66,1647448721.993349000,192.168.10.155
123,-17202,1647448721.994997000,54.239.168.31
124,66,1647448721.995014000,192.168.10.155
125,-14346,1647448721.995100000,54.239.168.31
126,66,1647448721.995113000,192.168.10.155
127,-3402,1647448721.996736000,54.239.168.31
128,66,1647448721.996766000,192.168.10.155
129,90,1647448721.997063000,192.168.10.155
130,66,1647448721.997103000,192.168.10.155
131,74,1647448721.999231000,192.168.10.155
132,-60,1647448722.000551000,54.239.168.31
133,-60,1647448722.000551000,54.239.168.31
134,-74,1647448722.002418000,54.239.168.31
135,66,1647448722.002434000,192.168.10.155
136,583,1647448722.004399000,192.168.10.155
137,-66,1647448722.021633000,54.239.168.31
138,-2922,1647448722.021635000,54.239.168.31
139,66,1647448722.021667000,192.168.10.155
140,-1208,1647448722.024123000,54.239.168.31
141,66,1647448722.024204000,192.168.10.155
142,130,1647448722.030376000,192.168.10.155
143,501,1647448722.030534000,192.168.10.155
144,-66,1647448722.034816000,54.239.168.31
145,-675,1647448722.034817000,54.239.168.31
146,-90,1647448722.034818000,54.239.168.31
147,66,1647448722.034840000,192.168.10.155
148,90,1647448722.035105000,192.168.10.155
149,66,1647448722.035123000,192.168.10.155
150,74,1647448722.036826000,192.168.10.155
151,-60,1647448722.038729000,54.239.168.31
152,-60,1647448722.038947000,54.239.168.31
153,-74,1647448722.040383000,54.239.168.31
154,66,1647448722.040419000,192.168.10.155
155,583,1647448722.043364000,192.168.10.155
156,-66,1647448722.047096000,54.239.168.31
157,-2922,1647448722.047098000,54.239.168.31
158,66,1647448722.047128000,192.168.10.155
159,-1208,1647448722.049446000,54.239.168.31
160,66,1647448722.049462000,192.168.10.155
161,130,1647448722.052922000,192.168.10.155
162,508,1647448722.053106000,192.168.10.155
163,-66,1647448722.056588000,54.239.168.31
164,-4101,1647448722.057504000,54.239.168.31
165,-90,1647448722.057506000,54.239.168.31
166,66,1647448722.057533000,192.168.10.155
167,90,1647448722.057967000,192.168.10.155
168,66,1647448722.057999000,192.168.10.155
169,74,1647448722.060966000,192.168.10.155
170,-60,1647448722.061978000,54.239.168.31
171,-60,1647448722.061979000,54.239.168.31
172,-74,1647448722.064941000,54.239.168.31
173,66,1647448722.064970000,192.168.10.155
174,583,1647448722.068534000,192.168.10.155
175,-66,1647448722.076058000,54.239.168.31
176,-2922,1647448722.076062000,54.239.168.31
177,66,1647448722.076171000,192.168.10.155
178,-1208,1647448722.078347000,54.239.168.31
179,66,1647448722.078391000,192.168.10.155
180,130,1647448722.083637000,192.168.10.155
181,506,1647448722.083779000,192.168.10.155
182,-66,1647448722.086744000,54.239.168.31
183,-2822,1647448722.086745000,54.239.168.31
184,-90,1647448722.086746000,54.239.168.31
185,66,1647448722.086761000,192.168.10.155
186,90,1647448722.086946000,192.168.10.155
187,66,1647448722.086964000,192.168.10.155
188,74,1647448722.088483000,192.168.10.155
189,-60,1647448722.090008000,54.239.168.31
190,-60,1647448722.090009000,54.239.168.31
191,-74,1647448722.091694000,54.239.168.31
192,66,1647448722.091721000,192.168.10.155
193,583,1647448722.095353000,192.168.10.155
194,-66,1647448722.099065000,54.239.168.31
195,-2922,1647448722.099066000,54.239.168.31
196,66,1647448722.099088000,192.168.10.155
197,-1208,1647448722.101441000,54.239.168.31
198,66,1647448722.101455000,192.168.10.155
199,130,1647448722.104538000,192.168.10.155
200,518,1647448722.104712000,192.168.10.155
201,-66,1647448722.107831000,54.239.168.31
202,-996,1647448722.107832000,54.239.168.31
203,-90,1647448722.107832000,54.239.168.31
204,66,1647448722.107856000,192.168.10.155
205,90,1647448722.108331000,192.168.10.155
206,66,1647448722.108373000,192.168.10.155
207,74,1647448722.111701000,192.168.10.155
208,-60,1647448722.112072000,54.239.168.31
209,-60,1647448722.112073000,54.239.168.31
210,-74,1647448722.115441000,54.239.168.31
211,66,1647448722.115475000,192.168.10.155
212,583,1647448722.118494000,192.168.10.155
213,-66,1647448722.122261000,54.239.168.31
214,-2922,1647448722.122263000,54.239.168.31
215,66,1647448722.122285000,192.168.10.155
216,-1208,1647448722.124569000,54.239.168.31
217,66,1647448722.124597000,192.168.10.155
218,130,1647448722.128000000,192.168.10.155
219,518,1647448722.128187000,192.168.10.155
220,-66,1647448722.131245000,54.239.168.31
221,-675,1647448722.131501000,54.239.168.31
222,66,1647448722.131512000,192.168.10.155
223,90,1647448722.131762000,192.168.10.155
224,66,1647448722.131783000,192.168.10.155
225,-90,1647448722.132302000,54.239.168.31
226,54,1647448722.132328000,192.168.10.155
227,74,1647448722.133768000,192.168.10.155
228,-60,1647448722.135010000,54.239.168.31
229,-60,1647448722.135010000,54.239.168.31
230,-74,1647448722.136955000,54.239.168.31
231,66,1647448722.136981000,192.168.10.155
232,583,1647448722.140043000,192.168.10.155
233,-66,1647448722.144275000,54.239.168.31
234,-2922,1647448722.144277000,54.239.168.31
235,66,1647448722.144313000,192.168.10.155
236,-1208,1647448722.146119000,54.239.168.31
237,66,1647448722.146167000,192.168.10.155
238,130,1647448722.150216000,192.168.10.155
239,517,1647448722.150417000,192.168.10.155
240,-917,1647448722.154663000,184.25.233.138
241,-66,1647448722.154664000,54.239.168.31
242,-771,1647448722.154665000,54.239.168.31
243,-90,1647448722.154665000,54.239.168.31
244,66,1647448722.154685000,192.168.10.155
245,66,1647448722.154704000,192.168.10.155
246,90,1647448722.155225000,192.168.10.155
247,66,1647448722.155253000,192.168.10.155
248,-60,1647448722.158289000,54.239.168.31
249,-60,1647448722.158290000,54.239.168.31
250,-2954,1647448722.163410000,184.25.233.138
251,-5842,1647448722.163416000,184.25.233.138
252,66,1647448722.163485000,192.168.10.155
253,66,1647448722.163566000,192.168.10.155
254,-2954,1647448722.163614000,184.25.233.138
255,-323,1647448722.163615000,184.25.233.138
256,66,1647448722.163621000,192.168.10.155
257,66,1647448722.163631000,192.168.10.155
258,-78,1647448722.167147000,54.230.130.7
259,66,1647448722.167177000,192.168.10.155
260,74,1647448722.237643000,192.168.10.155
261,74,1647448722.238292000,192.168.10.155
262,74,1647448722.239628000,192.168.10.155
263,74,1647448722.240073000,192.168.10.155
264,74,1647448722.240586000,192.168.10.155
265,-74,1647448722.242382000,54.230.129.136
266,-74,1647448722.242382000,54.230.129.136
267,66,1647448722.242413000,192.168.10.155
268,66,1647448722.242435000,192.168.10.155
269,-74,1647448722.243543000,54.230.129.136
270,-74,1647448722.243546000,54.230.129.136
271,-74,1647448722.243547000,54.230.129.136
272,66,1647448722.243634000,192.168.10.155
273,66,1647448722.243705000,192.168.10.155
274,66,1647448722.243727000,192.168.10.155
275,583,1647448722.245851000,192.168.10.155
276,583,1647448722.248511000,192.168.10.155
277,-66,1647448722.250569000,54.230.129.136
278,-4350,1647448722.250570000,54.230.129.136
279,66,1647448722.250599000,192.168.10.155
280,583,1647448722.251738000,192.168.10.155
281,-66,1647448722.252496000,54.230.129.136
282,-997,1647448722.252497000,54.230.129.136
283,-4350,1647448722.252498000,54.230.129.136
284,66,1647448722.252529000,192.168.10.155
285,66,1647448722.252547000,192.168.10.155
286,583,1647448722.254842000,192.168.10.155
287,-66,1647448722.256989000,54.230.129.136
288,-997,1647448722.256990000,54.230.129.136
289,-4350,1647448722.256992000,54.230.129.136
290,66,1647448722.257020000,192.168.10.155
291,66,1647448722.257041000,192.168.10.155
292,-997,1647448722.257925000,54.230.129.136
293,66,1647448722.257942000,192.168.10.155
294,583,1647448722.258105000,192.168.10.155
295,547,1647448722.258438000,192.168.10.155
296,-66,1647448722.260704000,54.230.129.136
297,-4350,1647448722.260719000,54.230.129.136
298,66,1647448722.260831000,192.168.10.155
299,-66,1647448722.262131000,54.230.129.136
300,-997,1647448722.262139000,54.230.129.136
301,-1069,1647448722.262142000,54.230.130.25
302,-4350,1647448722.262152000,54.230.129.136
303,66,1647448722.262241000,192.168.10.155
304,66,1647448722.262341000,192.168.10.155
305,66,1647448722.262352000,192.168.10.155
306,-997,1647448722.264324000,54.230.129.136
307,66,1647448722.264350000,192.168.10.155
308,538,1647448722.270395000,192.168.10.155
309,74,1647448722.271064000,192.168.10.155
310,-1060,1647448722.273926000,54.230.130.25
311,-74,1647448722.273927000,54.230.130.25
312,66,1647448722.273955000,192.168.10.155
313,74,1647448722.278712000,192.168.10.155
314,570,1647448722.280060000,192.168.10.155
315,583,1647448722.280636000,192.168.10.155
316,130,1647448722.282244000,192.168.10.155
317,130,1647448722.282572000,192.168.10.155
318,130,1647448722.282830000,192.168.10.155
319,-74,1647448722.283855000,54.230.130.25
320,66,1647448722.283886000,192.168.10.155
321,-66,1647448722.284703000,54.230.130.25
322,-213,1647448722.284704000,54.230.130.25
323,-1831,1647448722.284709000,54.230.130.25
324,66,1647448722.284745000,192.168.10.155
325,236,1647448722.284766000,192.168.10.155
326,130,1647448722.285144000,192.168.10.155
327,130,1647448722.285455000,192.168.10.155
328,-66,1647448722.285670000,54.230.129.136
329,-128,1647448722.285670000,54.230.129.136
330,-66,1647448722.285671000,54.230.129.136
331,-128,1647448722.285671000,54.230.129.136
332,-66,1647448722.285671000,54.230.129.136
333,-128,1647448722.285671000,54.230.129.136
334,403,1647448722.285688000,192.168.10.155
335,66,1647448722.285696000,192.168.10.155
336,66,1647448722.285701000,192.168.10.155
337,66,1647448722.285707000,192.168.10.155
338,445,1647448722.285842000,192.168.10.155
339,97,1647448722.286270000,192.168.10.155
340,66,1647448722.286445000,192.168.10.155
341,236,1647448722.286639000,192.168.10.155
342,169,1647448722.286756000,192.168.10.155
343,253,1647448722.286792000,192.168.10.155
344,253,1647448722.286823000,192.168.10.155
345,253,1647448722.286849000,192.168.10.155
346,117,1647448722.287244000,192.168.10.155
347,583,1647448722.287409000,192.168.10.155
348,97,1647448722.288045000,192.168.10.155
349,-66,1647448722.288082000,54.230.129.136
350,-97,1647448722.288083000,54.230.129.136
351,-66,1647448722.288084000,54.230.129.136
352,-128,1647448722.288084000,54.230.129.136
353,66,1647448722.288119000,192.168.10.155
354,66,1647448722.288137000,192.168.10.155
355,74,1647448722.288473000,192.168.10.155
356,538,1647448722.288665000,192.168.10.155
357,684,1647448722.288834000,192.168.10.155
358,90,1647448722.289022000,192.168.10.155
359,66,1647448722.289046000,192.168.10.155
360,90,1647448722.289163000,192.168.10.155
361,66,1647448722.289177000,192.168.10.155
362,-66,1647448722.290248000,54.230.129.136
363,-66,1647448722.290248000,54.230.129.136
364,-128,1647448722.290249000,54.230.129.136
365,-66,1647448722.290249000,54.230.129.136
366,66,1647448722.290275000,192.168.10.155
367,90,1647448722.290414000,192.168.10.155
368,66,1647448722.290436000,192.168.10.155
369,-8634,1647448722.293070000,54.230.129.136
370,66,1647448722.293107000,192.168.10.155
371,-7013,1647448722.293172000,54.230.129.136
372,-66,1647448722.293172000,54.230.129.136
373,-97,1647448722.293173000,54.230.129.136
374,-66,1647448722.293173000,54.230.129.136
375,66,1647448722.293184000,192.168.10.155
376,66,1647448722.293194000,192.168.10.155
377,-66,1647448722.293237000,54.230.129.136
378,-66,1647448722.293238000,54.230.129.136
379,-97,1647448722.293238000,54.230.129.136
380,-97,1647448722.293238000,54.230.129.136
381,-97,1647448722.293239000,54.230.129.136
382,-16472,1647448722.293241000,54.230.129.136
383,54,1647448722.293265000,192.168.10.155
384,54,1647448722.293281000,192.168.10.155
385,54,1647448722.293291000,192.168.10.155
386,66,1647448722.293298000,192.168.10.155
387,-8634,1647448722.293329000,54.230.129.136
388,-66,1647448722.293330000,54.230.130.25
389,-66,1647448722.293330000,54.230.129.136
390,66,1647448722.293334000,192.168.10.155
391,-2922,1647448722.293350000,54.230.129.136
392,-66,1647448722.293350000,54.230.130.25
393,66,1647448722.293354000,192.168.10.155
394,-213,1647448722.293659000,54.230.130.25
395,66,1647448722.293669000,192.168.10.155
396,117,1647448722.293917000,192.168.10.155
397,561,1647448722.294040000,192.168.10.155
398,-66,1647448722.297003000,54.230.129.136
399,-66,1647448722.297004000,54.230.129.136
400,-66,1647448722.297005000,54.230.129.136
401,-66,1647448722.297005000,54.230.129.136
402,54,1647448722.297023000,192.168.10.155
403,54,1647448722.297042000,192.168.10.155
404,54,1647448722.297057000,192.168.10.155
405,-66,1647448722.297922000,54.230.129.136
406,-66,1647448722.297923000,54.230.129.136
407,-74,1647448722.297923000,54.230.130.25
408,-17202,1647448722.297928000,54.230.129.136
409,54,1647448722.297954000,192.168.10.155
410,54,1647448722.297986000,192.168.10.155
411,66,1647448722.298017000,192.168.10.155
412,66,1647448722.298034000,192.168.10.155
413,-66,1647448722.298108000,54.230.129.136
414,-11490,1647448722.298112000,54.230.129.136
415,54,1647448722.298123000,192.168.10.155
416,66,1647448722.298136000,192.168.10.155
417,-16472,1647448722.298155000,54.230.129.136
418,66,1647448722.298165000,192.168.10.155
419,-15794,1647448722.298228000,54.230.129.136
420,66,1647448722.298233000,192.168.10.155
421,-14346,1647448722.298260000,54.230.129.136
422,66,1647448722.298265000,192.168.10.155
423,583,1647448722.298331000,192.168.10.155
424,-2192,1647448722.299852000,54.230.129.136
425,-66,1647448722.299853000,54.230.130.25
426,-10062,1647448722.299856000,54.230.129.136
427,66,1647448722.299876000,192.168.10.155
428,66,1647448722.299912000,192.168.10.155
429,-66,1647448722.299926000,54.230.130.25
430,-1449,1647448722.299927000,54.230.130.25
431,66,1647448722.299937000,192.168.10.155
432,-2922,1647448722.302157000,54.230.129.136
433,66,1647448722.302175000,192.168.10.155
434,-8634,1647448722.302454000,54.230.129.136
435,66,1647448722.302461000,192.168.10.155
436,-4330,1647448722.304479000,54.230.129.136
437,-27936,1647448722.304488000,54.230.129.136
438,66,1647448722.304512000,192.168.10.155
439,66,1647448722.304534000,192.168.10.155
440,-16696,1647448722.304550000,54.230.129.136
441,66,1647448722.304554000,192.168.10.155
442,-66,1647448722.304565000,54.230.130.25
443,-213,1647448722.304694000,54.230.130.25
444,-3612,1647448722.304696000,54.230.129.136
445,-579,1647448722.304696000,54.230.129.136
446,66,1647448722.304702000,192.168.10.155
447,66,1647448722.304710000,192.168.10.155
448,66,1647448722.304714000,192.168.10.155
449,117,1647448722.308550000,192.168.10.155
450,-66,1647448722.311584000,54.230.130.25
451,-2962,1647448722.322764000,184.25.233.138
452,66,1647448722.322785000,192.168.10.155
453,-1506,1647448722.322829000,184.25.233.138
454,-1514,1647448722.322830000,184.25.233.138
455,66,1647448722.322845000,192.168.10.155
456,66,1647448722.322862000,192.168.10.155
457,-7290,1647448722.323211000,184.25.233.138
458,-4402,1647448722.323213000,184.25.233.138
459,66,1647448722.323226000,192.168.10.155
460,66,1647448722.323243000,192.168.10.155
461,-3049,1647448722.324371000,184.25.233.138
462,66,1647448722.324388000,192.168.10.155
463,-7298,1647448722.465427000,184.25.233.138
464,-1914,1647448722.465428000,184.25.233.138
465,66,1647448722.465442000,192.168.10.155
466,66,1647448722.465461000,192.168.10.155
467,-2962,1647448722.466245000,184.25.233.138
468,66,1647448722.466251000,192.168.10.155
469,-2962,1647448722.467580000,184.25.233.138
470,66,1647448722.467593000,192.168.10.155
471,-1506,1647448722.468309000,184.25.233.138
472,-1514,1647448722.468310000,184.25.233.138
473,66,1647448722.468321000,192.168.10.155
474,66,1647448722.468334000,192.168.10.155
475,-5850,1647448722.469116000,184.25.233.138
476,-7298,1647448722.469117000,184.25.233.138
477,66,1647448722.469125000,192.168.10.155
478,66,1647448722.469138000,192.168.10.155
479,-3927,1647448722.469460000,184.25.233.138
480,66,1647448722.469467000,192.168.10.155
481,-7298,1647448722.473671000,184.25.233.138
482,-1514,1647448722.473672000,184.25.233.138
483,66,1647448722.473685000,192.168.10.155
484,66,1647448722.473702000,192.168.10.155
485,-5850,1647448722.473784000,184.25.233.138
486,-5345,1647448722.473785000,184.25.233.138
487,66,1647448722.473880000,192.168.10.155
488,-8746,1647448722.590264000,184.25.233.138
489,-466,1647448722.590266000,184.25.233.138
490,66,1647448722.590298000,192.168.10.155
491,66,1647448722.590621000,192.168.10.155
492,-1514,1647448722.600219000,184.25.233.138
493,66,1647448722.600247000,192.168.10.155
494,-8746,1647448722.600375000,184.25.233.138
495,-10194,1647448722.600378000,184.25.233.138
496,66,1647448722.600386000,192.168.10.155
497,66,1647448722.600403000,192.168.10.155
498,74,1647448722.601030000,192.168.10.155
499,-3959,1647448722.601709000,184.25.233.138
500,66,1647448722.601717000,192.168.10.155
501,211,1647448722.604982000,192.168.10.155
502,198,1647448722.605297000,192.168.10.155
503,-66,1647448722.608264000,54.230.129.136
504,-11317,1647448722.608803000,54.230.129.136
505,66,1647448722.608877000,192.168.10.155
506,-4948,1647448722.609296000,54.230.129.136
507,66,1647448722.609334000,192.168.10.155
508,175,1647448722.610517000,192.168.10.155
509,311,1647448722.610792000,192.168.10.155
510,188,1647448722.613565000,192.168.10.155
511,-16472,1647448722.615075000,54.230.129.136
512,66,1647448722.615099000,192.168.10.155
513,-2840,1647448722.615124000,54.230.129.136
514,-1686,1647448722.615125000,54.230.129.136
515,66,1647448722.615132000,192.168.10.155
516,66,1647448722.615139000,192.168.10.155
517,-2472,1647448722.615186000,54.230.129.136
518,66,1647448722.615191000,192.168.10.155
519,-2922,1647448722.617680000,54.230.129.136
520,66,1647448722.617700000,192.168.10.155
521,-5778,1647448722.618759000,54.230.129.136
522,66,1647448722.618769000,192.168.10.155
523,-5484,1647448722.619927000,54.230.129.136
524,66,1647448722.619936000,192.168.10.155
525,169,1647448722.630409000,192.168.10.155
526,-2922,1647448722.635480000,54.230.129.136
527,66,1647448722.635508000,192.168.10.155
528,-684,1647448722.635592000,54.230.129.136
529,-4708,1647448722.635594000,54.230.129.136
530,-97,1647448722.635595000,54.230.129.136
531,66,1647448722.635610000,192.168.10.155
532,200,1647448722.638743000,192.168.10.155
533,74,1647448722.638788000,192.168.10.155
534,-74,1647448722.642729000,54.230.129.136
535,66,1647448722.642778000,192.168.10.155
536,-16472,1647448722.643377000,54.230.129.136
537,66,1647448722.643394000,192.168.10.155
538,-16472,1647448722.643419000,54.230.129.136
539,66,1647448722.643425000,192.168.10.155
540,-18813,1647448722.643448000,54.230.129.136
541,66,1647448722.643453000,192.168.10.155
542,583,1647448722.645399000,192.168.10.155
543,-66,1647448722.649129000,54.230.129.136
544,-4350,1647448722.649131000,54.230.129.136
545,66,1647448722.649157000,192.168.10.155
546,-997,1647448722.651342000,54.230.129.136
547,66,1647448722.651350000,192.168.10.155
548,130,1647448722.653441000,192.168.10.155
549,253,1647448722.653632000,192.168.10.155
550,-66,1647448722.656505000,54.230.129.136
551,-66,1647448722.656505000,54.230.129.136
552,-97,1647448722.656506000,54.230.129.136
553,78,1647448722.656528000,192.168.10.155
554,-128,1647448722.694697000,54.230.129.136
555,66,1647448722.694728000,192.168.10.155
556,90,1647448722.694874000,192.168.10.155
557,66,1647448722.694908000,192.168.10.155
558,-66,1647448722.698622000,54.230.129.136
559,-66,1647448722.698623000,54.230.129.136
560,66,1647448722.698665000,192.168.10.155
561,-74,1647448722.703866000,34.212.88.171
562,66,1647448722.703908000,192.168.10.155
563,583,1647448722.706596000,192.168.10.155
564,-66,1647448722.809859000,34.212.88.171
565,-5511,1647448722.812774000,34.212.88.171
566,66,1647448722.812837000,192.168.10.155
567,192,1647448722.817489000,192.168.10.155
568,-324,1647448722.920987000,34.212.88.171
569,-135,1647448722.920987000,34.212.88.171
570,66,1647448722.921016000,192.168.10.155
571,66,1647448722.921033000,192.168.10.155
572,-155,1647448722.959901000,184.25.233.138
573,66,1647448722.959982000,192.168.10.155
574,243,1647448722.982936000,192.168.10.155
575,507,1647448722.982969000,192.168.10.155
576,104,1647448722.983431000,192.168.10.155
577,-1539,1647448723.003456000,184.25.233.138
578,-1189,1647448723.003457000,184.25.233.138
579,-3388,1647448723.003457000,184.25.233.138
580,-1440,1647448723.003458000,184.25.233.138
581,66,1647448723.003500000,192.168.10.155
582,66,1647448723.003518000,192.168.10.155
583,66,1647448723.003523000,192.168.10.155
584,66,1647448723.003526000,192.168.10.155
585,-4751,1647448723.003861000,184.25.233.138
586,66,1647448723.003869000,192.168.10.155
587,158,1647448723.010411000,192.168.10.155
588,159,1647448723.014141000,192.168.10.155
589,159,1647448723.015163000,192.168.10.155
590,-9117,1647448723.016359000,184.25.233.138
591,-13090,1647448723.016362000,184.25.233.138
592,66,1647448723.016376000,192.168.10.155
593,66,1647448723.016394000,192.168.10.155
594,-7617,1647448723.016421000,184.25.233.138
595,-1427,1647448723.016422000,54.230.129.136
596,-97,1647448723.016423000,54.230.129.136
597,66,1647448723.016430000,192.168.10.155
598,158,1647448723.016447000,192.168.10.155
599,-2190,1647448723.016470000,184.25.233.138
600,66,1647448723.016475000,192.168.10.155
601,191,1647448723.017678000,192.168.10.155
602,198,1647448723.018891000,192.168.10.155
603,74,1647448723.018958000,192.168.10.155
604,154,1647448723.019462000,192.168.10.155
605,153,1647448723.020121000,192.168.10.155
606,-1264,1647448723.020647000,54.230.129.136
607,-97,1647448723.020648000,54.230.129.136
608,153,1647448723.020735000,192.168.10.155
609,-66,1647448723.022363000,54.230.129.136
610,-2129,1647448723.022664000,54.230.129.136
611,-97,1647448723.022664000,54.230.129.136
612,66,1647448723.022681000,192.168.10.155
613,-1245,1647448723.022998000,54.230.129.136
614,-1034,1647448723.022999000,54.230.129.136
615,-97,1647448723.022999000,54.230.129.136
616,66,1647448723.023014000,192.168.10.155
617,-791,1647448723.023252000,54.230.129.136
618,-74,1647448723.023253000,54.230.129.136
619,-97,1647448723.023253000,54.230.129.136
620,66,1647448723.023272000,192.168.10.155
621,66,1647448723.024416000,192.168.10.155
622,-1249,1647448723.024439000,54.230.129.136
623,-97,1647448723.024440000,54.230.129.136
624,-1274,1647448723.024441000,54.230.129.136
625,-97,1647448723.024441000,54.230.129.136
626,66,1647448723.024471000,192.168.10.155
627,-1266,1647448723.027176000,54.230.129.136
628,-97,1647448723.027183000,54.230.129.136
629,-417,1647448723.027185000,184.25.233.138
630,66,1647448723.027301000,192.168.10.155
631,583,1647448723.030893000,192.168.10.155
632,66,1647448723.031736000,192.168.10.155
633,-66,1647448723.034655000,54.230.129.136
634,-4350,1647448723.034657000,54.230.129.136
635,66,1647448723.034685000,192.168.10.155
636,174,1647448723.036697000,192.168.10.155
637,178,1647448723.036893000,192.168.10.155
638,-997,1647448723.037560000,54.230.129.136
639,66,1647448723.037569000,192.168.10.155
640,-2922,1647448723.040336000,54.230.129.136
641,66,1647448723.040364000,192.168.10.155
642,130,1647448723.040525000,192.168.10.155
643,-2068,1647448723.040616000,54.230.129.136
644,-936,1647448723.040617000,54.230.129.136
645,66,1647448723.040631000,192.168.10.155
646,253,1647448723.041656000,192.168.10.155
647,-66,1647448723.043665000,54.230.129.136
648,-66,1647448723.043666000,54.230.129.136
649,-97,1647448723.044693000,54.230.129.136
650,78,1647448723.044753000,192.168.10.155
651,155,1647448723.047426000,192.168.10.155
652,155,1647448723.047740000,192.168.10.155
653,-128,1647448723.048233000,54.230.129.136
654,66,1647448723.048249000,192.168.10.155
655,90,1647448723.048336000,192.168.10.155
656,66,1647448723.048366000,192.168.10.155
657,-8758,1647448723.051549000,54.230.129.136
658,-66,1647448723.051549000,54.230.129.136
659,66,1647448723.051568000,192.168.10.155
660,-16472,1647448723.051622000,54.230.129.136
661,66,1647448723.051627000,192.168.10.155
662,-66,1647448723.051637000,54.230.129.136
663,-518,1647448723.051637000,54.230.129.136
664,66,1647448723.051642000,192.168.10.155
665,-467,1647448723.062724000,184.25.233.138
666,66,1647448723.062765000,192.168.10.155
667,-66,1647448723.086022000,34.212.88.171
668,-104,1647448723.086023000,34.212.88.171
669,66,1647448723.086048000,192.168.10.155
670,-236,1647448723.087978000,34.212.88.171
671,-104,1647448723.087979000,34.212.88.171
672,66,1647448723.087996000,192.168.10.155
673,66,1647448723.088019000,192.168.10.155
674,66,1647448723.099491000,192.168.10.155
675,155,1647448723.101615000,192.168.10.155
676,155,1647448723.101925000,192.168.10.155
677,-979,1647448723.105474000,54.230.129.136
678,-1494,1647448723.105475000,54.230.129.136
679,66,1647448723.105513000,192.168.10.155
680,66,1647448723.105529000,192.168.10.155
681,-15044,1647448723.105640000,54.230.129.136
682,66,1647448723.105645000,192.168.10.155
683,-5839,1647448723.105664000,54.230.129.136
684,66,1647448723.105667000,192.168.10.155
685,174,1647448723.141554000,192.168.10.155
686,219,1647448723.143410000,192.168.10.155
687,-66,1647448723.144779000,54.230.129.136
688,-845,1647448723.144780000,54.230.129.136
689,66,1647448723.144833000,192.168.10.155
690,1282,1647448723.146304000,192.168.10.155
691,180,1647448723.146789000,192.168.10.155
692,-16472,1647448723.148190000,54.230.129.136
693,66,1647448723.148211000,192.168.10.155
694,-15867,1647448723.148257000,54.230.129.136
695,66,1647448723.148263000,192.168.10.155
696,-66,1647448723.150524000,54.230.129.136
697,-16472,1647448723.150527000,54.230.129.136
698,66,1647448723.150556000,192.168.10.155
699,-5778,1647448723.150591000,54.230.129.136
700,66,1647448723.150597000,192.168.10.155
701,-4824,1647448723.150615000,54.230.129.136
702,66,1647448723.150618000,192.168.10.155
703,-12243,1647448723.152791000,54.230.129.136
704,66,1647448723.152805000,192.168.10.155
705,-16472,1647448723.152863000,54.230.129.136
706,66,1647448723.152867000,192.168.10.155
707,-18630,1647448723.152904000,54.230.129.136
708,66,1647448723.152911000,192.168.10.155
709,-12918,1647448723.152937000,54.230.129.136
710,66,1647448723.152943000,192.168.10.155
711,-31482,1647448723.154536000,54.230.129.136
712,66,1647448723.154550000,192.168.10.155
713,-1494,1647448723.154582000,54.230.129.136
714,66,1647448723.154588000,192.168.10.155
715,-30054,1647448723.154912000,54.230.129.136
716,66,1647448723.154921000,192.168.10.155
717,-4350,1647448723.154946000,54.230.129.136
718,66,1647448723.154950000,192.168.10.155
719,-27198,1647448723.156138000,54.230.129.136
720,66,1647448723.156151000,192.168.10.155
721,-1494,1647448723.156182000,54.230.129.136
722,-1494,1647448723.156182000,54.230.129.136
723,66,1647448723.156190000,192.168.10.155
724,66,1647448723.156201000,192.168.10.155
725,-30054,1647448723.157343000,54.230.129.136
726,66,1647448723.157357000,192.168.10.155
727,-17202,1647448723.157419000,54.230.129.136
728,66,1647448723.157434000,192.168.10.155
729,-15774,1647448723.158658000,54.230.129.136
730,66,1647448723.158713000,192.168.10.155
731,-20058,1647448723.158939000,54.230.129.136
732,66,1647448723.158978000,192.168.10.155
733,-14346,1647448723.159155000,54.230.129.136
734,66,1647448723.159165000,192.168.10.155
735,-5778,1647448723.159559000,54.230.129.136
736,-22936,1647448723.159563000,54.230.129.136
737,66,1647448723.159574000,192.168.10.155
738,66,1647448723.159595000,192.168.10.155
739,183,1647448723.164000000,192.168.10.155
740,-1140,1647448723.167612000,54.230.129.136
741,174,1647448723.168069000,192.168.10.155
742,169,1647448723.171231000,192.168.10.155
743,183,1647448723.171389000,192.168.10.155
744,-2922,1647448723.171962000,54.230.129.136
745,409,1647448723.171980000,192.168.10.155
746,-5629,1647448723.172016000,54.230.129.136
747,66,1647448723.172021000,192.168.10.155
748,-66,1647448723.175721000,54.230.129.136
749,-5534,1647448723.175724000,54.230.129.136
750,-2922,1647448723.175725000,54.230.129.136
751,66,1647448723.175760000,192.168.10.155
752,66,1647448723.175792000,192.168.10.155
753,-2154,1647448723.175818000,54.230.129.136
754,66,1647448723.175831000,192.168.10.155
755,-2922,1647448723.177878000,54.230.129.136
756,-13616,1647448723.178258000,54.230.129.136
757,-16472,1647448723.178304000,54.230.129.136
758,-18084,1647448723.178341000,54.230.129.136
759,-4698,1647448723.178353000,54.230.129.136
760,-16472,1647448723.179100000,54.230.129.136
761,-2358,1647448723.179129000,54.230.129.136
762,66,1647448723.182556000,192.168.10.155
763,66,1647448723.182592000,192.168.10.155
764,66,1647448723.182600000,192.168.10.155
765,66,1647448723.182604000,192.168.10.155
766,157,1647448723.351640000,192.168.10.155
767,-3541,1647448723.357519000,54.230.129.136
768,-1494,1647448723.357521000,54.230.129.136
769,66,1647448723.357558000,192.168.10.155
770,66,1647448723.357592000,192.168.10.155
771,-5778,1647448723.357626000,54.230.129.136
772,66,1647448723.357636000,192.168.10.155
773,-3102,1647448723.358084000,54.230.129.136
774,-16472,1647448723.358087000,54.230.129.136
775,66,1647448723.358100000,192.168.10.155
776,66,1647448723.358118000,192.168.10.155
777,-7402,1647448723.358149000,54.230.129.136
778,66,1647448723.358154000,192.168.10.155
779,194,1647448723.381402000,192.168.10.155
780,181,1647448723.383031000,192.168.10.155
781,-2922,1647448723.386891000,54.230.129.136
782,66,1647448723.386919000,192.168.10.155
783,-13616,1647448723.387257000,54.230.129.136
784,66,1647448723.387262000,192.168.10.155
785,-16472,1647448723.387301000,54.230.129.136
786,66,1647448723.387306000,192.168.10.155
787,-20620,1647448723.387349000,54.230.129.136
788,66,1647448723.387352000,192.168.10.155
789,-4914,1647448723.388231000,54.230.129.136
790,66,1647448723.388248000,192.168.10.155
791,66,1647448723.467499000,192.168.10.155
792,-66,1647448723.471547000,54.230.130.22
793,-281,1647448723.492457000,184.25.233.138
794,-5302,1647448723.492461000,184.25.233.138
795,66,1647448723.492504000,192.168.10.155
796,66,1647448723.492572000,192.168.10.155
797,-3780,1647448723.493620000,184.25.233.138
798,66,1647448723.493641000,192.168.10.155
799,-3227,1647448723.495059000,184.25.233.138
800,-5695,1647448723.495062000,184.25.233.138
801,-4810,1647448723.495065000,184.25.233.138
802,66,1647448723.495095000,192.168.10.155
803,66,1647448723.495150000,192.168.10.155
804,66,1647448723.495173000,192.168.10.155
805,-2962,1647448723.506454000,184.25.233.138
806,66,1647448723.506476000,192.168.10.155
807,-6221,1647448723.506528000,184.25.233.138
808,66,1647448723.506537000,192.168.10.155
809,202,1647448723.526778000,192.168.10.155
810,-2014,1647448723.530412000,54.230.129.136
811,66,1647448723.530441000,192.168.10.155
812,155,1647448723.536166000,192.168.10.155
813,-1412,1647448723.539579000,54.230.129.136
814,66,1647448723.539601000,192.168.10.155
815,190,1647448723.545982000,192.168.10.155
816,-1422,1647448723.550411000,54.230.129.136
817,-97,1647448723.550412000,54.230.129.136
818,66,1647448723.550732000,192.168.10.155
819,164,1647448723.552497000,192.168.10.155
820,164,1647448723.554970000,192.168.10.155
821,165,1647448723.556982000,192.168.10.155
822,-2826,1647448723.557019000,54.230.129.136
823,-97,1647448723.557020000,54.230.129.136
824,66,1647448723.557046000,192.168.10.155
825,-3371,1647448723.562807000,54.230.129.136
826,-97,1647448723.562808000,54.230.129.136
827,-2091,1647448723.562859000,54.230.129.136
828,-1025,1647448723.562860000,54.230.129.136
829,-97,1647448723.562860000,54.230.129.136
830,66,1647448723.562881000,192.168.10.155
831,164,1647448723.563884000,192.168.10.155
832,165,1647448723.564582000,192.168.10.155
833,164,1647448723.566474000,192.168.10.155
834,261,1647448723.572054000,192.168.10.155
835,-66,1647448723.576573000,54.230.129.136
836,728,1647448723.576597000,192.168.10.155
837,-4084,1647448723.576878000,54.230.129.136
838,-3707,1647448723.576880000,54.230.129.136
839,-1009,1647448723.576880000,54.230.129.136
840,-97,1647448723.576881000,54.230.129.136
841,66,1647448723.577327000,192.168.10.155
842,152,1647448723.579340000,192.168.10.155
843,152,1647448723.595025000,192.168.10.155
844,-66,1647448723.597796000,54.230.129.136
845,-2595,1647448723.597797000,54.230.129.136
846,66,1647448723.597822000,192.168.10.155
847,-7272,1647448723.598956000,54.230.129.136
848,-678,1647448723.598957000,54.230.129.136
849,66,1647448723.598975000,192.168.10.155
850,-2922,1647448723.601624000,54.230.129.136
851,66,1647448723.601638000,192.168.10.155
852,-1116,1647448723.601735000,54.230.129.136
853,-3537,1647448723.601736000,54.230.129.136
854,-4950,1647448723.601737000,54.230.129.136
855,66,1647448723.601762000,192.168.10.155
856,-97,1647448723.601765000,54.230.129.136
857,-5900,1647448723.601766000,54.230.129.136
858,-97,1647448723.601767000,54.230.129.136
859,66,1647448723.602025000,192.168.10.155
860,-3525,1647448723.603103000,54.230.129.136
861,-97,1647448723.603104000,54.230.129.136
862,-3501,1647448723.603104000,54.230.129.136
863,-97,1647448723.603105000,54.230.129.136
864,66,1647448723.603122000,192.168.10.155
865,-6316,1647448723.603170000,54.230.129.136
866,-97,1647448723.603170000,54.230.129.136
867,66,1647448723.603172000,192.168.10.155
868,66,1647448723.603193000,192.168.10.155
869,-3383,1647448723.603805000,54.230.129.136
870,-97,1647448723.603805000,54.230.129.136
871,-4176,1647448723.603806000,54.230.129.136
872,-97,1647448723.603807000,54.230.129.136
873,66,1647448723.603820000,192.168.10.155
874,66,1647448723.603910000,192.168.10.155
875,251,1647448723.626125000,192.168.10.155
876,-2962,1647448723.629579000,184.25.233.138
877,66,1647448723.629594000,192.168.10.155
878,-10194,1647448723.629830000,184.25.233.138
879,-3531,1647448723.629831000,184.25.233.138
880,66,1647448723.629849000,192.168.10.155
881,66,1647448723.629861000,192.168.10.155
882,-10739,1647448723.629897000,184.25.233.138
883,66,1647448723.629910000,192.168.10.155
884,-7306,1647448723.629915000,184.25.233.138
885,66,1647448723.629921000,192.168.10.155
886,-5850,1647448723.630261000,184.25.233.138
887,-6811,1647448723.630262000,184.25.233.138
888,66,1647448723.630268000,192.168.10.155
889,66,1647448723.630280000,192.168.10.155
890,-2922,1647448723.635026000,54.230.129.136
891,66,1647448723.635083000,192.168.10.155
892,-13616,1647448723.635128000,54.230.129.136
893,-951,1647448723.635139000,54.230.129.136
894,66,1647448723.635152000,192.168.10.155
895,159,1647448723.645128000,192.168.10.155
896,160,1647448723.646614000,192.168.10.155
897,160,1647448723.648237000,192.168.10.155
898,160,1647448723.648727000,192.168.10.155
899,-4824,1647448723.649473000,54.230.129.136
900,-97,1647448723.649475000,54.230.129.136
901,66,1647448723.649523000,192.168.10.155
902,160,1647448723.650044000,192.168.10.155
903,178,1647448723.650202000,192.168.10.155
904,-66,1647448723.651157000,54.230.129.136
905,239,1647448723.651457000,192.168.10.155
906,-7949,1647448723.652501000,54.230.129.136
907,-97,1647448723.652502000,54.230.129.136
908,-4257,1647448723.652503000,54.230.129.136
909,-97,1647448723.652527000,54.230.129.136
910,66,1647448723.652544000,192.168.10.155
911,-66,1647448723.654612000,54.230.129.136
912,-8663,1647448723.654614000,54.230.129.136
913,66,1647448723.654649000,192.168.10.155
914,-4631,1647448723.654703000,54.230.129.136
915,-97,1647448723.654704000,54.230.129.136
916,-3539,1647448723.654705000,54.230.129.136
917,-1350,1647448723.654716000,54.230.129.136
918,66,1647448723.655094000,192.168.10.155
919,-3404,1647448723.656280000,54.230.129.136
920,66,1647448723.656308000,192.168.10.155
921,167,1647448723.657402000,192.168.10.155
922,-3540,1647448723.662017000,54.230.129.136
923,-1218,1647448723.662021000,54.230.129.136
924,167,1647448723.662846000,192.168.10.155
925,167,1647448723.663302000,192.168.10.155
926,167,1647448723.665065000,192.168.10.155
927,240,1647448723.665339000,192.168.10.155
928,-66,1647448723.666460000,54.230.129.136
929,-4787,1647448723.666462000,54.230.129.136
930,-97,1647448723.666462000,54.230.129.136
931,66,1647448723.668518000,192.168.10.155
932,153,1647448723.669055000,192.168.10.155
933,-7637,1647448723.669541000,54.230.129.136
934,-97,1647448723.669542000,54.230.129.136
935,-9981,1647448723.669545000,54.230.129.136
936,-97,1647448723.669584000,54.230.129.136
937,-2192,1647448723.669970000,54.230.129.136
938,-2117,1647448723.669971000,54.230.129.136
939,66,1647448723.671534000,192.168.10.155
940,164,1647448723.672574000,192.168.10.155
941,-2366,1647448723.673016000,54.230.129.136
942,66,1647448723.675848000,192.168.10.155
943,-863,1647448723.678872000,54.230.129.136
944,184,1647448723.679412000,192.168.10.155
945,180,1647448723.682169000,192.168.10.155
946,-16472,1647448723.683974000,54.230.129.136
947,66,1647448723.683993000,192.168.10.155
948,-6730,1647448723.684016000,54.230.129.136
949,66,1647448723.684026000,192.168.10.155
950,-1738,1647448723.685540000,54.230.129.136
951,66,1647448723.685554000,192.168.10.155
952,66,1647448723.719532000,192.168.10.155
953,240,1647448723.736934000,192.168.10.155
954,-2922,1647448723.741438000,54.230.129.136
955,66,1647448723.741470000,192.168.10.155
956,-11816,1647448723.741531000,54.230.129.136
957,66,1647448723.741542000,192.168.10.155
958,155,1647448723.765390000,192.168.10.155
959,-1728,1647448723.769290000,54.230.129.136
960,66,1647448723.769344000,192.168.10.155
961,165,1647448723.789390000,192.168.10.155
962,-1443,1647448723.793031000,54.230.129.136
963,-3679,1647448723.823916000,184.25.233.138
964,66,1647448723.823935000,192.168.10.155
965,-1302,1647448723.834259000,184.25.233.138
966,66,1647448723.834277000,192.168.10.155
967,66,1647448723.835487000,192.168.10.155
968,-5858,1647448723.839411000,184.25.233.138
969,66,1647448723.839425000,192.168.10.155
970,-3325,1647448723.839619000,184.25.233.138
971,-9132,1647448723.839621000,184.25.233.138
972,66,1647448723.839630000,192.168.10.155
973,66,1647448723.839641000,192.168.10.155
974,-14274,1647448723.839676000,184.25.233.138
975,66,1647448723.839679000,192.168.10.155
976,177,1647448723.902588000,192.168.10.155
977,-1494,1647448723.905367000,54.230.129.136
978,-8072,1647448723.905430000,54.230.129.136
979,66,1647448723.905483000,192.168.10.155
980,74,1647448723.905939000,192.168.10.155
981,171,1647448723.913957000,192.168.10.155
982,-675,1647448723.917533000,54.230.129.136
983,66,1647448723.917631000,192.168.10.155
984,157,1647448723.968116000,192.168.10.155
985,-3540,1647448723.974712000,54.230.129.136
986,-1494,1647448723.974713000,54.230.129.136
987,66,1647448723.974786000,192.168.10.155
988,-10262,1647448723.975069000,54.230.129.136
989,-16472,1647448723.975117000,54.230.129.136
990,-18774,1647448723.975166000,54.230.129.136
991,66,1647448723.975640000,192.168.10.155
992,-66,1647448724.028718000,52.119.171.205
993,54,1647448724.028753000,192.168.10.155
994,571,1647448724.031695000,192.168.10.155
995,351,1647448724.056416000,192.168.10.155
996,-5778,1647448724.061029000,54.230.129.136
997,66,1647448724.061108000,192.168.10.155
998,-10760,1647448724.062015000,54.230.129.136
999,66,1647448724.062052000,192.168.10.155
1000,-32878,1647448724.062241000,54.230.129.136
1001,66,1647448724.062260000,192.168.10.155
1002,-16472,1647448724.062344000,54.230.129.136
1003,66,1647448724.062353000,192.168.10.155
1004,-30054,1647448724.062485000,54.230.129.136
1005,66,1647448724.062492000,192.168.10.155
1006,-2890,1647448724.062594000,54.230.129.136
1007,-13996,1647448724.062605000,54.230.129.136
1008,66,1647448724.062620000,192.168.10.155
1009,66,1647448724.062631000,192.168.10.155
1010,-60,1647448724.152396000,52.119.171.205
1011,-60,1647448724.155358000,52.119.171.205
1012,-2974,1647448724.157548000,52.119.171.205
1013,54,1647448724.157566000,192.168.10.155
1014,-3047,1647448724.157720000,52.119.171.205
1015,54,1647448724.157732000,192.168.10.155
1016,180,1647448724.162635000,192.168.10.155
1017,547,1647448724.165839000,192.168.10.155
1018,-66,1647448724.168300000,184.25.233.138
1019,-2841,1647448724.176947000,184.25.233.138
1020,66,1647448724.176970000,192.168.10.155
1021,157,1647448724.198114000,192.168.10.155
1022,197,1647448724.198779000,192.168.10.155
1023,178,1647448724.199083000,192.168.10.155
1024,-66,1647448724.202158000,54.230.129.136
1025,-1299,1647448724.202159000,54.230.129.136
1026,66,1647448724.202182000,192.168.10.155
1027,-16472,1647448724.203818000,54.230.129.136
1028,66,1647448724.203832000,192.168.10.155
1029,-388,1647448724.203863000,54.230.129.136
1030,-1531,1647448724.203863000,54.230.129.136
1031,-97,1647448724.203864000,54.230.129.136
1032,66,1647448724.203872000,192.168.10.155
1033,66,1647448724.203878000,192.168.10.155
1034,66,1647448724.203881000,192.168.10.155
1035,-105,1647448724.287315000,52.119.171.205
1036,54,1647448724.287332000,192.168.10.155
1037,524,1647448724.287682000,192.168.10.155
1038,177,1647448724.381735000,192.168.10.155
1039,-2387,1647448724.385327000,54.230.129.136
1040,66,1647448724.385348000,192.168.10.155
1041,-503,1647448724.438509000,52.119.171.205
1042,54,1647448724.438542000,192.168.10.155
1043,1514,1647448724.450670000,192.168.10.155
1044,202,1647448724.450692000,192.168.10.155
1045,1514,1647448724.451640000,192.168.10.155
1046,571,1647448724.451662000,192.168.10.155
1047,1473,1647448724.452466000,192.168.10.155
1048,-66,1647448724.455226000,184.25.233.138
1049,74,1647448724.457240000,192.168.10.155
1050,74,1647448724.465787000,192.168.10.155
1051,149,1647448724.467171000,192.168.10.155
1052,-74,1647448724.470716000,54.239.163.138
1053,-4984,1647448724.470718000,54.230.129.136
1054,66,1647448724.470749000,192.168.10.155
1055,66,1647448724.470783000,192.168.10.155
1056,583,1647448724.474390000,192.168.10.155
1057,-66,1647448724.485171000,54.239.163.138
1058,-1494,1647448724.485172000,54.239.163.138
1059,66,1647448724.485204000,192.168.10.155
1060,-2922,1647448724.486214000,54.239.163.138
1061,66,1647448724.486227000,192.168.10.155
1062,-1756,1647448724.488402000,54.239.163.138
1063,66,1647448724.488416000,192.168.10.155
1064,130,1647448724.495873000,192.168.10.155
1065,236,1647448724.496283000,192.168.10.155
1066,385,1647448724.496338000,192.168.10.155
1067,-66,1647448724.499254000,54.239.163.138
1068,-66,1647448724.499256000,54.239.163.138
1069,-66,1647448724.499257000,54.239.163.138
1070,-9759,1647448724.500959000,54.239.163.138
1071,78,1647448724.501032000,192.168.10.155
1072,105,1647448724.503333000,192.168.10.155
1073,105,1647448724.503424000,192.168.10.155
1074,112,1647448724.503453000,192.168.10.155
1075,85,1647448724.503573000,192.168.10.155
1076,54,1647448724.503583000,192.168.10.155
1077,97,1647448724.503674000,192.168.10.155
1078,66,1647448724.503680000,192.168.10.155
1079,97,1647448724.503799000,192.168.10.155
1080,66,1647448724.503807000,192.168.10.155
1081,97,1647448724.503882000,192.168.10.155
1082,66,1647448724.503889000,192.168.10.155
1083,97,1647448724.503960000,192.168.10.155
1084,66,1647448724.503969000,192.168.10.155
1085,-159,1647448724.504114000,54.239.163.138
1086,66,1647448724.504130000,192.168.10.155
1087,90,1647448724.504246000,192.168.10.155
1088,66,1647448724.504257000,192.168.10.155
1089,90,1647448724.504393000,192.168.10.155
1090,66,1647448724.504401000,192.168.10.155
1091,97,1647448724.504507000,192.168.10.155
1092,66,1647448724.504517000,192.168.10.155
1093,97,1647448724.504645000,192.168.10.155
1094,105,1647448724.504802000,192.168.10.155
1095,90,1647448724.504841000,192.168.10.155
1096,-66,1647448724.506663000,54.230.130.7
1097,-66,1647448724.506663000,54.230.130.25
1098,-66,1647448724.506664000,54.230.130.25
1099,-66,1647448724.506664000,54.230.130.25
1100,-66,1647448724.506664000,54.230.130.25
1101,-66,1647448724.506665000,54.230.130.25
1102,-66,1647448724.506665000,54.230.129.136
1103,66,1647448724.506717000,192.168.10.155
1104,66,1647448724.506727000,192.168.10.155
1105,-66,1647448724.506742000,54.230.130.25
1106,-66,1647448724.506742000,54.230.130.25
1107,-66,1647448724.506742000,54.230.129.136
1108,-66,1647448724.506742000,54.230.130.7
1109,66,1647448724.506748000,192.168.10.155
1110,66,1647448724.506756000,192.168.10.155
1111,-66,1647448724.507662000,54.230.129.136
1112,-66,1647448724.507664000,54.230.129.136
1113,-66,1647448724.507665000,54.230.130.7
1114,-66,1647448724.507665000,54.239.163.138
1115,-66,1647448724.507666000,54.239.163.138
1116,66,1647448724.507771000,192.168.10.155
1117,66,1647448724.507847000,192.168.10.155
1118,66,1647448724.507890000,192.168.10.155
1119,66,1647448724.507972000,192.168.10.155
1120,74,1647448724.528418000,192.168.10.155
1121,-66,1647448724.554377000,34.212.88.171
1122,-234,1647448724.558215000,34.212.88.171
1123,-104,1647448724.558216000,34.212.88.171
1124,66,1647448724.558254000,192.168.10.155
1125,66,1647448724.558280000,192.168.10.155
1126,74,1647448724.570652000,192.168.10.155
1127,74,1647448724.571392000,192.168.10.155
1128,74,1647448724.573271000,192.168.10.155
1129,-74,1647448724.574021000,54.230.129.136
1130,-74,1647448724.574022000,54.230.129.136
1131,66,1647448724.574065000,192.168.10.155
1132,66,1647448724.574095000,192.168.10.155
1133,-74,1647448724.576443000,54.230.129.136
1134,66,1647448724.576473000,192.168.10.155
1135,583,1647448724.577362000,192.168.10.155
1136,-236,1647448724.578089000,34.212.88.171
1137,-104,1647448724.578092000,34.212.88.171
1138,66,1647448724.578141000,192.168.10.155
1139,66,1647448724.578167000,192.168.10.155
1140,-66,1647448724.579763000,52.94.184.56
1141,54,1647448724.579900000,192.168.10.155
1142,-66,1647448724.581147000,54.230.129.136
1143,-4350,1647448724.581149000,54.230.129.136
1144,66,1647448724.581183000,192.168.10.155
1145,583,1647448724.582192000,192.168.10.155
1146,112,1647448724.582955000,192.168.10.155
1147,97,1647448724.583450000,192.168.10.155
1148,571,1647448724.585885000,192.168.10.155
1149,-997,1647448724.586481000,54.230.129.136
1150,-476,1647448724.586482000,184.25.233.138
1151,66,1647448724.586498000,192.168.10.155
1152,66,1647448724.586513000,192.168.10.155
1153,583,1647448724.587931000,192.168.10.155
1154,112,1647448724.588317000,192.168.10.155
1155,74,1647448724.590516000,192.168.10.155
1156,74,1647448724.590592000,192.168.10.155
1157,74,1647448724.590643000,192.168.10.155
1158,97,1647448724.590944000,192.168.10.155
1159,66,1647448724.590971000,192.168.10.155
1160,-66,1647448724.591717000,54.230.129.136
1161,-66,1647448724.591719000,54.230.129.136
1162,-4350,1647448724.591720000,54.230.129.136
1163,66,1647448724.591753000,192.168.10.155
1164,-4350,1647448724.593226000,54.230.129.136
1165,66,1647448724.593304000,192.168.10.155
1166,-74,1647448724.594657000,54.230.129.136
1167,-997,1647448724.594663000,54.230.129.136
1168,-74,1647448724.594666000,54.230.129.136
1169,-997,1647448724.594669000,54.230.129.136
1170,-74,1647448724.594670000,54.230.129.136
1171,-66,1647448724.594670000,184.25.233.138
1172,66,1647448724.594771000,192.168.10.155
1173,66,1647448724.594839000,192.168.10.155
1174,66,1647448724.594890000,192.168.10.155
1175,66,1647448724.594936000,192.168.10.155
1176,66,1647448724.594984000,192.168.10.155
1177,-97,1647448724.597879000,184.25.233.138
1178,-66,1647448724.597882000,184.25.233.138
1179,54,1647448724.597928000,192.168.10.155
1180,54,1647448724.597983000,192.168.10.155
1181,583,1647448724.602686000,192.168.10.155
1182,-66,1647448724.606252000,54.230.129.136
1183,-4350,1647448724.606323000,54.230.129.136
1184,66,1647448724.606336000,192.168.10.155
1185,583,1647448724.606911000,192.168.10.155
1186,-997,1647448724.608886000,54.230.129.136
1187,66,1647448724.608973000,192.168.10.155
1188,583,1647448724.610546000,192.168.10.155
1189,-66,1647448724.610900000,54.230.129.136
1190,-4350,1647448724.610912000,54.230.129.136
1191,66,1647448724.611009000,192.168.10.155
1192,130,1647448724.612108000,192.168.10.155
1193,-997,1647448724.613062000,54.230.129.136
1194,66,1647448724.613119000,192.168.10.155
1195,-66,1647448724.614872000,54.230.129.136
1196,-66,1647448724.614873000,54.230.129.136
1197,-128,1647448724.614873000,54.230.129.136
1198,-4350,1647448724.614875000,54.230.129.136
1199,66,1647448724.614919000,192.168.10.155
1200,66,1647448724.614936000,192.168.10.155
1201,236,1647448724.616528000,192.168.10.155
1202,421,1647448724.616561000,192.168.10.155
1203,-997,1647448724.617252000,54.230.129.136
1204,66,1647448724.617267000,192.168.10.155
1205,157,1647448724.618129000,192.168.10.155
1206,97,1647448724.618748000,192.168.10.155
1207,-66,1647448724.620053000,54.230.129.136
1208,-97,1647448724.620054000,54.230.129.136
1209,-16472,1647448724.620057000,54.230.129.136
1210,66,1647448724.620089000,192.168.10.155
1211,66,1647448724.620113000,192.168.10.155
1212,-770,1647448724.620133000,54.230.129.136
1213,66,1647448724.620137000,192.168.10.155
1214,158,1647448724.620584000,192.168.10.155
1215,-66,1647448724.621168000,54.230.129.136
1216,-3139,1647448724.621170000,54.230.129.136
1217,66,1647448724.621197000,192.168.10.155
1218,-66,1647448724.622847000,54.230.129.136
1219,-16472,1647448724.622851000,54.230.129.136
1220,66,1647448724.622876000,192.168.10.155
1221,-10468,1647448724.622923000,54.230.129.136
1222,66,1647448724.622931000,192.168.10.155
1223,-66,1647448724.623818000,54.230.129.136
1224,130,1647448724.624549000,192.168.10.155
1225,-2800,1647448724.624579000,54.230.129.136
1226,66,1647448724.624593000,192.168.10.155
1227,130,1647448724.626072000,192.168.10.155
1228,-16472,1647448724.626359000,54.230.129.136
1229,66,1647448724.626414000,192.168.10.155
1230,-4826,1647448724.626512000,54.230.129.136
1231,66,1647448724.626544000,192.168.10.155
1232,-60,1647448724.627339000,52.119.171.205
1233,-66,1647448724.627341000,54.230.129.136
1234,-128,1647448724.627342000,54.230.129.136
1235,54,1647448724.627450000,192.168.10.155
1236,66,1647448724.627597000,192.168.10.155
1237,-66,1647448724.629218000,54.230.129.136
1238,-128,1647448724.629223000,54.230.129.136
1239,66,1647448724.629306000,192.168.10.155
1240,253,1647448724.630566000,192.168.10.155
1241,253,1647448724.630607000,192.168.10.155
1242,74,1647448724.630759000,192.168.10.155
1243,74,1647448724.632456000,192.168.10.155
1244,157,1647448724.633621000,192.168.10.155
1245,90,1647448724.633831000,192.168.10.155
1246,66,1647448724.633850000,192.168.10.155
1247,90,1647448724.633957000,192.168.10.155
1248,66,1647448724.633972000,192.168.10.155
1249,130,1647448724.634358000,192.168.10.155
1250,-66,1647448724.634537000,54.230.129.136
1251,-66,1647448724.634538000,54.230.129.136
1252,-97,1647448724.634539000,54.230.129.136
1253,-97,1647448724.634539000,54.230.129.136
1254,-74,1647448724.634539000,184.25.233.138
1255,54,1647448724.634575000,192.168.10.155
1256,54,1647448724.634596000,192.168.10.155
1257,66,1647448724.634611000,192.168.10.155
1258,130,1647448724.634667000,192.168.10.155
1259,-66,1647448724.636759000,54.230.129.136
1260,-66,1647448724.636760000,54.230.129.136
1261,-66,1647448724.636760000,54.230.129.136
1262,-66,1647448724.636760000,54.230.129.136
1263,-66,1647448724.636761000,54.230.129.136
1264,-2861,1647448724.636761000,54.230.129.136
1265,-66,1647448724.636762000,54.230.129.136
1266,54,1647448724.636786000,192.168.10.155
1267,54,1647448724.636802000,192.168.10.155
1268,54,1647448724.636807000,192.168.10.155
1269,54,1647448724.636811000,192.168.10.155
1270,66,1647448724.636819000,192.168.10.155
1271,-128,1647448724.638714000,54.230.129.136
1272,-66,1647448724.638715000,54.230.129.136
1273,-128,1647448724.638715000,54.230.129.136
1274,-16472,1647448724.638718000,54.230.129.136
1275,66,1647448724.638727000,192.168.10.155
1276,66,1647448724.638740000,192.168.10.155
1277,66,1647448724.638745000,192.168.10.155
1278,-9491,1647448724.638765000,54.230.129.136
1279,583,1647448724.639341000,192.168.10.155
1280,253,1647448724.639587000,192.168.10.155
1281,253,1647448724.639615000,192.168.10.155
1282,66,1647448724.639722000,192.168.10.155
1283,158,1647448724.640110000,192.168.10.155
1284,157,1647448724.642194000,192.168.10.155
1285,90,1647448724.642918000,192.168.10.155
1286,-66,1647448724.642993000,184.25.233.138
1287,-66,1647448724.642996000,54.230.129.136
1288,-97,1647448724.642997000,54.230.129.136
1289,66,1647448724.643093000,192.168.10.155
1290,66,1647448724.643136000,192.168.10.155
1291,-66,1647448724.643349000,54.230.129.136
1292,-97,1647448724.643352000,54.230.129.136
1293,-2962,1647448724.643356000,184.25.233.138
1294,-1266,1647448724.643358000,184.25.233.138
1295,54,1647448724.643500000,192.168.10.155
1296,66,1647448724.643556000,192.168.10.155
1297,66,1647448724.643594000,192.168.10.155
1298,-2801,1647448724.644778000,54.230.129.136
1299,-16472,1647448724.644803000,54.230.129.136
1300,66,1647448724.644878000,192.168.10.155
1301,-3113,1647448724.645002000,54.230.129.136
1302,-1188,1647448724.645577000,184.25.233.138
1303,-2798,1647448724.645578000,54.230.129.136
1304,66,1647448724.645608000,192.168.10.155
1305,90,1647448724.646754000,192.168.10.155
1306,66,1647448724.646793000,192.168.10.155
1307,130,1647448724.647039000,192.168.10.155
1308,-66,1647448724.647747000,54.230.129.136
1309,-15316,1647448724.647770000,54.230.129.136
1310,54,1647448724.647827000,192.168.10.155
1311,-66,1647448724.648752000,52.119.166.51
1312,54,1647448724.648785000,192.168.10.155
1313,-66,1647448724.649871000,54.230.129.136
1314,-66,1647448724.649872000,54.230.129.136
1315,-66,1647448724.649872000,54.230.129.136
1316,-128,1647448724.649872000,54.230.129.136
1317,54,1647448724.649883000,192.168.10.155
1318,54,1647448724.649891000,192.168.10.155
1319,66,1647448724.649899000,192.168.10.155
1320,192,1647448724.651364000,192.168.10.155
1321,66,1647448724.651403000,192.168.10.155
1322,158,1647448724.652719000,192.168.10.155
1323,253,1647448724.652847000,192.168.10.155
1324,-66,1647448724.655128000,184.25.233.138
1325,-324,1647448724.655129000,184.25.233.138
1326,66,1647448724.655152000,192.168.10.155
1327,571,1647448724.655641000,192.168.10.155
1328,90,1647448724.656878000,192.168.10.155
1329,66,1647448724.656908000,192.168.10.155
1330,-66,1647448724.657434000,54.230.129.136
1331,-97,1647448724.657435000,54.230.129.136
1332,-2818,1647448724.657436000,54.230.129.136
1333,-15439,1647448724.657441000,54.230.129.136
1334,54,1647448724.657476000,192.168.10.155
1335,66,1647448724.657502000,192.168.10.155
1336,66,1647448724.657873000,192.168.10.155
1337,-66,1647448724.660523000,54.230.129.136
1338,54,1647448724.660640000,192.168.10.155
1339,243,1647448724.665462000,192.168.10.155
1340,812,1647448724.665527000,192.168.10.155
1341,290,1647448724.668193000,192.168.10.155
1342,-66,1647448724.668349000,184.25.233.138
1343,-66,1647448724.671540000,184.25.233.138
1344,-143,1647448724.675347000,184.25.233.138
1345,66,1647448724.675461000,192.168.10.155
1346,104,1647448724.676254000,192.168.10.155
1347,-66,1647448724.678738000,184.25.233.138
1348,74,1647448724.682431000,192.168.10.155
1349,-66,1647448724.690668000,34.212.88.171
1350,-66,1647448724.690669000,34.212.88.171
1351,66,1647448724.690713000,192.168.10.155
1352,-60,1647448724.702824000,52.94.184.56
1353,-60,1647448724.711086000,52.94.184.56
1354,-2974,1647448724.713586000,52.94.184.56
1355,54,1647448724.713607000,192.168.10.155
1356,-3170,1647448724.713809000,52.94.184.56
1357,54,1647448724.713824000,192.168.10.155
1358,180,1647448724.723581000,192.168.10.155
1359,-74,1647448724.752539000,34.212.88.171
1360,66,1647448724.752567000,192.168.10.155
1361,-60,1647448724.760700000,52.119.166.51
1362,583,1647448724.764312000,192.168.10.155
1363,-60,1647448724.768365000,52.119.166.51
1364,-6025,1647448724.770483000,52.119.166.51
1365,54,1647448724.770524000,192.168.10.155
1366,180,1647448724.778354000,192.168.10.155
1367,-66,1647448724.794232000,52.94.184.56
1368,54,1647448724.794289000,192.168.10.155
1369,571,1647448724.804444000,192.168.10.155
1370,-392,1647448724.805172000,184.25.233.138
1371,-180,1647448724.805173000,184.25.233.138
1372,66,1647448724.805648000,192.168.10.155
1373,-477,1647448724.818349000,184.25.233.138
1374,74,1647448724.840735000,192.168.10.155
1375,74,1647448724.845865000,192.168.10.155
1376,-105,1647448724.846450000,52.94.184.56
1377,54,1647448724.846468000,192.168.10.155
1378,1514,1647448724.846776000,192.168.10.155
1379,1514,1647448724.846786000,192.168.10.155
1380,1514,1647448724.846794000,192.168.10.155
1381,1514,1647448724.846796000,192.168.10.155
1382,559,1647448724.847173000,192.168.10.155
1383,66,1647448724.859491000,192.168.10.155
1384,-66,1647448724.885830000,34.212.88.171
1385,-5511,1647448724.888147000,34.212.88.171
1386,66,1647448724.888189000,192.168.10.155
1387,-105,1647448724.890541000,52.119.166.51
1388,54,1647448724.890561000,192.168.10.155
1389,192,1647448724.901546000,192.168.10.155
1390,500,1647448724.903078000,192.168.10.155
1391,-60,1647448724.906592000,52.94.184.56
1392,74,1647448724.916625000,192.168.10.155
1393,-60,1647448724.917581000,52.94.184.56
1394,-2974,1647448724.919266000,52.94.184.56
1395,54,1647448724.919281000,192.168.10.155
