index,size,time,ip
0,236,1647452187.339696000,192.168.10.155
1,623,1647452187.339724000,192.168.10.155
2,90,1647452187.339911000,192.168.10.155
3,66,1647452187.339927000,192.168.10.155
4,97,1647452187.340143000,192.168.10.155
5,-97,1647452187.340341000,35.163.208.27
6,-66,1647452187.340351000,35.163.208.27
7,54,1647452187.340380000,192.168.10.155
8,54,1647452187.340397000,192.168.10.155
9,-66,1647452187.342703000,54.230.130.235
10,-97,1647452187.342704000,54.230.130.235
11,-60,1647452187.342704000,54.239.168.21
12,-66,1647452187.342704000,54.230.130.235
13,-60,1647452187.342704000,54.239.168.21
14,74,1647452187.342715000,192.168.10.155
15,66,1647452187.342731000,192.168.10.155
16,-74,1647452187.346714000,54.239.168.21
17,66,1647452187.346746000,192.168.10.155
18,583,1647452187.348670000,192.168.10.155
19,561,1647452187.348815000,192.168.10.155
20,-66,1647452187.352231000,54.230.130.15
21,-66,1647452187.352232000,54.239.168.21
22,-1449,1647452187.352232000,54.230.130.15
23,-2922,1647452187.352233000,54.239.168.21
24,66,1647452187.352259000,192.168.10.155
25,66,1647452187.352280000,192.168.10.155
26,-1208,1647452187.354717000,54.239.168.21
27,66,1647452187.354728000,192.168.10.155
28,130,1647452187.359109000,192.168.10.155
29,506,1647452187.359402000,192.168.10.155
30,-66,1647452187.362265000,54.239.168.21
31,-2821,1647452187.362266000,54.239.168.21
32,-90,1647452187.362267000,54.239.168.21
33,66,1647452187.362289000,192.168.10.155
34,90,1647452187.362637000,192.168.10.155
35,66,1647452187.362660000,192.168.10.155
36,74,1647452187.364531000,192.168.10.155
37,74,1647452187.365272000,192.168.10.155
38,-60,1647452187.365801000,54.239.168.21
39,-60,1647452187.365801000,54.239.168.21
40,-74,1647452187.367715000,54.239.168.21
41,-74,1647452187.367716000,54.230.130.27
42,66,1647452187.367745000,192.168.10.155
43,66,1647452187.367762000,192.168.10.155
44,583,1647452187.369472000,192.168.10.155
45,282,1647452187.369592000,192.168.10.155
46,-66,1647452187.377072000,54.230.130.27
47,-66,1647452187.377073000,54.239.168.21
48,-2922,1647452187.377074000,54.230.130.27
49,-2922,1647452187.377075000,54.239.168.21
50,66,1647452187.377101000,192.168.10.155
51,66,1647452187.377128000,192.168.10.155
52,-1109,1647452187.378995000,54.230.130.27
53,-1208,1647452187.378996000,54.239.168.21
54,66,1647452187.379012000,192.168.10.155
55,66,1647452187.379036000,192.168.10.155
56,159,1647452187.381080000,192.168.10.155
57,130,1647452187.384793000,192.168.10.155
58,518,1647452187.384955000,192.168.10.155
59,-66,1647452187.385028000,54.230.130.27
60,-237,1647452187.385030000,54.230.130.27
61,-135,1647452187.385030000,54.230.130.27
62,66,1647452187.385053000,192.168.10.155
63,66,1647452187.385068000,192.168.10.155
64,243,1647452187.385419000,192.168.10.155
65,104,1647452187.385703000,192.168.10.155
66,-66,1647452187.388004000,54.239.168.21
67,-66,1647452187.388005000,54.230.130.27
68,-996,1647452187.388005000,54.239.168.21
69,-66,1647452187.388006000,54.230.130.27
70,-90,1647452187.388006000,54.239.168.21
71,66,1647452187.388042000,192.168.10.155
72,90,1647452187.388239000,192.168.10.155
73,66,1647452187.388256000,192.168.10.155
74,-60,1647452187.391262000,54.239.168.21
75,-60,1647452187.391263000,54.239.168.21
76,74,1647452187.412921000,192.168.10.155
77,-74,1647452187.416012000,54.239.168.21
78,66,1647452187.416032000,192.168.10.155
79,583,1647452187.418711000,192.168.10.155
80,-66,1647452187.426655000,54.239.168.21
81,-2922,1647452187.426657000,54.239.168.21
82,-1208,1647452187.426657000,54.239.168.21
83,66,1647452187.426678000,192.168.10.155
84,66,1647452187.426704000,192.168.10.155
85,130,1647452187.432559000,192.168.10.155
86,518,1647452187.432849000,192.168.10.155
87,-66,1647452187.435752000,54.239.168.21
88,-675,1647452187.435755000,54.239.168.21
89,66,1647452187.435776000,192.168.10.155
90,90,1647452187.436021000,192.168.10.155
91,66,1647452187.436039000,192.168.10.155
92,-90,1647452187.436789000,54.239.168.21
93,54,1647452187.436807000,192.168.10.155
94,74,1647452187.437767000,192.168.10.155
95,-60,1647452187.438953000,54.239.168.21
96,-60,1647452187.438954000,54.239.168.21
97,-74,1647452187.441050000,54.239.168.21
98,66,1647452187.441086000,192.168.10.155
99,583,1647452187.446491000,192.168.10.155
100,-66,1647452187.450058000,54.239.168.21
101,-2922,1647452187.451319000,54.239.168.21
102,66,1647452187.451326000,192.168.10.155
103,-1208,1647452187.452977000,54.239.168.21
104,66,1647452187.453003000,192.168.10.155
105,130,1647452187.456348000,192.168.10.155
106,517,1647452187.456573000,192.168.10.155
107,-66,1647452187.459274000,54.239.168.21
108,-772,1647452187.459276000,54.239.168.21
109,-90,1647452187.459276000,54.239.168.21
110,66,1647452187.459310000,192.168.10.155
111,90,1647452187.459816000,192.168.10.155
112,66,1647452187.459855000,192.168.10.155
113,-60,1647452187.462930000,54.239.168.21
114,-60,1647452187.462931000,54.239.168.21
115,-1110,1647452187.553130000,54.230.130.235
116,-4864,1647452187.553131000,54.230.130.235
117,66,1647452187.553157000,192.168.10.155
118,66,1647452187.553180000,192.168.10.155
119,-2922,1647452187.580034000,54.230.130.235
120,66,1647452187.580090000,192.168.10.155
121,-4098,1647452187.580215000,54.230.130.235
122,66,1647452187.580232000,192.168.10.155
123,-104,1647452187.605910000,54.230.130.27
124,66,1647452187.605935000,192.168.10.155
125,74,1647452187.644007000,192.168.10.155
126,74,1647452187.644118000,192.168.10.155
127,74,1647452187.645131000,192.168.10.155
128,74,1647452187.645715000,192.168.10.155
129,74,1647452187.646235000,192.168.10.155
130,547,1647452187.650675000,192.168.10.155
131,-74,1647452187.654155000,151.101.109.16
132,-1069,1647452187.654157000,54.230.130.15
133,-74,1647452187.654157000,151.101.109.16
134,66,1647452187.654261000,192.168.10.155
135,66,1647452187.654337000,192.168.10.155
136,66,1647452187.654351000,192.168.10.155
137,-74,1647452187.655318000,151.101.109.16
138,-74,1647452187.655319000,151.101.109.16
139,66,1647452187.655385000,192.168.10.155
140,66,1647452187.655498000,192.168.10.155
141,-74,1647452187.656463000,151.101.109.16
142,66,1647452187.656480000,192.168.10.155
143,583,1647452187.658486000,192.168.10.155
144,583,1647452187.662674000,192.168.10.155
145,583,1647452187.665181000,192.168.10.155
146,583,1647452187.666955000,192.168.10.155
147,-66,1647452187.668590000,151.101.109.16
148,583,1647452187.668873000,192.168.10.155
149,570,1647452187.669040000,192.168.10.155
150,-4410,1647452187.670247000,151.101.109.16
151,-1153,1647452187.670248000,151.101.109.16
152,66,1647452187.670260000,192.168.10.155
153,66,1647452187.670270000,192.168.10.155
154,130,1647452187.672930000,192.168.10.155
155,236,1647452187.673297000,192.168.10.155
156,546,1647452187.673354000,192.168.10.155
157,-66,1647452187.674093000,151.101.109.16
158,-1829,1647452187.674094000,54.230.130.15
159,66,1647452187.674158000,192.168.10.155
160,-4410,1647452187.675302000,151.101.109.16
161,-1153,1647452187.675303000,151.101.109.16
162,-66,1647452187.675303000,151.101.109.16
163,66,1647452187.675330000,192.168.10.155
164,66,1647452187.675357000,192.168.10.155
165,-2962,1647452187.678385000,151.101.109.16
166,-2601,1647452187.678391000,151.101.109.16
167,-66,1647452187.678392000,151.101.109.16
168,66,1647452187.678477000,192.168.10.155
169,66,1647452187.678569000,192.168.10.155
170,-2962,1647452187.681313000,151.101.109.16
171,-2601,1647452187.681314000,151.101.109.16
172,-66,1647452187.681315000,151.101.109.16
173,66,1647452187.681337000,192.168.10.155
174,66,1647452187.681358000,192.168.10.155
175,-66,1647452187.683650000,151.101.109.16
176,-66,1647452187.683652000,151.101.109.16
177,-5858,1647452187.683656000,151.101.109.16
178,-5858,1647452187.683657000,151.101.109.16
179,78,1647452187.683721000,192.168.10.155
180,78,1647452187.683760000,192.168.10.155
181,-4849,1647452187.684466000,151.101.109.16
182,-5858,1647452187.684470000,151.101.109.16
183,78,1647452187.684486000,192.168.10.155
184,78,1647452187.684501000,192.168.10.155
185,130,1647452187.685490000,192.168.10.155
186,-5858,1647452187.686389000,151.101.109.16
187,-5858,1647452187.686390000,151.101.109.16
188,78,1647452187.686411000,192.168.10.155
189,78,1647452187.686428000,192.168.10.155
190,236,1647452187.686999000,192.168.10.155
191,403,1647452187.687033000,192.168.10.155
192,-2962,1647452187.687497000,151.101.109.16
193,-2601,1647452187.687498000,151.101.109.16
194,-5858,1647452187.687500000,151.101.109.16
195,66,1647452187.687517000,192.168.10.155
196,66,1647452187.687530000,192.168.10.155
197,78,1647452187.687535000,192.168.10.155
198,-1514,1647452187.688839000,151.101.109.16
199,78,1647452187.688856000,192.168.10.155
200,130,1647452187.693051000,192.168.10.155
201,253,1647452187.693369000,192.168.10.155
202,169,1647452187.694180000,192.168.10.155
203,-125,1647452187.694762000,151.101.109.16
204,-2962,1647452187.694765000,151.101.109.16
205,-2962,1647452187.694766000,151.101.109.16
206,66,1647452187.694818000,192.168.10.155
207,66,1647452187.694877000,192.168.10.155
208,66,1647452187.694898000,192.168.10.155
209,97,1647452187.695786000,192.168.10.155
210,90,1647452187.696535000,192.168.10.155
211,66,1647452187.696559000,192.168.10.155
212,130,1647452187.697099000,192.168.10.155
213,253,1647452187.697829000,192.168.10.155
214,445,1647452187.698526000,192.168.10.155
215,-66,1647452187.698835000,151.101.109.16
216,-189,1647452187.698836000,151.101.109.16
217,-66,1647452187.698836000,151.101.109.16
218,-66,1647452187.698836000,151.101.109.16
219,-4410,1647452187.698837000,151.101.109.16
220,-1514,1647452187.698837000,151.101.109.16
221,90,1647452187.698860000,192.168.10.155
222,78,1647452187.698869000,192.168.10.155
223,78,1647452187.698879000,192.168.10.155
224,-2962,1647452187.698890000,151.101.109.16
225,78,1647452187.698893000,192.168.10.155
226,66,1647452187.698939000,192.168.10.155
227,130,1647452187.699128000,192.168.10.155
228,253,1647452187.699362000,192.168.10.155
229,-4410,1647452187.699496000,151.101.109.16
230,-2608,1647452187.699498000,151.101.109.16
231,78,1647452187.699518000,192.168.10.155
232,78,1647452187.699538000,192.168.10.155
233,684,1647452187.699636000,192.168.10.155
234,90,1647452187.699908000,192.168.10.155
235,66,1647452187.699922000,192.168.10.155
236,-66,1647452187.703659000,151.101.109.16
237,-66,1647452187.705205000,151.101.109.16
238,-66,1647452187.705205000,151.101.109.16
239,-125,1647452187.705205000,151.101.109.16
240,-4410,1647452187.705206000,151.101.109.16
241,-4410,1647452187.705207000,151.101.109.16
242,54,1647452187.705231000,192.168.10.155
243,78,1647452187.705253000,192.168.10.155
244,78,1647452187.705261000,192.168.10.155
245,-4410,1647452187.706665000,151.101.109.16
246,78,1647452187.706674000,192.168.10.155
247,-4410,1647452187.707808000,151.101.109.16
248,-4410,1647452187.707810000,151.101.109.16
249,78,1647452187.707839000,192.168.10.155
250,78,1647452187.707857000,192.168.10.155
251,-66,1647452187.709200000,151.101.109.16
252,-66,1647452187.709200000,151.101.109.16
253,-66,1647452187.709201000,151.101.109.16
254,-90,1647452187.709201000,151.101.109.16
255,-66,1647452187.709201000,151.101.109.16
256,-66,1647452187.709201000,151.101.109.16
257,-125,1647452187.709201000,151.101.109.16
258,-66,1647452187.709201000,151.101.109.16
259,54,1647452187.709220000,192.168.10.155
260,54,1647452187.709230000,192.168.10.155
261,54,1647452187.709239000,192.168.10.155
262,54,1647452187.709248000,192.168.10.155
263,-4410,1647452187.709256000,151.101.109.16
264,-66,1647452187.709257000,151.101.109.16
265,-66,1647452187.709257000,151.101.109.16
266,-66,1647452187.709257000,151.101.109.16
267,-90,1647452187.709257000,151.101.109.16
268,-125,1647452187.709257000,151.101.109.16
269,78,1647452187.709262000,192.168.10.155
270,54,1647452187.709265000,192.168.10.155
271,54,1647452187.709267000,192.168.10.155
272,54,1647452187.709271000,192.168.10.155
273,54,1647452187.709274000,192.168.10.155
274,-66,1647452187.709282000,151.101.109.16
275,-2962,1647452187.709283000,151.101.109.16
276,54,1647452187.709285000,192.168.10.155
277,66,1647452187.709347000,192.168.10.155
278,-66,1647452187.710182000,151.101.109.16
279,-66,1647452187.710183000,151.101.109.16
280,-66,1647452187.710183000,151.101.109.16
281,-2962,1647452187.710184000,151.101.109.16
282,-66,1647452187.710184000,151.101.109.16
283,-2962,1647452187.710185000,151.101.109.16
284,54,1647452187.710202000,192.168.10.155
285,54,1647452187.710222000,192.168.10.155
286,54,1647452187.710227000,192.168.10.155
287,66,1647452187.710236000,192.168.10.155
288,78,1647452187.710256000,192.168.10.155
289,-2962,1647452187.711748000,151.101.109.16
290,-4410,1647452187.711750000,151.101.109.16
291,-1514,1647452187.711750000,151.101.109.16
292,66,1647452187.711767000,192.168.10.155
293,78,1647452187.711896000,192.168.10.155
294,-1514,1647452187.712715000,151.101.109.16
295,-125,1647452187.712715000,151.101.109.16
296,-2962,1647452187.712716000,151.101.109.16
297,-1514,1647452187.712716000,151.101.109.16
298,66,1647452187.712761000,192.168.10.155
299,66,1647452187.712812000,192.168.10.155
300,66,1647452187.712946000,192.168.10.155
301,97,1647452187.713019000,192.168.10.155
302,-1514,1647452187.713477000,151.101.109.16
303,-2962,1647452187.713479000,151.101.109.16
304,66,1647452187.713504000,192.168.10.155
305,66,1647452187.713964000,192.168.10.155
306,-2962,1647452187.715621000,151.101.109.16
307,-2962,1647452187.715622000,151.101.109.16
308,-2962,1647452187.715622000,151.101.109.16
309,66,1647452187.715646000,192.168.10.155
310,66,1647452187.715669000,192.168.10.155
311,66,1647452187.715716000,192.168.10.155
312,-2962,1647452187.716748000,151.101.109.16
313,66,1647452187.716757000,192.168.10.155
314,-2962,1647452187.717479000,151.101.109.16
315,-4410,1647452187.717480000,151.101.109.16
316,66,1647452187.717489000,192.168.10.155
317,66,1647452187.717504000,192.168.10.155
318,-2245,1647452187.718281000,151.101.109.16
319,-2225,1647452187.718281000,151.101.109.16
320,66,1647452187.718288000,192.168.10.155
321,66,1647452187.718301000,192.168.10.155
322,-2962,1647452187.722853000,151.101.109.16
323,66,1647452187.722868000,192.168.10.155
324,-2962,1647452187.722892000,151.101.109.16
325,66,1647452187.722894000,192.168.10.155
326,-2962,1647452187.724150000,151.101.109.16
327,-1514,1647452187.724150000,151.101.109.16
328,66,1647452187.724172000,192.168.10.155
329,66,1647452187.724190000,192.168.10.155
330,-1514,1647452187.725193000,151.101.109.16
331,-519,1647452187.725194000,54.230.130.235
332,-66,1647452187.725194000,151.101.109.16
333,-2962,1647452187.725195000,151.101.109.16
334,66,1647452187.725211000,192.168.10.155
335,66,1647452187.725244000,192.168.10.155
336,66,1647452187.725258000,192.168.10.155
337,-2251,1647452187.727006000,151.101.109.16
338,-2962,1647452187.727007000,151.101.109.16
339,66,1647452187.727025000,192.168.10.155
340,66,1647452187.727047000,192.168.10.155
341,-2962,1647452187.728585000,151.101.109.16
342,-2962,1647452187.728588000,151.101.109.16
343,66,1647452187.728636000,192.168.10.155
344,66,1647452187.728690000,192.168.10.155
345,-2962,1647452187.730266000,151.101.109.16
346,66,1647452187.730276000,192.168.10.155
347,-9092,1647452187.732718000,54.230.130.235
348,-2962,1647452187.732719000,151.101.109.16
349,66,1647452187.732729000,192.168.10.155
350,66,1647452187.732742000,192.168.10.155
351,-2962,1647452187.734773000,151.101.109.16
352,-2962,1647452187.734783000,151.101.109.16
353,66,1647452187.734800000,192.168.10.155
354,66,1647452187.734816000,192.168.10.155
355,-16472,1647452187.735438000,54.230.130.235
356,66,1647452187.735451000,192.168.10.155
357,-2962,1647452187.735479000,151.101.109.16
358,-100,1647452187.735480000,54.230.130.235
359,66,1647452187.735486000,192.168.10.155
360,66,1647452187.735491000,192.168.10.155
361,-2962,1647452187.736131000,151.101.109.16
362,66,1647452187.736150000,192.168.10.155
363,-2962,1647452187.737739000,151.101.109.16
364,-2962,1647452187.737740000,151.101.109.16
365,66,1647452187.737750000,192.168.10.155
366,66,1647452187.737765000,192.168.10.155
367,-2962,1647452187.738629000,151.101.109.16
368,-2962,1647452187.738630000,151.101.109.16
369,66,1647452187.738641000,192.168.10.155
370,66,1647452187.738652000,192.168.10.155
371,-1655,1647452187.739933000,151.101.109.16
372,66,1647452187.739942000,192.168.10.155
373,-1703,1647452187.823754000,54.230.130.235
374,66,1647452187.823774000,192.168.10.155
375,-8634,1647452187.830973000,54.230.130.235
376,66,1647452187.830987000,192.168.10.155
377,-7496,1647452187.831022000,54.230.130.235
378,66,1647452187.831024000,192.168.10.155
379,-8634,1647452187.833450000,54.230.130.235
380,66,1647452187.833463000,192.168.10.155
381,-7904,1647452187.833667000,54.230.130.235
382,-1709,1647452187.833668000,54.230.130.235
383,66,1647452187.833683000,192.168.10.155
384,66,1647452187.833702000,192.168.10.155
385,-12902,1647452187.833743000,54.230.130.235
386,66,1647452187.833747000,192.168.10.155
387,-9092,1647452187.834558000,54.230.130.235
388,66,1647452187.834570000,192.168.10.155
389,74,1647452187.846318000,192.168.10.155
390,-5778,1647452187.928788000,54.230.130.235
391,66,1647452187.928814000,192.168.10.155
392,-10760,1647452187.928920000,54.230.130.235
393,66,1647452187.928930000,192.168.10.155
394,-2303,1647452187.928980000,54.230.130.235
395,-5596,1647452187.928983000,54.230.130.235
396,66,1647452187.928997000,192.168.10.155
397,66,1647452187.929014000,192.168.10.155
398,211,1647452187.936598000,192.168.10.155
399,198,1647452187.937482000,192.168.10.155
400,175,1647452187.938441000,192.168.10.155
401,311,1647452187.938899000,192.168.10.155
402,188,1647452187.943923000,192.168.10.155
403,-66,1647452187.946233000,151.101.109.16
404,-2962,1647452187.946322000,151.101.109.16
405,-2962,1647452187.946323000,151.101.109.16
406,66,1647452187.946374000,192.168.10.155
407,66,1647452187.946436000,192.168.10.155
408,-2962,1647452187.948182000,151.101.109.16
409,-66,1647452187.948183000,151.101.109.16
410,-2227,1647452187.948183000,151.101.109.16
411,66,1647452187.948197000,192.168.10.155
412,66,1647452187.948215000,192.168.10.155
413,-74,1647452187.948958000,54.71.9.10
414,-2962,1647452187.948959000,151.101.109.16
415,66,1647452187.948995000,192.168.10.155
416,66,1647452187.949017000,192.168.10.155
417,-1622,1647452187.950323000,151.101.109.16
418,-66,1647452187.950323000,151.101.109.16
419,-2962,1647452187.950324000,151.101.109.16
420,66,1647452187.950336000,192.168.10.155
421,66,1647452187.950350000,192.168.10.155
422,-2962,1647452187.951649000,151.101.109.16
423,-2962,1647452187.951649000,151.101.109.16
424,66,1647452187.951659000,192.168.10.155
425,66,1647452187.951670000,192.168.10.155
426,583,1647452187.952388000,192.168.10.155
427,-66,1647452187.953178000,151.101.109.16
428,-2962,1647452187.953180000,151.101.109.16
429,-1514,1647452187.953180000,151.101.109.16
430,66,1647452187.953201000,192.168.10.155
431,66,1647452187.953215000,192.168.10.155
432,-66,1647452187.954326000,151.101.109.16
433,-2962,1647452187.956982000,151.101.109.16
434,66,1647452187.957003000,192.168.10.155
435,-2962,1647452187.957038000,151.101.109.16
436,66,1647452187.957045000,192.168.10.155
437,-2962,1647452187.958301000,151.101.109.16
438,-2962,1647452187.958306000,151.101.109.16
439,66,1647452187.958390000,192.168.10.155
440,66,1647452187.958487000,192.168.10.155
441,-2962,1647452187.960320000,151.101.109.16
442,-2962,1647452187.960322000,151.101.109.16
443,66,1647452187.960349000,192.168.10.155
444,66,1647452187.960372000,192.168.10.155
445,-2962,1647452187.961446000,151.101.109.16
446,-2364,1647452187.961450000,151.101.109.16
447,66,1647452187.961470000,192.168.10.155
448,66,1647452187.961493000,192.168.10.155
449,169,1647452187.964629000,192.168.10.155
450,74,1647452187.970275000,192.168.10.155
451,200,1647452187.970375000,192.168.10.155
452,-66,1647452187.974278000,151.101.109.16
453,-2962,1647452187.974279000,151.101.109.16
454,66,1647452187.974314000,192.168.10.155
455,-2962,1647452187.975359000,151.101.109.16
456,-2008,1647452187.975359000,151.101.109.16
457,66,1647452187.975371000,192.168.10.155
458,66,1647452187.975387000,192.168.10.155
459,-66,1647452187.980118000,151.101.109.16
460,-74,1647452187.980118000,151.101.109.16
461,-2962,1647452187.980118000,151.101.109.16
462,66,1647452187.980148000,192.168.10.155
463,66,1647452187.980166000,192.168.10.155
464,-2962,1647452187.980179000,151.101.109.16
465,66,1647452187.980182000,192.168.10.155
466,-2962,1647452187.981634000,151.101.109.16
467,-2962,1647452187.981635000,151.101.109.16
468,66,1647452187.981644000,192.168.10.155
469,66,1647452187.981654000,192.168.10.155
470,583,1647452187.981965000,192.168.10.155
471,-2962,1647452187.983057000,151.101.109.16
472,-2962,1647452187.983058000,151.101.109.16
473,66,1647452187.983069000,192.168.10.155
474,66,1647452187.983082000,192.168.10.155
475,-2962,1647452187.984562000,151.101.109.16
476,-2962,1647452187.984563000,151.101.109.16
477,66,1647452187.984577000,192.168.10.155
478,66,1647452187.984598000,192.168.10.155
479,-2962,1647452187.985971000,151.101.109.16
480,-2962,1647452187.985972000,151.101.109.16
481,66,1647452187.985977000,192.168.10.155
482,66,1647452187.985986000,192.168.10.155
483,-2962,1647452187.987331000,151.101.109.16
484,66,1647452187.987338000,192.168.10.155
485,-2962,1647452187.989697000,151.101.109.16
486,66,1647452187.989713000,192.168.10.155
487,-2962,1647452187.989745000,151.101.109.16
488,66,1647452187.989749000,192.168.10.155
489,-2962,1647452187.991238000,151.101.109.16
490,-2962,1647452187.991239000,151.101.109.16
491,-66,1647452187.991239000,151.101.109.16
492,66,1647452187.991256000,192.168.10.155
493,66,1647452187.991276000,192.168.10.155
494,-2962,1647452187.993615000,151.101.109.16
495,-5481,1647452187.993616000,151.101.109.16
496,-2962,1647452187.993617000,151.101.109.16
497,66,1647452187.993638000,192.168.10.155
498,66,1647452187.993662000,192.168.10.155
499,66,1647452187.993666000,192.168.10.155
500,-2031,1647452187.994486000,151.101.109.16
501,66,1647452187.994498000,192.168.10.155
502,130,1647452187.997725000,192.168.10.155
503,253,1647452187.997968000,192.168.10.155
504,90,1647452187.998395000,192.168.10.155
505,-66,1647452188.007797000,151.101.109.16
506,-90,1647452188.007798000,151.101.109.16
507,-66,1647452188.007798000,151.101.109.16
508,54,1647452188.007858000,192.168.10.155
509,54,1647452188.007890000,192.168.10.155
510,-66,1647452188.055548000,54.71.9.10
511,-2962,1647452188.057756000,54.71.9.10
512,66,1647452188.057770000,192.168.10.155
513,-2615,1647452188.057936000,54.71.9.10
514,66,1647452188.057942000,192.168.10.155
515,192,1647452188.065899000,192.168.10.155
516,-324,1647452188.168821000,54.71.9.10
517,-135,1647452188.168824000,54.71.9.10
518,66,1647452188.168847000,192.168.10.155
519,66,1647452188.168870000,192.168.10.155
520,243,1647452188.229696000,192.168.10.155
521,504,1647452188.229720000,192.168.10.155
522,104,1647452188.230157000,192.168.10.155
523,-149,1647452188.327950000,54.230.130.235
524,66,1647452188.327993000,192.168.10.155
525,-104,1647452188.332495000,54.71.9.10
526,66,1647452188.332524000,192.168.10.155
527,-236,1647452188.335022000,54.71.9.10
528,-104,1647452188.335023000,54.71.9.10
529,66,1647452188.335043000,192.168.10.155
530,66,1647452188.335072000,192.168.10.155
531,-1099,1647452188.381966000,54.230.130.235
532,-1988,1647452188.381967000,54.230.130.235
533,-1494,1647452188.381967000,54.230.130.235
534,66,1647452188.381989000,192.168.10.155
535,66,1647452188.382014000,192.168.10.155
536,66,1647452188.382019000,192.168.10.155
537,-386,1647452188.382137000,54.230.130.235
538,-1803,1647452188.382137000,54.230.130.235
539,66,1647452188.382143000,192.168.10.155
540,66,1647452188.382157000,192.168.10.155
541,-3592,1647452188.383067000,54.230.130.235
542,66,1647452188.383075000,192.168.10.155
543,158,1647452188.389451000,192.168.10.155
544,159,1647452188.390460000,192.168.10.155
545,159,1647452188.391375000,192.168.10.155
546,158,1647452188.391691000,192.168.10.155
547,191,1647452188.392062000,192.168.10.155
548,-5778,1647452188.393768000,54.230.130.235
549,66,1647452188.393783000,192.168.10.155
550,-2922,1647452188.395123000,54.230.130.235
551,66,1647452188.395168000,192.168.10.155
552,-524,1647452188.396386000,54.230.130.235
553,-1494,1647452188.396387000,54.230.130.235
554,66,1647452188.396398000,192.168.10.155
555,66,1647452188.396416000,192.168.10.155
556,74,1647452188.396761000,192.168.10.155
557,198,1647452188.396896000,192.168.10.155
558,-7670,1647452188.397273000,54.230.130.235
559,66,1647452188.397285000,192.168.10.155
560,241,1647452188.397608000,192.168.10.155
561,153,1647452188.397949000,192.168.10.155
562,-66,1647452188.399067000,151.101.109.16
563,-66,1647452188.399068000,151.101.109.16
564,-874,1647452188.400719000,151.101.109.16
565,-66,1647452188.400720000,151.101.109.16
566,-66,1647452188.400720000,151.101.109.16
567,78,1647452188.400751000,192.168.10.155
568,-1179,1647452188.402698000,151.101.109.16
569,-986,1647452188.402698000,151.101.109.16
570,86,1647452188.402720000,192.168.10.155
571,86,1647452188.402738000,192.168.10.155
572,202,1647452188.403840000,192.168.10.155
573,198,1647452188.404443000,192.168.10.155
574,-66,1647452188.407092000,151.101.109.16
575,-74,1647452188.407592000,151.101.109.16
576,-66,1647452188.407593000,151.101.109.16
577,66,1647452188.407627000,192.168.10.155
578,-894,1647452188.408646000,151.101.109.16
579,-850,1647452188.408647000,151.101.109.16
580,-871,1647452188.409258000,151.101.109.16
581,94,1647452188.409305000,192.168.10.155
582,583,1647452188.410280000,192.168.10.155
583,-1089,1647452188.412339000,151.101.109.16
584,86,1647452188.412394000,192.168.10.155
585,-66,1647452188.413581000,151.101.109.16
586,-1161,1647452188.419436000,151.101.109.16
587,-450,1647452188.419436000,151.101.109.16
588,-1514,1647452188.419437000,151.101.109.16
589,78,1647452188.419458000,192.168.10.155
590,66,1647452188.419484000,192.168.10.155
591,-66,1647452188.421431000,151.101.109.16
592,-2286,1647452188.421433000,151.101.109.16
593,66,1647452188.421454000,192.168.10.155
594,-2962,1647452188.423473000,151.101.109.16
595,66,1647452188.423496000,192.168.10.155
596,-2601,1647452188.423533000,151.101.109.16
597,66,1647452188.423539000,192.168.10.155
598,155,1647452188.432561000,192.168.10.155
599,130,1647452188.432737000,192.168.10.155
600,253,1647452188.432930000,192.168.10.155
601,90,1647452188.433504000,192.168.10.155
602,66,1647452188.433529000,192.168.10.155
603,155,1647452188.434245000,192.168.10.155
604,-66,1647452188.442414000,151.101.109.16
605,-66,1647452188.442414000,151.101.109.16
606,-125,1647452188.442415000,151.101.109.16
607,-2962,1647452188.442416000,151.101.109.16
608,-66,1647452188.442416000,151.101.109.16
609,-66,1647452188.442416000,151.101.109.16
610,-66,1647452188.442416000,151.101.109.16
611,54,1647452188.442457000,192.168.10.155
612,66,1647452188.442487000,192.168.10.155
613,54,1647452188.442500000,192.168.10.155
614,54,1647452188.442504000,192.168.10.155
615,54,1647452188.442508000,192.168.10.155
616,-2962,1647452188.443342000,151.101.109.16
617,66,1647452188.443352000,192.168.10.155
618,-2603,1647452188.444460000,151.101.109.16
619,-66,1647452188.444461000,151.101.109.16
620,66,1647452188.444481000,192.168.10.155
621,-2962,1647452188.445533000,151.101.109.16
622,66,1647452188.445555000,192.168.10.155
623,-2962,1647452188.446589000,151.101.109.16
624,66,1647452188.446599000,192.168.10.155
625,-2962,1647452188.447676000,151.101.109.16
626,66,1647452188.447683000,192.168.10.155
627,-2962,1647452188.448688000,151.101.109.16
628,66,1647452188.448706000,192.168.10.155
629,-1514,1647452188.449758000,151.101.109.16
630,-2962,1647452188.452365000,151.101.109.16
631,-580,1647452188.452366000,151.101.109.16
632,66,1647452188.452381000,192.168.10.155
633,155,1647452188.472079000,192.168.10.155
634,-2922,1647452188.481032000,54.230.130.235
635,66,1647452188.481045000,192.168.10.155
636,-8094,1647452188.481106000,54.230.130.235
637,-2892,1647452188.481106000,54.230.130.235
638,66,1647452188.481117000,192.168.10.155
639,66,1647452188.481129000,192.168.10.155
640,-66,1647452188.482209000,151.101.109.16
641,-539,1647452188.482210000,151.101.109.16
642,155,1647452188.522662000,192.168.10.155
643,-66,1647452188.532273000,151.101.109.16
644,-2962,1647452188.538699000,151.101.109.16
645,-2962,1647452188.538700000,151.101.109.16
646,66,1647452188.538723000,192.168.10.155
647,66,1647452188.538754000,192.168.10.155
648,-2962,1647452188.541044000,151.101.109.16
649,66,1647452188.541067000,192.168.10.155
650,-2962,1647452188.542855000,151.101.109.16
651,66,1647452188.542872000,192.168.10.155
652,-2962,1647452188.544646000,151.101.109.16
653,66,1647452188.544663000,192.168.10.155
654,-2962,1647452188.546383000,151.101.109.16
655,66,1647452188.546404000,192.168.10.155
656,-2962,1647452188.548199000,151.101.109.16
657,66,1647452188.548221000,192.168.10.155
658,-1549,1647452188.550051000,151.101.109.16
659,66,1647452188.550083000,192.168.10.155
660,174,1647452188.587736000,192.168.10.155
661,219,1647452188.588369000,192.168.10.155
662,1282,1647452188.593883000,192.168.10.155
663,180,1647452188.595264000,192.168.10.155
664,-66,1647452188.598090000,151.101.109.16
665,-314,1647452188.598094000,151.101.109.16
666,-285,1647452188.598096000,151.101.109.16
667,-66,1647452188.598097000,151.101.109.16
668,-2962,1647452188.598100000,151.101.109.16
669,66,1647452188.598196000,192.168.10.155
670,66,1647452188.598348000,192.168.10.155
671,66,1647452188.598371000,192.168.10.155
672,-2962,1647452188.599647000,151.101.109.16
673,-2962,1647452188.599648000,151.101.109.16
674,66,1647452188.599665000,192.168.10.155
675,66,1647452188.599682000,192.168.10.155
676,-2962,1647452188.602066000,151.101.109.16
677,66,1647452188.602081000,192.168.10.155
678,-2962,1647452188.602111000,151.101.109.16
679,66,1647452188.602115000,192.168.10.155
680,183,1647452188.602283000,192.168.10.155
681,-2962,1647452188.603051000,151.101.109.16
682,-2962,1647452188.603052000,151.101.109.16
683,66,1647452188.603064000,192.168.10.155
684,66,1647452188.603078000,192.168.10.155
685,-2962,1647452188.604761000,151.101.109.16
686,-2962,1647452188.604763000,151.101.109.16
687,66,1647452188.604779000,192.168.10.155
688,66,1647452188.604804000,192.168.10.155
689,-2962,1647452188.605462000,151.101.109.16
690,-66,1647452188.605463000,151.101.109.16
691,66,1647452188.605474000,192.168.10.155
692,-1514,1647452188.608432000,151.101.109.16
693,-2962,1647452188.608433000,151.101.109.16
694,66,1647452188.608457000,192.168.10.155
695,174,1647452188.608960000,192.168.10.155
696,-2962,1647452188.609771000,151.101.109.16
697,-2962,1647452188.609772000,151.101.109.16
698,66,1647452188.609791000,192.168.10.155
699,66,1647452188.609815000,192.168.10.155
700,169,1647452188.612421000,192.168.10.155
701,-2962,1647452188.612835000,151.101.109.16
702,-2962,1647452188.612839000,151.101.109.16
703,66,1647452188.612882000,192.168.10.155
704,66,1647452188.612938000,192.168.10.155
705,-66,1647452188.614277000,151.101.109.16
706,-2962,1647452188.614278000,151.101.109.16
707,-2962,1647452188.614279000,151.101.109.16
708,66,1647452188.614301000,192.168.10.155
709,66,1647452188.614323000,192.168.10.155
710,183,1647452188.614816000,192.168.10.155
711,-2962,1647452188.615777000,151.101.109.16
712,66,1647452188.615791000,192.168.10.155
713,182,1647452188.615815000,192.168.10.155
714,-2962,1647452188.615829000,151.101.109.16
715,66,1647452188.615833000,192.168.10.155
716,-2962,1647452188.616758000,151.101.109.16
717,66,1647452188.616770000,192.168.10.155
718,169,1647452188.616969000,192.168.10.155
719,191,1647452188.618455000,192.168.10.155
720,-2962,1647452188.618556000,151.101.109.16
721,-2962,1647452188.618557000,151.101.109.16
722,66,1647452188.618567000,192.168.10.155
723,66,1647452188.618578000,192.168.10.155
724,-66,1647452188.619778000,151.101.109.16
725,-2962,1647452188.619779000,151.101.109.16
726,-2962,1647452188.619780000,151.101.109.16
727,66,1647452188.619797000,192.168.10.155
728,66,1647452188.619813000,192.168.10.155
729,-66,1647452188.625284000,151.101.109.16
730,-2962,1647452188.625285000,151.101.109.16
731,66,1647452188.625309000,192.168.10.155
732,-2962,1647452188.626284000,151.101.109.16
733,-2962,1647452188.626285000,151.101.109.16
734,66,1647452188.626310000,192.168.10.155
735,66,1647452188.626339000,192.168.10.155
736,-2962,1647452188.627786000,151.101.109.16
737,-66,1647452188.627788000,151.101.109.16
738,-2962,1647452188.627789000,151.101.109.16
739,66,1647452188.627824000,192.168.10.155
740,66,1647452188.627872000,192.168.10.155
741,-66,1647452188.629184000,151.101.109.16
742,-2962,1647452188.629189000,151.101.109.16
743,-2962,1647452188.629190000,151.101.109.16
744,66,1647452188.629266000,192.168.10.155
745,66,1647452188.629327000,192.168.10.155
746,-66,1647452188.631116000,151.101.109.16
747,-2962,1647452188.631118000,151.101.109.16
748,-2962,1647452188.631119000,151.101.109.16
749,66,1647452188.631172000,192.168.10.155
750,66,1647452188.631212000,192.168.10.155
751,-2962,1647452188.632417000,151.101.109.16
752,-2962,1647452188.632419000,151.101.109.16
753,66,1647452188.632440000,192.168.10.155
754,66,1647452188.632470000,192.168.10.155
755,-2962,1647452188.635322000,151.101.109.16
756,66,1647452188.635376000,192.168.10.155
757,-2962,1647452188.636566000,151.101.109.16
758,-2962,1647452188.636570000,151.101.109.16
759,66,1647452188.636630000,192.168.10.155
760,66,1647452188.636713000,192.168.10.155
761,-2962,1647452188.638260000,151.101.109.16
762,-2962,1647452188.638261000,151.101.109.16
763,66,1647452188.638278000,192.168.10.155
764,66,1647452188.638302000,192.168.10.155
765,-2962,1647452188.639421000,151.101.109.16
766,-2962,1647452188.639422000,151.101.109.16
767,66,1647452188.639442000,192.168.10.155
768,66,1647452188.639473000,192.168.10.155
769,-1514,1647452188.640808000,151.101.109.16
770,-2962,1647452188.640810000,151.101.109.16
771,66,1647452188.640840000,192.168.10.155
772,-2962,1647452188.641844000,151.101.109.16
773,-2962,1647452188.641845000,151.101.109.16
774,66,1647452188.641872000,192.168.10.155
775,66,1647452188.641899000,192.168.10.155
776,-2962,1647452188.644040000,151.101.109.16
777,66,1647452188.644092000,192.168.10.155
778,-2962,1647452188.645345000,151.101.109.16
779,66,1647452188.645357000,192.168.10.155
780,-2962,1647452188.646735000,151.101.109.16
781,-2962,1647452188.646737000,151.101.109.16
782,66,1647452188.646752000,192.168.10.155
783,66,1647452188.646773000,192.168.10.155
784,-2962,1647452188.648365000,151.101.109.16
785,-2962,1647452188.648366000,151.101.109.16
786,66,1647452188.648384000,192.168.10.155
787,66,1647452188.648409000,192.168.10.155
788,-2962,1647452188.649467000,151.101.109.16
789,-2962,1647452188.649468000,151.101.109.16
790,66,1647452188.649485000,192.168.10.155
791,66,1647452188.649509000,192.168.10.155
792,-2962,1647452188.650907000,151.101.109.16
793,66,1647452188.650924000,192.168.10.155
794,-2962,1647452188.653486000,151.101.109.16
795,66,1647452188.653502000,192.168.10.155
796,-2962,1647452188.653537000,151.101.109.16
797,66,1647452188.653541000,192.168.10.155
798,-2962,1647452188.654610000,151.101.109.16
799,-2962,1647452188.654611000,151.101.109.16
800,66,1647452188.654628000,192.168.10.155
801,66,1647452188.654648000,192.168.10.155
802,-2962,1647452188.656846000,151.101.109.16
803,-2962,1647452188.656848000,151.101.109.16
804,66,1647452188.656871000,192.168.10.155
805,66,1647452188.656899000,192.168.10.155
806,-2962,1647452188.659018000,151.101.109.16
807,-2962,1647452188.659020000,151.101.109.16
808,66,1647452188.659114000,192.168.10.155
809,66,1647452188.659213000,192.168.10.155
810,-2962,1647452188.659573000,151.101.109.16
811,-2962,1647452188.659574000,151.101.109.16
812,66,1647452188.659588000,192.168.10.155
813,66,1647452188.659603000,192.168.10.155
814,-1514,1647452188.661063000,151.101.109.16
815,-2962,1647452188.661064000,151.101.109.16
816,66,1647452188.661087000,192.168.10.155
817,-2962,1647452188.664253000,151.101.109.16
818,-2962,1647452188.664255000,151.101.109.16
819,66,1647452188.664276000,192.168.10.155
820,66,1647452188.664305000,192.168.10.155
821,-2962,1647452188.666534000,151.101.109.16
822,-2962,1647452188.666535000,151.101.109.16
823,66,1647452188.666558000,192.168.10.155
824,66,1647452188.666578000,192.168.10.155
825,-2962,1647452188.667449000,151.101.109.16
826,-2962,1647452188.667451000,151.101.109.16
827,66,1647452188.667476000,192.168.10.155
828,66,1647452188.667504000,192.168.10.155
829,-2962,1647452188.671043000,151.101.109.16
830,66,1647452188.671061000,192.168.10.155
831,-2962,1647452188.671113000,151.101.109.16
832,-2962,1647452188.671114000,151.101.109.16
833,-2962,1647452188.671115000,151.101.109.16
834,66,1647452188.671127000,192.168.10.155
835,66,1647452188.671136000,192.168.10.155
836,66,1647452188.671140000,192.168.10.155
837,-2962,1647452188.672210000,151.101.109.16
838,66,1647452188.672226000,192.168.10.155
839,-2962,1647452188.677462000,151.101.109.16
840,-2962,1647452188.677464000,151.101.109.16
841,-2962,1647452188.677466000,151.101.109.16
842,-2962,1647452188.677466000,151.101.109.16
843,66,1647452188.677488000,192.168.10.155
844,66,1647452188.677516000,192.168.10.155
845,66,1647452188.677521000,192.168.10.155
846,66,1647452188.677524000,192.168.10.155
847,-2962,1647452188.678549000,151.101.109.16
848,-2962,1647452188.678550000,151.101.109.16
849,66,1647452188.678564000,192.168.10.155
850,66,1647452188.678583000,192.168.10.155
851,-2962,1647452188.680488000,151.101.109.16
852,66,1647452188.680526000,192.168.10.155
853,157,1647452188.690575000,192.168.10.155
854,-2962,1647452188.690811000,151.101.109.16
855,66,1647452188.690827000,192.168.10.155
856,-2962,1647452188.690916000,151.101.109.16
857,-2962,1647452188.690917000,151.101.109.16
858,-2962,1647452188.690918000,151.101.109.16
859,-2962,1647452188.690918000,151.101.109.16
860,66,1647452188.690927000,192.168.10.155
861,66,1647452188.690936000,192.168.10.155
862,66,1647452188.690940000,192.168.10.155
863,66,1647452188.690944000,192.168.10.155
864,-2962,1647452188.690960000,151.101.109.16
865,66,1647452188.690963000,192.168.10.155
866,-2962,1647452188.692436000,151.101.109.16
867,-2962,1647452188.692439000,151.101.109.16
868,66,1647452188.692515000,192.168.10.155
869,66,1647452188.692606000,192.168.10.155
870,-2962,1647452188.694150000,151.101.109.16
871,-2962,1647452188.694151000,151.101.109.16
872,66,1647452188.694170000,192.168.10.155
873,66,1647452188.694186000,192.168.10.155
874,-2962,1647452188.695366000,151.101.109.16
875,66,1647452188.695388000,192.168.10.155
876,-66,1647452188.704949000,151.101.109.16
877,-2962,1647452188.704960000,151.101.109.16
878,-1514,1647452188.704961000,151.101.109.16
879,66,1647452188.704994000,192.168.10.155
880,-2962,1647452188.705041000,151.101.109.16
881,-2962,1647452188.705042000,151.101.109.16
882,66,1647452188.705046000,192.168.10.155
883,66,1647452188.705053000,192.168.10.155
884,-2962,1647452188.706506000,151.101.109.16
885,-2962,1647452188.706506000,151.101.109.16
886,66,1647452188.706524000,192.168.10.155
887,66,1647452188.706548000,192.168.10.155
888,-2962,1647452188.708412000,151.101.109.16
889,66,1647452188.708435000,192.168.10.155
890,-2962,1647452188.708488000,151.101.109.16
891,66,1647452188.708496000,192.168.10.155
892,-2962,1647452188.709978000,151.101.109.16
893,-2962,1647452188.709980000,151.101.109.16
894,66,1647452188.710006000,192.168.10.155
895,66,1647452188.710029000,192.168.10.155
896,-2962,1647452188.711663000,151.101.109.16
897,-2962,1647452188.711666000,151.101.109.16
898,66,1647452188.711727000,192.168.10.155
899,66,1647452188.711794000,192.168.10.155
900,-2962,1647452188.712619000,151.101.109.16
901,66,1647452188.712637000,192.168.10.155
902,-2962,1647452188.718711000,151.101.109.16
903,66,1647452188.718728000,192.168.10.155
904,-2962,1647452188.718758000,151.101.109.16
905,66,1647452188.718761000,192.168.10.155
906,-2962,1647452188.719550000,151.101.109.16
907,-2962,1647452188.719551000,151.101.109.16
908,66,1647452188.719562000,192.168.10.155
909,66,1647452188.719577000,192.168.10.155
910,-2962,1647452188.721191000,151.101.109.16
911,-2962,1647452188.721193000,151.101.109.16
912,66,1647452188.721220000,192.168.10.155
913,66,1647452188.721249000,192.168.10.155
914,-2962,1647452188.724802000,151.101.109.16
915,-2962,1647452188.724803000,151.101.109.16
916,66,1647452188.724831000,192.168.10.155
917,66,1647452188.724858000,192.168.10.155
918,-2962,1647452188.724874000,151.101.109.16
919,-2962,1647452188.724875000,151.101.109.16
920,66,1647452188.724879000,192.168.10.155
921,66,1647452188.724883000,192.168.10.155
922,-2962,1647452188.726351000,151.101.109.16
923,-2962,1647452188.726357000,151.101.109.16
924,66,1647452188.726442000,192.168.10.155
925,66,1647452188.726498000,192.168.10.155
926,-2962,1647452188.727881000,151.101.109.16
927,66,1647452188.727900000,192.168.10.155
928,-2962,1647452188.729098000,151.101.109.16
929,-1514,1647452188.729100000,151.101.109.16
930,-2962,1647452188.729100000,151.101.109.16
931,66,1647452188.729168000,192.168.10.155
932,66,1647452188.729240000,192.168.10.155
933,-2962,1647452188.730780000,151.101.109.16
934,-2962,1647452188.730781000,151.101.109.16
935,66,1647452188.730800000,192.168.10.155
936,66,1647452188.730822000,192.168.10.155
937,-2962,1647452188.731406000,151.101.109.16
938,66,1647452188.731422000,192.168.10.155
939,-2962,1647452188.734911000,151.101.109.16
940,-2962,1647452188.734912000,151.101.109.16
941,66,1647452188.734931000,192.168.10.155
942,66,1647452188.734954000,192.168.10.155
943,-2962,1647452188.736578000,151.101.109.16
944,-2962,1647452188.736579000,151.101.109.16
945,66,1647452188.736597000,192.168.10.155
946,66,1647452188.736613000,192.168.10.155
947,-2962,1647452188.737856000,151.101.109.16
948,-2962,1647452188.737857000,151.101.109.16
949,66,1647452188.737870000,192.168.10.155
950,66,1647452188.737892000,192.168.10.155
951,-2962,1647452188.739116000,151.101.109.16
952,-2962,1647452188.739117000,151.101.109.16
953,66,1647452188.739132000,192.168.10.155
954,66,1647452188.739150000,192.168.10.155
955,-2962,1647452188.739965000,151.101.109.16
956,-2962,1647452188.739966000,151.101.109.16
957,66,1647452188.739982000,192.168.10.155
958,66,1647452188.740013000,192.168.10.155
959,-2962,1647452188.741267000,151.101.109.16
960,-2962,1647452188.741268000,151.101.109.16
961,66,1647452188.741288000,192.168.10.155
962,66,1647452188.741360000,192.168.10.155
963,-2962,1647452188.742518000,151.101.109.16
964,66,1647452188.742536000,192.168.10.155
965,-1790,1647452188.744920000,151.101.109.16
966,66,1647452188.744932000,192.168.10.155
967,194,1647452188.746886000,192.168.10.155
968,181,1647452188.749856000,192.168.10.155
969,-4410,1647452188.759396000,151.101.109.16
970,-66,1647452188.759397000,151.101.109.16
971,-4410,1647452188.759452000,151.101.109.16
972,-2962,1647452188.759453000,151.101.109.16
973,66,1647452188.759476000,192.168.10.155
974,-4410,1647452188.760818000,151.101.109.16
975,-2962,1647452188.760819000,151.101.109.16
976,-4410,1647452188.760820000,151.101.109.16
977,66,1647452188.760840000,192.168.10.155
978,66,1647452188.761243000,192.168.10.155
979,-2962,1647452188.762168000,151.101.109.16
980,-4410,1647452188.762171000,151.101.109.16
981,66,1647452188.762213000,192.168.10.155
982,66,1647452188.762248000,192.168.10.155
983,-2962,1647452188.763323000,151.101.109.16
984,-4410,1647452188.763325000,151.101.109.16
985,66,1647452188.763335000,192.168.10.155
986,66,1647452188.763348000,192.168.10.155
987,-546,1647452188.764451000,151.101.109.16
988,-2962,1647452188.764452000,151.101.109.16
989,66,1647452188.764476000,192.168.10.155
990,-2962,1647452188.766832000,151.101.109.16
991,66,1647452188.766847000,192.168.10.155
992,-2962,1647452188.767364000,151.101.109.16
993,66,1647452188.767375000,192.168.10.155
994,-2962,1647452188.768368000,151.101.109.16
995,66,1647452188.768380000,192.168.10.155
996,-2962,1647452188.769587000,151.101.109.16
997,66,1647452188.769602000,192.168.10.155
998,-2962,1647452188.770888000,151.101.109.16
999,66,1647452188.770899000,192.168.10.155
1000,-2962,1647452188.772505000,151.101.109.16
1001,-2962,1647452188.772506000,151.101.109.16
1002,66,1647452188.772519000,192.168.10.155
1003,66,1647452188.772539000,192.168.10.155
1004,-2962,1647452188.774481000,151.101.109.16
1005,66,1647452188.774498000,192.168.10.155
1006,-2962,1647452188.777303000,151.101.109.16
1007,66,1647452188.777323000,192.168.10.155
1008,-2962,1647452188.777352000,151.101.109.16
1009,66,1647452188.777356000,192.168.10.155
1010,-2962,1647452188.778625000,151.101.109.16
1011,66,1647452188.778664000,192.168.10.155
1012,-2962,1647452188.779674000,151.101.109.16
1013,66,1647452188.779688000,192.168.10.155
1014,-2962,1647452188.780786000,151.101.109.16
1015,66,1647452188.780797000,192.168.10.155
1016,-2962,1647452188.782069000,151.101.109.16
1017,-2672,1647452188.782070000,151.101.109.16
1018,66,1647452188.782083000,192.168.10.155
1019,66,1647452188.782103000,192.168.10.155
1020,66,1647452188.807492000,192.168.10.155
1021,202,1647452188.866330000,192.168.10.155
1022,-66,1647452188.876473000,151.101.109.16
1023,-1612,1647452188.876474000,151.101.109.16
1024,66,1647452188.876500000,192.168.10.155
1025,155,1647452188.879921000,192.168.10.155
1026,-429,1647452188.880523000,54.230.130.235
1027,66,1647452188.880540000,192.168.10.155
1028,-4349,1647452188.882528000,54.230.130.235
1029,-2763,1647452188.882529000,54.230.130.235
1030,-1747,1647452188.882530000,54.230.130.235
1031,-3614,1647452188.882531000,54.230.130.235
1032,66,1647452188.882557000,192.168.10.155
1033,66,1647452188.882591000,192.168.10.155
1034,66,1647452188.882597000,192.168.10.155
1035,66,1647452188.882602000,192.168.10.155
1036,-9865,1647452188.884073000,54.230.130.235
1037,66,1647452188.884096000,192.168.10.155
1038,190,1647452188.887831000,192.168.10.155
1039,-66,1647452188.890234000,151.101.109.16
1040,-1046,1647452188.890259000,151.101.109.16
1041,-66,1647452188.897562000,151.101.109.16
1042,-1011,1647452188.897563000,151.101.109.16
1043,66,1647452188.897590000,192.168.10.155
1044,164,1647452188.898738000,192.168.10.155
1045,164,1647452188.899805000,192.168.10.155
1046,165,1647452188.902351000,192.168.10.155
1047,263,1647452188.902577000,192.168.10.155
1048,164,1647452188.902984000,192.168.10.155
1049,163,1647452188.903336000,192.168.10.155
1050,164,1647452188.903351000,192.168.10.155
1051,164,1647452188.903647000,192.168.10.155
1052,160,1647452188.903917000,192.168.10.155
1053,-9092,1647452188.904889000,54.230.130.235
1054,66,1647452188.904902000,192.168.10.155
1055,152,1647452188.906845000,192.168.10.155
1056,-66,1647452188.908914000,151.101.109.16
1057,-2452,1647452188.908917000,151.101.109.16
1058,66,1647452188.909021000,192.168.10.155
1059,-66,1647452188.909733000,151.101.109.16
1060,-2962,1647452188.909736000,151.101.109.16
1061,66,1647452188.909799000,192.168.10.155
1062,-109,1647452188.910825000,151.101.109.16
1063,-66,1647452188.910826000,151.101.109.16
1064,-66,1647452188.912267000,151.101.109.16
1065,-2648,1647452188.912270000,151.101.109.16
1066,66,1647452188.912344000,192.168.10.155
1067,-2962,1647452188.913519000,151.101.109.16
1068,66,1647452188.913538000,192.168.10.155
1069,-1205,1647452188.914781000,151.101.109.16
1070,-66,1647452188.914782000,151.101.109.16
1071,-2962,1647452188.914782000,151.101.109.16
1072,66,1647452188.914815000,192.168.10.155
1073,-66,1647452188.916160000,151.101.109.16
1074,-2962,1647452188.916162000,151.101.109.16
1075,66,1647452188.916190000,192.168.10.155
1076,152,1647452188.916832000,192.168.10.155
1077,-2962,1647452188.917241000,151.101.109.16
1078,66,1647452188.917255000,192.168.10.155
1079,-2962,1647452188.918661000,151.101.109.16
1080,-66,1647452188.918662000,151.101.109.16
1081,-2962,1647452188.918663000,151.101.109.16
1082,66,1647452188.918685000,192.168.10.155
1083,66,1647452188.918724000,192.168.10.155
1084,-127,1647452188.920484000,151.101.109.16
1085,-2239,1647452188.920485000,151.101.109.16
1086,66,1647452188.920780000,192.168.10.155
1087,-66,1647452188.927495000,151.101.109.16
1088,-2962,1647452188.927498000,151.101.109.16
1089,66,1647452188.927778000,192.168.10.155
1090,-2962,1647452188.928699000,151.101.109.16
1091,-1120,1647452188.928700000,151.101.109.16
1092,66,1647452188.928718000,192.168.10.155
1093,66,1647452188.928797000,192.168.10.155
1094,160,1647452188.931757000,192.168.10.155
1095,160,1647452188.939959000,192.168.10.155
1096,254,1647452188.940214000,192.168.10.155
1097,160,1647452188.940395000,192.168.10.155
1098,-66,1647452188.941696000,151.101.109.16
1099,-2962,1647452188.941697000,151.101.109.16
1100,66,1647452188.941718000,192.168.10.155
1101,-2647,1647452188.943404000,151.101.109.16
1102,66,1647452188.943420000,192.168.10.155
1103,-66,1647452188.949599000,151.101.109.16
1104,-2962,1647452188.950744000,151.101.109.16
1105,-2738,1647452188.950744000,151.101.109.16
1106,66,1647452188.950758000,192.168.10.155
1107,66,1647452188.950775000,192.168.10.155
1108,-2962,1647452188.952465000,151.101.109.16
1109,66,1647452188.952478000,192.168.10.155
1110,-2962,1647452188.953487000,151.101.109.16
1111,66,1647452188.953495000,192.168.10.155
1112,-1589,1647452188.954497000,151.101.109.16
1113,66,1647452188.954514000,192.168.10.155
1114,251,1647452188.975699000,192.168.10.155
1115,-2922,1647452188.980056000,54.230.130.235
1116,66,1647452188.980072000,192.168.10.155
1117,-6242,1647452188.980276000,54.230.130.235
1118,-16472,1647452188.980279000,54.230.130.235
1119,66,1647452188.980289000,192.168.10.155
1120,66,1647452188.980305000,192.168.10.155
1121,-1715,1647452188.980314000,54.230.130.235
1122,66,1647452188.980318000,192.168.10.155
1123,-14346,1647452188.982310000,54.230.130.235
1124,66,1647452188.982323000,192.168.10.155
1125,-2192,1647452188.982354000,54.230.130.235
1126,-1693,1647452188.982355000,54.230.130.235
1127,66,1647452188.982361000,192.168.10.155
1128,66,1647452188.982366000,192.168.10.155
1129,-66,1647452188.985584000,151.101.109.16
1130,-2962,1647452188.985584000,151.101.109.16
1131,66,1647452188.985604000,192.168.10.155
1132,-2962,1647452188.985632000,151.101.109.16
1133,66,1647452188.985641000,192.168.10.155
1134,-2962,1647452188.987340000,151.101.109.16
1135,66,1647452188.987348000,192.168.10.155
1136,-2962,1647452188.988352000,151.101.109.16
1137,66,1647452188.988364000,192.168.10.155
1138,-2962,1647452188.989360000,151.101.109.16
1139,66,1647452188.989371000,192.168.10.155
1140,-2962,1647452188.990382000,151.101.109.16
1141,66,1647452188.990398000,192.168.10.155
1142,-2962,1647452188.991967000,151.101.109.16
1143,66,1647452188.991988000,192.168.10.155
1144,-2962,1647452188.992790000,151.101.109.16
1145,66,1647452188.992814000,192.168.10.155
1146,-1514,1647452188.993359000,151.101.109.16
1147,-2962,1647452188.995322000,151.101.109.16
1148,-2962,1647452188.995328000,151.101.109.16
1149,66,1647452188.995408000,192.168.10.155
1150,66,1647452188.995531000,192.168.10.155
1151,-2962,1647452188.997263000,151.101.109.16
1152,66,1647452188.997277000,192.168.10.155
1153,-2962,1647452188.998016000,151.101.109.16
1154,-2962,1647452188.998016000,151.101.109.16
1155,66,1647452188.998027000,192.168.10.155
1156,66,1647452188.998043000,192.168.10.155
1157,-2962,1647452189.001546000,151.101.109.16
1158,66,1647452189.001563000,192.168.10.155
1159,-2962,1647452189.001592000,151.101.109.16
1160,66,1647452189.001596000,192.168.10.155
1161,160,1647452189.004831000,192.168.10.155
1162,-2962,1647452189.005097000,151.101.109.16
1163,-2962,1647452189.005098000,151.101.109.16
1164,66,1647452189.005110000,192.168.10.155
1165,66,1647452189.005126000,192.168.10.155
1166,-2962,1647452189.006734000,151.101.109.16
1167,-389,1647452189.006735000,151.101.109.16
1168,66,1647452189.006751000,192.168.10.155
1169,160,1647452189.011150000,192.168.10.155
1170,178,1647452189.011698000,192.168.10.155
1171,239,1647452189.013126000,192.168.10.155
1172,268,1647452189.016150000,192.168.10.155
1173,-66,1647452189.016304000,151.101.109.16
1174,-2962,1647452189.016372000,151.101.109.16
1175,-903,1647452189.016372000,151.101.109.16
1176,66,1647452189.016379000,192.168.10.155
1177,-66,1647452189.020812000,151.101.109.16
1178,-2962,1647452189.020814000,151.101.109.16
1179,529,1647452189.020840000,192.168.10.155
1180,66,1647452189.020857000,192.168.10.155
1181,-962,1647452189.022208000,151.101.109.16
1182,-2962,1647452189.022210000,151.101.109.16
1183,66,1647452189.022228000,192.168.10.155
1184,-2962,1647452189.023529000,151.101.109.16
1185,66,1647452189.023553000,192.168.10.155
1186,-1970,1647452189.024501000,151.101.109.16
1187,66,1647452189.024514000,192.168.10.155
1188,164,1647452189.025360000,192.168.10.155
1189,201,1647452189.028187000,192.168.10.155
1190,207,1647452189.028639000,192.168.10.155
1191,203,1647452189.028959000,192.168.10.155
1192,206,1647452189.029063000,192.168.10.155
1193,201,1647452189.029277000,192.168.10.155
1194,206,1647452189.029544000,192.168.10.155
1195,201,1647452189.030385000,192.168.10.155
1196,222,1647452189.030539000,192.168.10.155
1197,-66,1647452189.031578000,151.101.109.16
1198,-2962,1647452189.031579000,151.101.109.16
1199,66,1647452189.031605000,192.168.10.155
1200,-246,1647452189.032189000,151.101.109.16
1201,-2962,1647452189.032190000,151.101.109.16
1202,66,1647452189.032206000,192.168.10.155
1203,184,1647452189.032506000,192.168.10.155
1204,180,1647452189.032784000,192.168.10.155
1205,-2962,1647452189.033288000,151.101.109.16
1206,66,1647452189.033296000,192.168.10.155
1207,-2962,1647452189.034942000,151.101.109.16
1208,66,1647452189.034956000,192.168.10.155
1209,-2962,1647452189.035939000,151.101.109.16
1210,66,1647452189.035945000,192.168.10.155
1211,-2962,1647452189.036586000,151.101.109.16
1212,-66,1647452189.036586000,151.101.109.16
1213,66,1647452189.036592000,192.168.10.155
1214,-2335,1647452189.037509000,151.101.109.16
1215,-532,1647452189.037509000,151.101.109.16
1216,-66,1647452189.037509000,151.101.109.16
1217,-1514,1647452189.037509000,151.101.109.16
1218,66,1647452189.037516000,192.168.10.155
1219,66,1647452189.037538000,192.168.10.155
1220,-1514,1647452189.038425000,151.101.109.16
1221,-66,1647452189.038426000,151.101.109.16
1222,-66,1647452189.038426000,151.101.109.16
1223,-66,1647452189.039809000,151.101.109.16
1224,-2962,1647452189.041295000,151.101.109.16
1225,-2962,1647452189.041297000,151.101.109.16
1226,66,1647452189.041372000,192.168.10.155
1227,66,1647452189.041469000,192.168.10.155
1228,-2962,1647452189.042669000,151.101.109.16
1229,-66,1647452189.042669000,151.101.109.16
1230,-2962,1647452189.042670000,151.101.109.16
1231,-2962,1647452189.042676000,151.101.109.16
1232,66,1647452189.042697000,192.168.10.155
1233,66,1647452189.042728000,192.168.10.155
1234,-2962,1647452189.043682000,151.101.109.16
1235,-2962,1647452189.043684000,151.101.109.16
1236,-2962,1647452189.045075000,151.101.109.16
1237,-2962,1647452189.045078000,151.101.109.16
1238,-2962,1647452189.045079000,151.101.109.16
1239,66,1647452189.045138000,192.168.10.155
1240,66,1647452189.045217000,192.168.10.155
1241,66,1647452189.047226000,192.168.10.155
1242,-2962,1647452189.048130000,151.101.109.16
1243,-2962,1647452189.048132000,151.101.109.16
1244,-2962,1647452189.048132000,151.101.109.16
1245,-2962,1647452189.048133000,151.101.109.16
1246,66,1647452189.048151000,192.168.10.155
1247,66,1647452189.048173000,192.168.10.155
1248,66,1647452189.048181000,192.168.10.155
1249,-2962,1647452189.048199000,151.101.109.16
1250,-2962,1647452189.048200000,151.101.109.16
1251,66,1647452189.048205000,192.168.10.155
1252,66,1647452189.048213000,192.168.10.155
1253,-2962,1647452189.048786000,151.101.109.16
1254,-1002,1647452189.048787000,151.101.109.16
1255,66,1647452189.048794000,192.168.10.155
1256,66,1647452189.048903000,192.168.10.155
1257,-2962,1647452189.051055000,151.101.109.16
1258,-2962,1647452189.051056000,151.101.109.16
1259,66,1647452189.051073000,192.168.10.155
1260,66,1647452189.051090000,192.168.10.155
1261,-1160,1647452189.052246000,151.101.109.16
1262,-2962,1647452189.093265000,151.101.109.16
1263,-1034,1647452189.093265000,151.101.109.16
1264,66,1647452189.093290000,192.168.10.155
1265,240,1647452189.103427000,192.168.10.155
1266,-66,1647452189.113818000,151.101.109.16
1267,-2962,1647452189.113819000,151.101.109.16
1268,-2962,1647452189.113820000,151.101.109.16
1269,66,1647452189.113895000,192.168.10.155
1270,-2962,1647452189.115294000,151.101.109.16
1271,-2962,1647452189.115295000,151.101.109.16
1272,66,1647452189.115308000,192.168.10.155
1273,66,1647452189.115358000,192.168.10.155
1274,-2711,1647452189.116766000,151.101.109.16
1275,66,1647452189.116810000,192.168.10.155
1276,155,1647452189.130502000,192.168.10.155
1277,-66,1647452189.140173000,151.101.109.16
1278,-1352,1647452189.140174000,151.101.109.16
1279,165,1647452189.152596000,192.168.10.155
1280,-66,1647452189.163000000,151.101.109.16
1281,-1058,1647452189.163000000,151.101.109.16
1282,66,1647452189.163067000,192.168.10.155
1283,66,1647452189.183502000,192.168.10.155
1284,199,1647452189.186412000,192.168.10.155
1285,-66,1647452189.197145000,151.101.109.16
1286,-2962,1647452189.197146000,151.101.109.16
1287,66,1647452189.197166000,192.168.10.155
1288,-2962,1647452189.198566000,151.101.109.16
1289,66,1647452189.198576000,192.168.10.155
1290,-2962,1647452189.201484000,151.101.109.16
1291,66,1647452189.201498000,192.168.10.155
1292,-2962,1647452189.203039000,151.101.109.16
1293,66,1647452189.203056000,192.168.10.155
1294,-2962,1647452189.204203000,151.101.109.16
1295,66,1647452189.204211000,192.168.10.155
1296,-2065,1647452189.206027000,151.101.109.16
1297,-1413,1647452189.206028000,54.230.130.235
1298,66,1647452189.206043000,192.168.10.155
1299,66,1647452189.206070000,192.168.10.155
1300,-2962,1647452189.210364000,151.101.109.16
1301,-260,1647452189.210365000,151.101.109.16
1302,66,1647452189.210382000,192.168.10.155
1303,66,1647452189.210452000,192.168.10.155
1304,-3319,1647452189.218305000,54.230.130.235
1305,66,1647452189.218320000,192.168.10.155
1306,-2922,1647452189.223221000,54.230.130.235
1307,66,1647452189.223238000,192.168.10.155
1308,-6236,1647452189.223329000,54.230.130.235
1309,-7206,1647452189.223331000,54.230.130.235
1310,66,1647452189.223344000,192.168.10.155
1311,66,1647452189.223356000,192.168.10.155
1312,-9332,1647452189.224565000,54.230.130.235
1313,-9272,1647452189.224573000,54.230.130.235
1314,66,1647452189.224639000,192.168.10.155
1315,66,1647452189.224739000,192.168.10.155
1316,-97,1647452189.224782000,54.230.130.235
1317,66,1647452189.224799000,192.168.10.155
1318,177,1647452189.287843000,192.168.10.155
1319,166,1647452189.288400000,192.168.10.155
1320,74,1647452189.290702000,192.168.10.155
1321,-66,1647452189.297729000,151.101.109.16
1322,-66,1647452189.299676000,151.101.109.16
1323,-1514,1647452189.299677000,151.101.109.16
1324,-1514,1647452189.299677000,151.101.109.16
1325,66,1647452189.299735000,192.168.10.155
1326,-1514,1647452189.299786000,151.101.109.16
1327,-1514,1647452189.299786000,151.101.109.16
1328,-2962,1647452189.299791000,151.101.109.16
1329,-2962,1647452189.299792000,151.101.109.16
1330,66,1647452189.299805000,192.168.10.155
1331,66,1647452189.299812000,192.168.10.155
1332,66,1647452189.299844000,192.168.10.155
1333,-2962,1647452189.300948000,151.101.109.16
1334,-2962,1647452189.300948000,151.101.109.16
1335,-2962,1647452189.300949000,151.101.109.16
1336,66,1647452189.300953000,192.168.10.155
1337,66,1647452189.300966000,192.168.10.155
1338,66,1647452189.301018000,192.168.10.155
1339,-2962,1647452189.302042000,151.101.109.16
1340,-481,1647452189.302042000,151.101.109.16
1341,-2962,1647452189.302042000,151.101.109.16
1342,66,1647452189.302051000,192.168.10.155
1343,66,1647452189.302334000,192.168.10.155
1344,-2962,1647452189.303449000,151.101.109.16
1345,-2962,1647452189.303450000,151.101.109.16
1346,66,1647452189.303471000,192.168.10.155
1347,66,1647452189.303527000,192.168.10.155
1348,-2962,1647452189.304923000,151.101.109.16
1349,-2962,1647452189.304924000,151.101.109.16
1350,66,1647452189.304942000,192.168.10.155
1351,-2962,1647452189.306272000,151.101.109.16
1352,-2962,1647452189.306274000,151.101.109.16
1353,66,1647452189.306338000,192.168.10.155
1354,-2962,1647452189.307540000,151.101.109.16
1355,66,1647452189.307562000,192.168.10.155
1356,-2962,1647452189.310053000,151.101.109.16
1357,66,1647452189.310072000,192.168.10.155
1358,-2962,1647452189.310117000,151.101.109.16
1359,-2962,1647452189.310118000,151.101.109.16
1360,66,1647452189.310173000,192.168.10.155
1361,-2962,1647452189.311717000,151.101.109.16
1362,-4410,1647452189.311719000,151.101.109.16
1363,66,1647452189.311855000,192.168.10.155
1364,-4410,1647452189.313729000,151.101.109.16
1365,66,1647452189.313743000,192.168.10.155
1366,-2962,1647452189.315681000,151.101.109.16
1367,66,1647452189.315689000,192.168.10.155
1368,-1514,1647452189.315721000,151.101.109.16
1369,-4410,1647452189.315722000,151.101.109.16
1370,66,1647452189.315746000,192.168.10.155
1371,-491,1647452189.316947000,151.101.109.16
1372,66,1647452189.316997000,192.168.10.155
1373,171,1647452189.321119000,192.168.10.155
1374,-2962,1647452189.328501000,151.101.109.16
1375,-1403,1647452189.328502000,151.101.109.16
1376,66,1647452189.328523000,192.168.10.155
1377,66,1647452189.328550000,192.168.10.155
1378,-66,1647452189.330696000,151.101.109.16
1379,-367,1647452189.330699000,151.101.109.16
1380,66,1647452189.330770000,192.168.10.155
1381,157,1647452189.368271000,192.168.10.155
1382,-2962,1647452189.369457000,151.101.109.16
1383,-2962,1647452189.369458000,151.101.109.16
1384,66,1647452189.369477000,192.168.10.155
1385,66,1647452189.369501000,192.168.10.155
1386,-2962,1647452189.370646000,151.101.109.16
1387,-943,1647452189.370646000,151.101.109.16
1388,66,1647452189.370661000,192.168.10.155
1389,66,1647452189.370715000,192.168.10.155
1390,-66,1647452189.378035000,151.101.109.16
1391,-66,1647452189.403770000,52.119.174.17
1392,54,1647452189.403811000,192.168.10.155
1393,571,1647452189.407122000,192.168.10.155
1394,810,1647452189.424642000,192.168.10.155
1395,-66,1647452189.427933000,54.230.130.235
1396,74,1647452189.428909000,192.168.10.155
1397,74,1647452189.429538000,192.168.10.155
1398,74,1647452189.430339000,192.168.10.155
1399,351,1647452189.515119000,192.168.10.155
1400,-60,1647452189.517242000,52.119.174.17
1401,-60,1647452189.520664000,52.119.174.17
1402,-5967,1647452189.522664000,52.119.174.17
1403,54,1647452189.522693000,192.168.10.155
1404,-66,1647452189.525247000,151.101.109.16
1405,-4410,1647452189.525320000,151.101.109.16
1406,-4410,1647452189.526658000,151.101.109.16
1407,-4410,1647452189.526667000,151.101.109.16
1408,-2962,1647452189.528549000,151.101.109.16
1409,-1514,1647452189.528596000,151.101.109.16
1410,-4410,1647452189.528599000,151.101.109.16
1411,180,1647452189.529945000,192.168.10.155
1412,-4410,1647452189.530484000,151.101.109.16
1413,-1514,1647452189.530494000,151.101.109.16
1414,-2962,1647452189.530547000,151.101.109.16
1415,66,1647452189.530926000,192.168.10.155
1416,-4410,1647452189.532595000,151.101.109.16
1417,66,1647452189.532610000,192.168.10.155
1418,-4410,1647452189.533763000,151.101.109.16
1419,-1514,1647452189.533764000,151.101.109.16
1420,66,1647452189.533784000,192.168.10.155
1421,-66,1647452189.535206000,52.119.175.30
1422,-66,1647452189.535207000,52.119.175.30
1423,54,1647452189.535233000,192.168.10.155
1424,54,1647452189.535252000,192.168.10.155
1425,571,1647452189.538455000,192.168.10.155
1426,571,1647452189.543388000,192.168.10.155
1427,-2962,1647452189.544216000,151.101.109.16
1428,-2962,1647452189.544217000,151.101.109.16
1429,-2962,1647452189.544218000,151.101.109.16
1430,66,1647452189.544237000,192.168.10.155
1431,66,1647452189.544262000,192.168.10.155
1432,-2962,1647452189.545746000,151.101.109.16
1433,-66,1647452189.545748000,52.119.175.30
1434,-2962,1647452189.545749000,151.101.109.16
1435,66,1647452189.545801000,192.168.10.155
1436,54,1647452189.545873000,192.168.10.155
1437,66,1647452189.545885000,192.168.10.155
1438,-2962,1647452189.547322000,151.101.109.16
1439,-2962,1647452189.547323000,151.101.109.16
1440,66,1647452189.547340000,192.168.10.155
1441,-2962,1647452189.548270000,151.101.109.16
1442,-2962,1647452189.548271000,151.101.109.16
1443,571,1647452189.549191000,192.168.10.155
1444,66,1647452189.549403000,192.168.10.155
1445,-2962,1647452189.550103000,151.101.109.16
1446,-2962,1647452189.550104000,151.101.109.16
1447,66,1647452189.550119000,192.168.10.155
1448,66,1647452189.550137000,192.168.10.155
1449,-2962,1647452189.550991000,151.101.109.16
1450,-2962,1647452189.550992000,151.101.109.16
1451,66,1647452189.551013000,192.168.10.155
1452,-2962,1647452189.552344000,151.101.109.16
1453,66,1647452189.552365000,192.168.10.155
1454,-1514,1647452189.556342000,151.101.109.16
1455,-1514,1647452189.556342000,151.101.109.16
1456,-1514,1647452189.556413000,151.101.109.16
1457,-2962,1647452189.556414000,151.101.109.16
1458,-2962,1647452189.556415000,151.101.109.16
1459,-2962,1647452189.556415000,151.101.109.16
1460,66,1647452189.557585000,192.168.10.155
1461,-2962,1647452189.557839000,151.101.109.16
1462,-1915,1647452189.557840000,54.230.130.235
1463,-97,1647452189.557840000,54.230.130.235
1464,-2962,1647452189.557844000,151.101.109.16
1465,66,1647452189.557869000,192.168.10.155
1466,66,1647452189.557885000,192.168.10.155
1467,66,1647452189.557891000,192.168.10.155
1468,66,1647452189.558151000,192.168.10.155
1469,-2962,1647452189.559598000,151.101.109.16
1470,-2962,1647452189.559599000,151.101.109.16
1471,66,1647452189.559616000,192.168.10.155
1472,66,1647452189.559646000,192.168.10.155
1473,-2962,1647452189.560593000,151.101.109.16
1474,-2962,1647452189.560595000,151.101.109.16
1475,66,1647452189.560628000,192.168.10.155
1476,-643,1647452189.561874000,151.101.109.16
1477,66,1647452189.561989000,192.168.10.155
1478,-60,1647452189.638949000,52.119.175.30
1479,-60,1647452189.641612000,52.119.175.30
1480,-60,1647452189.641613000,52.119.175.30
1481,-105,1647452189.643998000,52.119.174.17
1482,-5961,1647452189.644001000,52.119.175.30
1483,54,1647452189.644044000,192.168.10.155
1484,54,1647452189.644074000,192.168.10.155
1485,-60,1647452189.649320000,52.119.175.30
1486,180,1647452189.650438000,192.168.10.155
1487,524,1647452189.650952000,192.168.10.155
1488,-5961,1647452189.651775000,52.119.175.30
1489,54,1647452189.651793000,192.168.10.155
1490,180,1647452189.657247000,192.168.10.155
1491,-60,1647452189.664147000,52.119.175.30
1492,-60,1647452189.665241000,52.119.175.30
1493,-2974,1647452189.667972000,52.119.175.30
1494,54,1647452189.667989000,192.168.10.155
1495,-3041,1647452189.668026000,52.119.175.30
1496,54,1647452189.668032000,192.168.10.155
1497,180,1647452189.672773000,192.168.10.155
1498,157,1647452189.675629000,192.168.10.155
1499,197,1647452189.676374000,192.168.10.155
1500,178,1647452189.676684000,192.168.10.155
1501,-66,1647452189.685293000,151.101.109.16
1502,-2962,1647452189.685548000,151.101.109.16
1503,66,1647452189.685559000,192.168.10.155
1504,-2962,1647452189.686834000,151.101.109.16
1505,-2962,1647452189.686835000,151.101.109.16
1506,66,1647452189.686847000,192.168.10.155
1507,66,1647452189.686858000,192.168.10.155
1508,-66,1647452189.689016000,151.101.109.16
1509,-2962,1647452189.689017000,151.101.109.16
1510,66,1647452189.689035000,192.168.10.155
1511,-2962,1647452189.689053000,151.101.109.16
1512,66,1647452189.689056000,192.168.10.155
1513,-2962,1647452189.690344000,151.101.109.16
1514,-1051,1647452189.690345000,151.101.109.16
1515,66,1647452189.690364000,192.168.10.155
1516,66,1647452189.690399000,192.168.10.155
1517,149,1647452189.727447000,192.168.10.155
1518,149,1647452189.729346000,192.168.10.155
1519,149,1647452189.731293000,192.168.10.155
1520,149,1647452189.731611000,192.168.10.155
1521,-66,1647452189.737159000,151.101.109.16
1522,-747,1647452189.737160000,151.101.109.16
1523,66,1647452189.737189000,192.168.10.155
1524,101,1647452189.738621000,192.168.10.155
1525,136,1647452189.738754000,192.168.10.155
1526,-66,1647452189.738873000,151.101.109.16
1527,-493,1647452189.738874000,151.101.109.16
1528,-66,1647452189.741116000,151.101.109.16
1529,-66,1647452189.741118000,151.101.109.16
1530,-488,1647452189.741118000,151.101.109.16
1531,78,1647452189.741220000,192.168.10.155
1532,-66,1647452189.748424000,151.101.109.16
1533,-2962,1647452189.753254000,151.101.109.16
1534,-2962,1647452189.753255000,151.101.109.16
1535,-105,1647452189.753255000,52.119.175.30
1536,78,1647452189.753274000,192.168.10.155
1537,78,1647452189.753287000,192.168.10.155
1538,54,1647452189.753294000,192.168.10.155
1539,533,1647452189.753601000,192.168.10.155
1540,-2962,1647452189.754660000,151.101.109.16
1541,-2962,1647452189.754661000,151.101.109.16
1542,78,1647452189.755289000,192.168.10.155
1543,-2962,1647452189.756030000,151.101.109.16
1544,-2962,1647452189.756031000,151.101.109.16
1545,78,1647452189.756675000,192.168.10.155
1546,-2962,1647452189.757663000,151.101.109.16
1547,-2962,1647452189.757664000,151.101.109.16
1548,78,1647452189.758305000,192.168.10.155
1549,-2962,1647452189.759293000,151.101.109.16
1550,78,1647452189.759944000,192.168.10.155
1551,-105,1647452189.762765000,52.119.175.30
1552,54,1647452189.762785000,192.168.10.155
1553,533,1647452189.763148000,192.168.10.155
1554,-488,1647452189.764993000,151.101.109.16
1555,-1514,1647452189.764993000,151.101.109.16
1556,-1514,1647452189.764994000,151.101.109.16
1557,-1514,1647452189.764994000,151.101.109.16
1558,66,1647452189.765011000,192.168.10.155
1559,66,1647452189.765031000,192.168.10.155
1560,-2962,1647452189.766223000,151.101.109.16
1561,-2962,1647452189.766223000,151.101.109.16
1562,66,1647452189.766239000,192.168.10.155
1563,66,1647452189.766258000,192.168.10.155
1564,-4410,1647452189.767834000,151.101.109.16
1565,-1514,1647452189.767835000,151.101.109.16
1566,66,1647452189.767842000,192.168.10.155
1567,-2962,1647452189.772173000,151.101.109.16
1568,66,1647452189.772187000,192.168.10.155
1569,-4410,1647452189.775047000,151.101.109.16
1570,66,1647452189.775109000,192.168.10.155
1571,-658,1647452189.776133000,151.101.109.16
1572,-105,1647452189.788594000,52.119.175.30
1573,-503,1647452189.788595000,52.119.174.17
1574,54,1647452189.788616000,192.168.10.155
1575,54,1647452189.788640000,192.168.10.155
1576,533,1647452189.789060000,192.168.10.155
1577,66,1647452189.819573000,192.168.10.155
1578,-497,1647452189.875947000,52.119.175.30
1579,54,1647452189.875978000,192.168.10.155
1580,177,1647452189.879913000,192.168.10.155
1581,-497,1647452189.886076000,52.119.175.30
1582,54,1647452189.886100000,192.168.10.155
1583,-66,1647452189.889614000,151.101.109.16
1584,-2003,1647452189.889615000,151.101.109.16
1585,66,1647452189.889646000,192.168.10.155
1586,-497,1647452189.935121000,52.119.175.30
1587,54,1647452189.935150000,192.168.10.155
1588,214,1647452189.937616000,192.168.10.155
1589,-66,1647452189.941011000,54.230.130.235
1590,-3067,1647452189.941953000,54.230.130.235
1591,66,1647452189.941982000,192.168.10.155
1592,1494,1647452189.954662000,192.168.10.155
1593,257,1647452189.954683000,192.168.10.155
1594,-66,1647452189.957813000,54.230.130.235
1595,1514,1647452189.962879000,192.168.10.155
1596,640,1647452189.962906000,192.168.10.155
1597,1473,1647452189.970703000,192.168.10.155
1598,74,1647452189.975444000,192.168.10.155
1599,149,1647452189.983075000,192.168.10.155
1600,74,1647452189.984843000,192.168.10.155
1601,-74,1647452189.987998000,54.239.163.138
1602,66,1647452189.988025000,192.168.10.155
1603,583,1647452189.991040000,192.168.10.155
1604,-66,1647452189.993321000,151.101.109.16
1605,-4410,1647452189.993323000,151.101.109.16
1606,66,1647452189.993370000,192.168.10.155
1607,-318,1647452189.994012000,151.101.109.16
1608,-66,1647452189.994013000,54.239.163.138
1609,66,1647452189.994072000,192.168.10.155
1610,-4350,1647452189.996032000,54.239.163.138
1611,66,1647452189.996063000,192.168.10.155
1612,-1756,1647452189.997526000,54.239.163.138
1613,66,1647452189.997589000,192.168.10.155
1614,163,1647452190.003186000,192.168.10.155
1615,130,1647452190.009153000,192.168.10.155
1616,236,1647452190.009981000,192.168.10.155
1617,385,1647452190.010033000,192.168.10.155
1618,105,1647452190.012097000,192.168.10.155
1619,-66,1647452190.012254000,54.239.163.138
1620,-128,1647452190.012281000,54.239.163.138
1621,-66,1647452190.012282000,151.101.109.16
1622,-66,1647452190.012282000,54.239.163.138
1623,66,1647452190.012293000,192.168.10.155
1624,112,1647452190.012393000,192.168.10.155
1625,85,1647452190.012581000,192.168.10.155
1626,54,1647452190.012603000,192.168.10.155
1627,85,1647452190.012699000,192.168.10.155
1628,54,1647452190.012715000,192.168.10.155
1629,85,1647452190.012794000,192.168.10.155
1630,54,1647452190.012809000,192.168.10.155
1631,85,1647452190.012913000,192.168.10.155
1632,54,1647452190.012936000,192.168.10.155
1633,97,1647452190.013081000,192.168.10.155
1634,66,1647452190.013098000,192.168.10.155
1635,97,1647452190.013336000,192.168.10.155
1636,90,1647452190.013554000,192.168.10.155
1637,66,1647452190.013571000,192.168.10.155
1638,-97,1647452190.013574000,54.239.163.138
1639,-915,1647452190.013574000,151.101.109.16
1640,-4350,1647452190.013582000,54.239.163.138
1641,66,1647452190.013597000,192.168.10.155
1642,66,1647452190.013611000,192.168.10.155
1643,66,1647452190.013616000,192.168.10.155
1644,97,1647452190.013758000,192.168.10.155
1645,66,1647452190.013776000,192.168.10.155
1646,105,1647452190.014207000,192.168.10.155
1647,90,1647452190.014388000,192.168.10.155
1648,-5476,1647452190.014392000,54.239.163.138
1649,66,1647452190.014401000,192.168.10.155
1650,105,1647452190.014780000,192.168.10.155
1651,90,1647452190.014859000,192.168.10.155
1652,-66,1647452190.016535000,54.230.130.27
1653,-66,1647452190.016815000,54.230.130.15
1654,-66,1647452190.016816000,54.239.163.138
1655,66,1647452190.016862000,192.168.10.155
1656,-66,1647452190.018505000,54.230.130.27
1657,-66,1647452190.018507000,54.239.163.138
1658,-66,1647452190.018507000,54.239.163.138
1659,66,1647452190.018547000,192.168.10.155
1660,66,1647452190.018593000,192.168.10.155
1661,-66,1647452190.025115000,151.101.109.16
1662,-66,1647452190.025116000,151.101.109.16
1663,-66,1647452190.025116000,151.101.109.16
1664,-66,1647452190.025117000,151.101.109.16
1665,-66,1647452190.025117000,151.101.109.16
1666,-90,1647452190.025117000,151.101.109.16
1667,-66,1647452190.025118000,151.101.109.16
1668,54,1647452190.025179000,192.168.10.155
1669,54,1647452190.025215000,192.168.10.155
1670,54,1647452190.025224000,192.168.10.155
1671,74,1647452190.043082000,192.168.10.155
1672,-66,1647452190.061362000,151.101.109.16
1673,54,1647452190.061453000,192.168.10.155
1674,-667,1647452190.064785000,54.230.130.235
1675,-97,1647452190.064787000,54.230.130.235
1676,-66,1647452190.064788000,54.71.9.10
1677,66,1647452190.064856000,192.168.10.155
1678,66,1647452190.064909000,192.168.10.155
1679,105,1647452190.065549000,192.168.10.155
1680,90,1647452190.065761000,192.168.10.155
1681,-66,1647452190.069021000,54.230.130.235
1682,-66,1647452190.069022000,54.230.130.235
1683,66,1647452190.069052000,192.168.10.155
1684,-235,1647452190.077715000,54.71.9.10
1685,-104,1647452190.077717000,54.71.9.10
1686,66,1647452190.077815000,192.168.10.155
1687,66,1647452190.077870000,192.168.10.155
1688,-66,1647452190.082268000,52.94.176.11
1689,54,1647452190.082297000,192.168.10.155
1690,-234,1647452190.082585000,54.71.9.10
1691,-104,1647452190.082586000,54.71.9.10
1692,66,1647452190.082594000,192.168.10.155
1693,66,1647452190.082603000,192.168.10.155
1694,571,1647452190.085258000,192.168.10.155
1695,112,1647452190.085727000,192.168.10.155
1696,97,1647452190.085893000,192.168.10.155
1697,74,1647452190.100679000,192.168.10.155
1698,74,1647452190.102390000,192.168.10.155
1699,74,1647452190.106827000,192.168.10.155
1700,74,1647452190.106932000,192.168.10.155
1701,74,1647452190.107007000,192.168.10.155
1702,74,1647452190.109052000,192.168.10.155
1703,-74,1647452190.111371000,151.101.109.16
1704,66,1647452190.111528000,192.168.10.155
1705,-74,1647452190.112699000,151.101.109.16
1706,66,1647452190.112801000,192.168.10.155
1707,-60,1647452190.115945000,52.119.175.30
1708,-74,1647452190.115947000,151.101.109.16
1709,-74,1647452190.115947000,151.101.109.16
1710,54,1647452190.116008000,192.168.10.155
1711,66,1647452190.116076000,192.168.10.155
1712,66,1647452190.116091000,192.168.10.155
1713,583,1647452190.116271000,192.168.10.155
1714,-74,1647452190.116874000,151.101.109.16
1715,66,1647452190.116890000,192.168.10.155
1716,583,1647452190.118550000,192.168.10.155
1717,-60,1647452190.119115000,52.119.175.30
1718,-74,1647452190.119115000,151.101.109.16
1719,54,1647452190.119135000,192.168.10.155
1720,66,1647452190.119155000,192.168.10.155
1721,583,1647452190.120352000,192.168.10.155
1722,583,1647452190.123576000,192.168.10.155
1723,74,1647452190.124006000,192.168.10.155
1724,74,1647452190.124101000,192.168.10.155
1725,-60,1647452190.126811000,52.119.174.17
1726,-66,1647452190.126812000,151.101.109.16
1727,-74,1647452190.126812000,54.230.130.235
1728,54,1647452190.126893000,192.168.10.155
1729,66,1647452190.127046000,192.168.10.155
1730,583,1647452190.127747000,192.168.10.155
1731,-4410,1647452190.128854000,151.101.109.16
1732,-1137,1647452190.128855000,151.101.109.16
1733,-66,1647452190.128855000,151.101.109.16
1734,-60,1647452190.128856000,52.119.175.30
1735,66,1647452190.128877000,192.168.10.155
1736,66,1647452190.128899000,192.168.10.155
1737,54,1647452190.128918000,192.168.10.155
1738,-66,1647452190.130551000,151.101.109.16
1739,-4410,1647452190.130552000,151.101.109.16
1740,-1137,1647452190.130552000,151.101.109.16
1741,66,1647452190.130572000,192.168.10.155
1742,66,1647452190.130592000,192.168.10.155
1743,583,1647452190.130626000,192.168.10.155
1744,-5481,1647452190.132561000,151.101.109.16
1745,66,1647452190.132577000,192.168.10.155
1746,-66,1647452190.133706000,151.101.109.16
1747,-2962,1647452190.135488000,151.101.109.16
1748,66,1647452190.135507000,192.168.10.155
1749,-1514,1647452190.135538000,151.101.109.16
1750,-1137,1647452190.135539000,151.101.109.16
1751,66,1647452190.135547000,192.168.10.155
1752,66,1647452190.135553000,192.168.10.155
1753,583,1647452190.135701000,192.168.10.155
1754,-66,1647452190.140111000,151.101.109.16
1755,-2962,1647452190.140112000,151.101.109.16
1756,-2585,1647452190.140112000,151.101.109.16
1757,-66,1647452190.140113000,54.230.130.235
1758,66,1647452190.140161000,192.168.10.155
1759,66,1647452190.140182000,192.168.10.155
1760,-4350,1647452190.140204000,54.230.130.235
1761,66,1647452190.140208000,192.168.10.155
1762,-66,1647452190.141281000,151.101.109.16
1763,-1037,1647452190.141284000,54.230.130.235
1764,66,1647452190.141401000,192.168.10.155
1765,-2962,1647452190.146988000,151.101.109.16
1766,-2585,1647452190.146990000,151.101.109.16
1767,66,1647452190.147038000,192.168.10.155
1768,66,1647452190.147088000,192.168.10.155
1769,130,1647452190.152726000,192.168.10.155
1770,130,1647452190.153716000,192.168.10.155
1771,130,1647452190.154139000,192.168.10.155
1772,236,1647452190.154702000,192.168.10.155
1773,420,1647452190.154738000,192.168.10.155
1774,158,1647452190.156444000,192.168.10.155
1775,253,1647452190.157175000,192.168.10.155
1776,253,1647452190.157240000,192.168.10.155
1777,158,1647452190.158892000,192.168.10.155
1778,-66,1647452190.162060000,52.119.163.144
1779,-66,1647452190.162062000,151.101.109.16
1780,54,1647452190.162164000,192.168.10.155
1781,130,1647452190.162796000,192.168.10.155
1782,-66,1647452190.163638000,151.101.109.16
1783,-66,1647452190.163639000,151.101.109.16
1784,158,1647452190.164602000,192.168.10.155
1785,-66,1647452190.164910000,151.101.109.16
1786,-125,1647452190.164910000,151.101.109.16
1787,-4410,1647452190.164911000,151.101.109.16
1788,-4410,1647452190.164912000,151.101.109.16
1789,66,1647452190.164938000,192.168.10.155
1790,66,1647452190.164950000,192.168.10.155
1791,66,1647452190.164955000,192.168.10.155
1792,90,1647452190.165648000,192.168.10.155
1793,66,1647452190.165681000,192.168.10.155
1794,90,1647452190.165821000,192.168.10.155
1795,66,1647452190.165841000,192.168.10.155
1796,-4410,1647452190.165960000,151.101.109.16
1797,-4410,1647452190.165965000,151.101.109.16
1798,66,1647452190.165987000,192.168.10.155
1799,66,1647452190.165998000,192.168.10.155
1800,-66,1647452190.167042000,151.101.109.16
1801,-125,1647452190.167043000,151.101.109.16
1802,-66,1647452190.167043000,151.101.109.16
1803,-125,1647452190.167044000,151.101.109.16
1804,-4410,1647452190.167044000,151.101.109.16
1805,54,1647452190.167089000,192.168.10.155
1806,54,1647452190.167126000,192.168.10.155
1807,66,1647452190.167141000,192.168.10.155
1808,97,1647452190.167868000,192.168.10.155
1809,-66,1647452190.168200000,151.101.109.16
1810,-4410,1647452190.168201000,151.101.109.16
1811,-4410,1647452190.168202000,151.101.109.16
1812,66,1647452190.168219000,192.168.10.155
1813,66,1647452190.168242000,192.168.10.155
1814,-4410,1647452190.169726000,151.101.109.16
1815,-4410,1647452190.169727000,151.101.109.16
1816,66,1647452190.169742000,192.168.10.155
1817,157,1647452190.169991000,192.168.10.155
1818,-66,1647452190.171095000,151.101.109.16
1819,-2962,1647452190.171096000,151.101.109.16
1820,66,1647452190.171728000,192.168.10.155
1821,-66,1647452190.172422000,151.101.109.16
1822,-66,1647452190.175027000,151.101.109.16
1823,-2962,1647452190.175029000,151.101.109.16
1824,66,1647452190.175073000,192.168.10.155
1825,-2962,1647452190.175157000,151.101.109.16
1826,-66,1647452190.175158000,151.101.109.16
1827,-66,1647452190.175158000,151.101.109.16
1828,-66,1647452190.175158000,151.101.109.16
1829,-5858,1647452190.175159000,151.101.109.16
1830,54,1647452190.175173000,192.168.10.155
1831,54,1647452190.175188000,192.168.10.155
1832,54,1647452190.175192000,192.168.10.155
1833,130,1647452190.175209000,192.168.10.155
1834,-66,1647452190.176297000,151.101.109.16
1835,-66,1647452190.176299000,151.101.109.16
1836,-66,1647452190.176299000,151.101.109.16
1837,-7306,1647452190.176305000,151.101.109.16
1838,54,1647452190.176355000,192.168.10.155
1839,54,1647452190.176393000,192.168.10.155
1840,54,1647452190.176397000,192.168.10.155
1841,-8754,1647452190.177696000,151.101.109.16
1842,-66,1647452190.177696000,151.101.109.16
1843,-2962,1647452190.177697000,151.101.109.16
1844,571,1647452190.179217000,192.168.10.155
1845,66,1647452190.179808000,192.168.10.155
1846,253,1647452190.179985000,192.168.10.155
1847,130,1647452190.180341000,192.168.10.155
1848,130,1647452190.180847000,192.168.10.155
1849,74,1647452190.181699000,192.168.10.155
1850,-1514,1647452190.182159000,151.101.109.16
1851,-13098,1647452190.182163000,151.101.109.16
1852,66,1647452190.182181000,192.168.10.155
1853,66,1647452190.182196000,192.168.10.155
1854,-66,1647452190.182210000,151.101.109.16
1855,158,1647452190.182275000,192.168.10.155
1856,-7146,1647452190.182987000,151.101.109.16
1857,66,1647452190.183023000,192.168.10.155
1858,236,1647452190.183159000,192.168.10.155
1859,802,1647452190.183308000,192.168.10.155
1860,281,1647452190.183810000,192.168.10.155
1861,253,1647452190.183981000,192.168.10.155
1862,-66,1647452190.184119000,54.230.130.235
1863,-128,1647452190.184120000,54.230.130.235
1864,-66,1647452190.184121000,151.101.109.16
1865,66,1647452190.184137000,192.168.10.155
1866,253,1647452190.184702000,192.168.10.155
1867,90,1647452190.184748000,192.168.10.155
1868,66,1647452190.184771000,192.168.10.155
1869,157,1647452190.185403000,192.168.10.155
1870,97,1647452190.186249000,192.168.10.155
1871,-14482,1647452190.186434000,151.101.109.16
1872,66,1647452190.186448000,192.168.10.155
1873,-66,1647452190.186920000,54.230.130.235
1874,-66,1647452190.186920000,54.230.130.235
1875,-60,1647452190.187590000,52.94.176.11
1876,-66,1647452190.187591000,54.71.9.10
1877,-66,1647452190.187591000,54.71.9.10
1878,66,1647452190.187639000,192.168.10.155
1879,90,1647452190.187887000,192.168.10.155
1880,66,1647452190.187911000,192.168.10.155
1881,90,1647452190.188058000,192.168.10.155
1882,66,1647452190.188082000,192.168.10.155
1883,-66,1647452190.189532000,54.230.130.235
1884,-66,1647452190.190571000,151.101.109.16
1885,-125,1647452190.190572000,151.101.109.16
1886,-60,1647452190.190572000,52.94.176.11
1887,-66,1647452190.190572000,151.101.109.16
1888,-168,1647452190.190573000,151.101.109.16
1889,54,1647452190.190612000,192.168.10.155
1890,66,1647452190.190705000,192.168.10.155
1891,-66,1647452190.193032000,151.101.109.16
1892,-2974,1647452190.193034000,52.94.176.11
1893,54,1647452190.193081000,192.168.10.155
1894,-3170,1647452190.193189000,52.94.176.11
1895,-16159,1647452190.193192000,151.101.109.16
1896,54,1647452190.193202000,192.168.10.155
1897,66,1647452190.193210000,192.168.10.155
1898,-1834,1647452190.193218000,151.101.109.16
1899,66,1647452190.193221000,192.168.10.155
1900,-66,1647452190.193862000,151.101.109.16
1901,-125,1647452190.193862000,151.101.109.16
1902,-66,1647452190.193863000,151.101.109.16
1903,-90,1647452190.193863000,151.101.109.16
1904,-66,1647452190.193863000,151.101.109.16
1905,54,1647452190.193886000,192.168.10.155
1906,54,1647452190.193902000,192.168.10.155
1907,54,1647452190.193906000,192.168.10.155
1908,54,1647452190.193910000,192.168.10.155
1909,-66,1647452190.194720000,151.101.109.16
1910,-66,1647452190.196194000,151.101.109.16
1911,-275,1647452190.197834000,151.101.109.16
1912,-1514,1647452190.197836000,151.101.109.16
1913,66,1647452190.197858000,192.168.10.155
1914,66,1647452190.197876000,192.168.10.155
1915,-15055,1647452190.197957000,151.101.109.16
1916,66,1647452190.197964000,192.168.10.155
1917,-12953,1647452190.199619000,151.101.109.16
1918,66,1647452190.199698000,192.168.10.155
1919,-66,1647452190.199780000,151.101.109.16
1920,-66,1647452190.199781000,151.101.109.16
1921,-66,1647452190.199781000,151.101.109.16
1922,-66,1647452190.199781000,151.101.109.16
1923,54,1647452190.199831000,192.168.10.155
1924,54,1647452190.199867000,192.168.10.155
1925,54,1647452190.199878000,192.168.10.155
1926,-90,1647452190.201536000,151.101.109.16
1927,-66,1647452190.201537000,151.101.109.16
1928,54,1647452190.201550000,192.168.10.155
1929,54,1647452190.201566000,192.168.10.155
1930,180,1647452190.213761000,192.168.10.155
1931,-74,1647452190.251092000,54.71.9.10
1932,66,1647452190.251176000,192.168.10.155
1933,583,1647452190.267270000,192.168.10.155
1934,-60,1647452190.278716000,52.119.163.144
1935,-671,1647452190.292925000,54.230.130.235
1936,-97,1647452190.292926000,54.230.130.235
1937,-670,1647452190.292926000,54.230.130.235
1938,-97,1647452190.292927000,54.230.130.235
1939,78,1647452190.292953000,192.168.10.155
1940,78,1647452190.292974000,192.168.10.155
1941,78,1647452190.292979000,192.168.10.155
1942,78,1647452190.292983000,192.168.10.155
1943,-66,1647452190.294748000,52.94.176.11
1944,54,1647452190.294777000,192.168.10.155
1945,-97,1647452190.296446000,54.230.130.235
1946,66,1647452190.296529000,192.168.10.155
1947,-60,1647452190.297995000,52.119.163.144
1948,-6025,1647452190.300860000,52.119.163.144
1949,54,1647452190.300906000,192.168.10.155
1950,571,1647452190.302147000,192.168.10.155
1951,-105,1647452190.319269000,52.94.176.11
1952,54,1647452190.319296000,192.168.10.155
1953,180,1647452190.323755000,192.168.10.155
1954,1514,1647452190.326977000,192.168.10.155
1955,1514,1647452190.326994000,192.168.10.155
1956,1514,1647452190.327003000,192.168.10.155
1957,680,1647452190.327009000,192.168.10.155
1958,74,1647452190.346614000,192.168.10.155
1959,-66,1647452190.393740000,54.71.9.10
1960,74,1647452190.393748000,192.168.10.155
1961,-1514,1647452190.398482000,54.71.9.10
1962,66,1647452190.398520000,192.168.10.155
1963,-4063,1647452190.398559000,54.71.9.10
1964,66,1647452190.398567000,192.168.10.155
1965,-60,1647452190.407886000,52.94.176.11
1966,-60,1647452190.415887000,52.94.176.11
1967,192,1647452190.416548000,192.168.10.155
1968,74,1647452190.417592000,192.168.10.155
1969,-2974,1647452190.419292000,52.94.176.11
1970,54,1647452190.419309000,192.168.10.155
1971,-3170,1647452190.419337000,52.94.176.11
1972,54,1647452190.419345000,192.168.10.155
1973,180,1647452190.424617000,192.168.10.155
1974,-60,1647452190.432300000,52.94.176.11
1975,-105,1647452190.440798000,52.119.163.144
1976,54,1647452190.440818000,192.168.10.155
1977,500,1647452190.441157000,192.168.10.155
1978,-681,1647452190.442824000,52.94.176.11
1979,54,1647452190.442838000,192.168.10.155
1980,-66,1647452190.445632000,52.94.176.11
1981,54,1647452190.445736000,192.168.10.155
1982,571,1647452190.449279000,192.168.10.155
1983,-66,1647452190.509201000,52.94.176.11
1984,54,1647452190.509315000,192.168.10.155
1985,571,1647452190.513917000,192.168.10.155
1986,329,1647452190.517295000,192.168.10.155
1987,-66,1647452190.517355000,52.94.176.11
1988,54,1647452190.517376000,192.168.10.155
1989,571,1647452190.519266000,192.168.10.155
1990,-66,1647452190.520370000,54.230.130.235
1991,272,1647452190.537720000,192.168.10.155
1992,-105,1647452190.540943000,52.94.176.11
1993,54,1647452190.540971000,192.168.10.155
1994,1514,1647452190.541317000,192.168.10.155
1995,1514,1647452190.541329000,192.168.10.155
1996,1514,1647452190.541343000,192.168.10.155
1997,1514,1647452190.541347000,192.168.10.155
1998,1514,1647452190.541897000,192.168.10.155
1999,1514,1647452190.541909000,192.168.10.155
2000,1514,1647452190.541918000,192.168.10.155
2001,1514,1647452190.541922000,192.168.10.155
2002,1514,1647452190.542284000,192.168.10.155
2003,1514,1647452190.542294000,192.168.10.155
2004,-324,1647452190.542919000,54.71.9.10
2005,-135,1647452190.542919000,54.71.9.10
2006,-66,1647452190.542920000,54.230.130.235
2007,66,1647452190.542943000,192.168.10.155
2008,66,1647452190.542963000,192.168.10.155
2009,-60,1647452190.544112000,52.94.176.11
2010,243,1647452190.544411000,192.168.10.155
2011,708,1647452190.544446000,192.168.10.155
2012,1514,1647452190.545376000,192.168.10.155
2013,1514,1647452190.545391000,192.168.10.155
2014,-60,1647452190.548666000,52.94.176.11
2015,266,1647452190.548697000,192.168.10.155
2016,1514,1647452190.549131000,192.168.10.155
2017,1514,1647452190.549141000,192.168.10.155
2018,1514,1647452190.549151000,192.168.10.155
2019,1514,1647452190.549153000,192.168.10.155
2020,-2974,1647452190.551527000,52.94.176.11
2021,54,1647452190.551542000,192.168.10.155
2022,-3170,1647452190.551580000,52.94.176.11
2023,54,1647452190.551587000,192.168.10.155
2024,-66,1647452190.551773000,54.230.130.235
2025,1514,1647452190.552356000,192.168.10.155
2026,1514,1647452190.552364000,192.168.10.155
2027,180,1647452190.560758000,192.168.10.155
2028,-439,1647452190.564224000,52.119.163.144
2029,54,1647452190.564245000,192.168.10.155
2030,266,1647452190.574856000,192.168.10.155
2031,-66,1647452190.577957000,54.230.130.235
2032,-60,1647452190.615389000,52.94.176.11
2033,-60,1647452190.617544000,52.94.176.11
2034,-2974,1647452190.619631000,52.94.176.11
2035,54,1647452190.619648000,192.168.10.155
2036,-3170,1647452190.619810000,52.94.176.11
2037,54,1647452190.619819000,192.168.10.155
2038,-60,1647452190.625230000,52.94.176.11
2039,-670,1647452190.625232000,54.230.130.235
2040,-97,1647452190.625232000,54.230.130.235
2041,66,1647452190.625257000,192.168.10.155
2042,66,1647452190.625278000,192.168.10.155
2043,180,1647452190.626277000,192.168.10.155
2044,105,1647452190.626630000,192.168.10.155
2045,85,1647452190.626784000,192.168.10.155
2046,54,1647452190.626803000,192.168.10.155
2047,85,1647452190.626928000,192.168.10.155
2048,54,1647452190.626944000,192.168.10.155
2049,90,1647452190.627776000,192.168.10.155
2050,66,1647452190.627805000,192.168.10.155
2051,-60,1647452190.629971000,52.94.176.11
2052,-2974,1647452190.632520000,52.94.176.11
2053,54,1647452190.632541000,192.168.10.155
2054,-3170,1647452190.632578000,52.94.176.11
2055,54,1647452190.632587000,192.168.10.155
2056,-66,1647452190.636971000,151.101.109.16
2057,-66,1647452190.636972000,151.101.109.16
2058,-66,1647452190.636972000,151.101.109.16
2059,54,1647452190.637015000,192.168.10.155
2060,180,1647452190.642700000,192.168.10.155
2061,-669,1647452190.648791000,54.230.130.235
2062,-97,1647452190.648791000,54.230.130.235
2063,66,1647452190.648806000,192.168.10.155
2064,66,1647452190.648823000,192.168.10.155
2065,74,1647452190.651077000,192.168.10.155
2066,74,1647452190.651368000,192.168.10.155
2067,-74,1647452190.655337000,54.230.130.235
2068,-60,1647452190.655338000,52.94.176.11
2069,-60,1647452190.655338000,52.94.176.11
2070,66,1647452190.655366000,192.168.10.155
2071,1514,1647452190.655404000,192.168.10.155
2072,1514,1647452190.655413000,192.168.10.155
2073,1514,1647452190.655424000,192.168.10.155
2074,1514,1647452190.655429000,192.168.10.155
2075,1514,1647452190.655755000,192.168.10.155
2076,1514,1647452190.655769000,192.168.10.155
2077,1514,1647452190.655772000,192.168.10.155
2078,1514,1647452190.656008000,192.168.10.155
2079,1514,1647452190.656013000,192.168.10.155
2080,1514,1647452190.656385000,192.168.10.155
2081,1514,1647452190.656396000,192.168.10.155
2082,1514,1647452190.656405000,192.168.10.155
2083,1514,1647452190.656408000,192.168.10.155
2084,1514,1647452190.656758000,192.168.10.155
2085,1514,1647452190.656773000,192.168.10.155
2086,1514,1647452190.656776000,192.168.10.155
2087,1514,1647452190.656782000,192.168.10.155
2088,1514,1647452190.656784000,192.168.10.155
2089,-669,1647452190.657010000,54.230.130.235
2090,-97,1647452190.657011000,54.230.130.235
2091,66,1647452190.657023000,192.168.10.155
2092,66,1647452190.657032000,192.168.10.155
2093,1514,1647452190.657457000,192.168.10.155
2094,1514,1647452190.657464000,192.168.10.155
2095,583,1647452190.659253000,192.168.10.155
2096,-105,1647452190.660312000,52.94.176.11
2097,54,1647452190.660333000,192.168.10.155
2098,1514,1647452190.660626000,192.168.10.155
2099,1514,1647452190.660637000,192.168.10.155
2100,1514,1647452190.660645000,192.168.10.155
2101,372,1647452190.660648000,192.168.10.155
2102,-66,1647452190.664477000,54.230.130.235
2103,-2922,1647452190.664479000,54.230.130.235
2104,66,1647452190.664505000,192.168.10.155
2105,-1494,1647452190.664737000,54.230.130.235
2106,66,1647452190.664747000,192.168.10.155
2107,-1037,1647452190.665942000,54.230.130.235
2108,66,1647452190.665958000,192.168.10.155
2109,-66,1647452190.669961000,151.101.109.16
2110,54,1647452190.669982000,192.168.10.155
2111,130,1647452190.670680000,192.168.10.155
2112,236,1647452190.671042000,192.168.10.155
2113,759,1647452190.671061000,192.168.10.155
2114,270,1647452190.671337000,192.168.10.155
2115,262,1647452190.671832000,192.168.10.155
2116,-66,1647452190.673624000,54.230.130.235
2117,-66,1647452190.673624000,54.230.130.235
2118,-66,1647452190.673625000,54.230.130.235
2119,-66,1647452190.674726000,54.230.130.235
2120,-66,1647452190.674727000,54.71.9.10
2121,-104,1647452190.674727000,54.71.9.10
2122,1514,1647452190.674758000,192.168.10.155
2123,1514,1647452190.674773000,192.168.10.155
2124,1514,1647452190.674782000,192.168.10.155
2125,1514,1647452190.674786000,192.168.10.155
2126,66,1647452190.674819000,192.168.10.155
2127,1514,1647452190.675140000,192.168.10.155
2128,1514,1647452190.675153000,192.168.10.155
2129,1514,1647452190.675155000,192.168.10.155
2130,1486,1647452190.677065000,192.168.10.155
2131,-236,1647452190.677629000,54.71.9.10
2132,-104,1647452190.677630000,54.71.9.10
2133,-235,1647452190.677630000,54.71.9.10
2134,-104,1647452190.677630000,54.71.9.10
2135,-235,1647452190.677631000,54.71.9.10
2136,-104,1647452190.677631000,54.71.9.10
2137,-66,1647452190.677632000,54.71.9.10
2138,-235,1647452190.678139000,54.71.9.10
2139,-104,1647452190.678139000,54.71.9.10
2140,66,1647452190.679088000,192.168.10.155
2141,-669,1647452190.682827000,54.230.130.235
2142,-97,1647452190.682828000,54.230.130.235
2143,66,1647452190.682851000,192.168.10.155
2144,66,1647452190.682881000,192.168.10.155
2145,105,1647452190.683717000,192.168.10.155
2146,90,1647452190.683942000,192.168.10.155
2147,-66,1647452190.686836000,54.230.130.235
2148,66,1647452190.686860000,192.168.10.155
2149,-97,1647452190.707869000,54.230.130.235
2150,78,1647452190.707891000,192.168.10.155
2151,278,1647452190.717671000,192.168.10.155
2152,-66,1647452190.720871000,54.230.130.235
2153,-105,1647452190.724602000,52.94.176.11
2154,54,1647452190.724619000,192.168.10.155
2155,85,1647452190.724988000,192.168.10.155
2156,54,1647452190.725007000,192.168.10.155
2157,54,1647452190.729000000,192.168.10.155
2158,113,1647452190.730802000,192.168.10.155
2159,108,1647452190.730897000,192.168.10.155
2160,113,1647452190.731105000,192.168.10.155
2161,148,1647452190.731388000,192.168.10.155
2162,108,1647452190.731435000,192.168.10.155
2163,-60,1647452190.732342000,52.94.176.11
2164,54,1647452190.732362000,192.168.10.155
2165,-66,1647452190.734642000,54.230.130.235
2166,-66,1647452190.735130000,54.230.130.235
2167,74,1647452190.735288000,192.168.10.155
2168,-60,1647452190.743613000,52.119.163.144
2169,54,1647452190.743632000,192.168.10.155
2170,74,1647452190.746014000,192.168.10.155
2171,74,1647452190.746180000,192.168.10.155
2172,-105,1647452190.758579000,52.94.176.11
2173,-60,1647452190.758581000,52.94.176.11
2174,54,1647452190.758615000,192.168.10.155
2175,-74,1647452190.762377000,54.71.9.10
2176,54,1647452190.762395000,192.168.10.155
2177,117,1647452190.765276000,192.168.10.155
2178,112,1647452190.765543000,192.168.10.155
2179,85,1647452190.766111000,192.168.10.155
2180,54,1647452190.766129000,192.168.10.155
2181,97,1647452190.766229000,192.168.10.155
2182,66,1647452190.766240000,192.168.10.155
2183,102,1647452190.766315000,192.168.10.155
2184,78,1647452190.766326000,192.168.10.155
2185,-66,1647452190.770709000,54.230.130.235
2186,-60,1647452190.770710000,52.94.176.11
2187,-60,1647452190.770710000,52.94.176.11
2188,-60,1647452190.770711000,52.94.176.11
2189,-681,1647452190.770711000,52.94.176.11
2190,-60,1647452190.770712000,52.94.176.11
2191,1514,1647452190.770745000,192.168.10.155
2192,1514,1647452190.770759000,192.168.10.155
2193,1514,1647452190.770761000,192.168.10.155
2194,1514,1647452190.770770000,192.168.10.155
2195,1514,1647452190.770773000,192.168.10.155
2196,1514,1647452190.770775000,192.168.10.155
2197,54,1647452190.770797000,192.168.10.155
2198,1514,1647452190.775185000,192.168.10.155
2199,1514,1647452190.775195000,192.168.10.155
2200,1514,1647452190.775198000,192.168.10.155
2201,1514,1647452190.775206000,192.168.10.155
2202,1514,1647452190.775208000,192.168.10.155
2203,1514,1647452190.775210000,192.168.10.155
2204,1514,1647452190.775915000,192.168.10.155
2205,1514,1647452190.775925000,192.168.10.155
2206,1077,1647452190.775927000,192.168.10.155
2207,-66,1647452190.777632000,54.230.130.235
2208,54,1647452190.777667000,192.168.10.155
2209,-66,1647452190.801139000,54.71.9.10
2210,-108,1647452190.801139000,54.71.9.10
2211,54,1647452190.801168000,192.168.10.155
2212,-66,1647452190.802454000,54.71.9.10
2213,54,1647452190.802458000,192.168.10.155
2214,-235,1647452190.804082000,54.71.9.10
2215,-104,1647452190.804082000,54.71.9.10
2216,54,1647452190.804088000,192.168.10.155
2217,54,1647452190.804094000,192.168.10.155
2218,-236,1647452190.806696000,54.71.9.10
2219,-104,1647452190.806697000,54.71.9.10
2220,-260,1647452190.806697000,54.71.9.10
2221,54,1647452190.806711000,192.168.10.155
2222,54,1647452190.806726000,192.168.10.155
2223,54,1647452190.806729000,192.168.10.155
2224,-60,1647452190.822820000,52.94.176.11
2225,-60,1647452190.822821000,52.94.176.11
2226,54,1647452190.822837000,192.168.10.155
2227,-60,1647452190.844978000,52.94.176.11
2228,54,1647452190.844995000,192.168.10.155
2229,-66,1647452190.845884000,52.94.176.11
2230,54,1647452190.845889000,192.168.10.155
2231,-66,1647452190.851656000,52.94.176.11
2232,54,1647452190.851666000,192.168.10.155
2233,-74,1647452190.856541000,54.189.8.112
2234,-66,1647452190.856542000,54.71.9.10
2235,54,1647452190.856549000,192.168.10.155
2236,54,1647452190.856559000,192.168.10.155
2237,-60,1647452190.873097000,52.94.176.11
2238,54,1647452190.873113000,192.168.10.155
2239,-60,1647452190.888017000,52.94.176.11
2240,-60,1647452190.888018000,52.94.176.11
2241,-60,1647452190.889587000,52.94.176.11
2242,-66,1647452190.900629000,54.71.9.10
2243,-66,1647452190.900630000,54.71.9.10
2244,54,1647452190.900644000,192.168.10.155
2245,54,1647452190.900659000,192.168.10.155
2246,-681,1647452190.919542000,52.94.176.11
2247,-60,1647452190.919543000,52.94.176.11
2248,54,1647452190.919566000,192.168.10.155
2249,54,1647452190.919584000,192.168.10.155
