index,size,time,ip
0,236,1647446104.050022000,192.168.10.155
1,635,1647446104.051253000,192.168.10.155
2,97,1647446104.051564000,192.168.10.155
3,74,1647446104.051620000,192.168.10.155
4,130,1647446104.054084000,192.168.10.155
5,494,1647446104.054247000,192.168.10.155
6,-66,1647446104.054635000,54.230.130.235
7,-97,1647446104.054635000,54.230.130.235
8,-66,1647446104.054636000,54.230.130.235
9,-74,1647446104.054636000,54.230.130.15
10,66,1647446104.054654000,192.168.10.155
11,66,1647446104.054674000,192.168.10.155
12,284,1647446104.054791000,192.168.10.155
13,-66,1647446104.056996000,54.239.168.31
14,-7206,1647446104.058233000,54.239.168.31
15,-90,1647446104.058234000,54.239.168.31
16,-66,1647446104.058234000,54.239.168.31
17,-66,1647446104.058235000,54.230.130.15
18,66,1647446104.058257000,192.168.10.155
19,66,1647446104.058293000,192.168.10.155
20,90,1647446104.058656000,192.168.10.155
21,66,1647446104.058686000,192.168.10.155
22,-2922,1647446104.059535000,54.230.130.15
23,66,1647446104.059550000,192.168.10.155
24,-1122,1647446104.060542000,54.230.130.15
25,66,1647446104.060565000,192.168.10.155
26,159,1647446104.064020000,192.168.10.155
27,-60,1647446104.064495000,54.239.168.31
28,-60,1647446104.064497000,54.239.168.31
29,74,1647446104.066022000,192.168.10.155
30,-66,1647446104.067603000,54.230.130.15
31,-237,1647446104.068599000,54.230.130.15
32,-74,1647446104.068599000,54.239.168.31
33,66,1647446104.068608000,192.168.10.155
34,66,1647446104.068623000,192.168.10.155
35,583,1647446104.070464000,192.168.10.155
36,538,1647446104.070568000,192.168.10.155
37,-66,1647446104.076506000,54.230.130.15
38,-66,1647446104.076507000,54.239.168.31
39,-2922,1647446104.077664000,54.239.168.31
40,-1060,1647446104.077665000,54.230.130.15
41,66,1647446104.077680000,192.168.10.155
42,66,1647446104.077712000,192.168.10.155
43,-1208,1647446104.079335000,54.239.168.31
44,66,1647446104.079351000,192.168.10.155
45,130,1647446104.084519000,192.168.10.155
46,495,1647446104.084673000,192.168.10.155
47,561,1647446104.085285000,192.168.10.155
48,-66,1647446104.087542000,54.239.168.31
49,-642,1647446104.087543000,54.239.168.31
50,66,1647446104.087560000,192.168.10.155
51,90,1647446104.087720000,192.168.10.155
52,66,1647446104.087735000,192.168.10.155
53,-90,1647446104.088647000,54.239.168.31
54,-66,1647446104.088648000,54.230.130.15
55,-1448,1647446104.088649000,54.230.130.15
56,54,1647446104.088681000,192.168.10.155
57,74,1647446104.089649000,192.168.10.155
58,-60,1647446104.090964000,54.239.168.31
59,-60,1647446104.090965000,54.239.168.31
60,-74,1647446104.092948000,54.239.168.31
61,66,1647446104.092972000,192.168.10.155
62,583,1647446104.095194000,192.168.10.155
63,-66,1647446104.098902000,54.239.168.31
64,-2922,1647446104.098904000,54.239.168.31
65,66,1647446104.098922000,192.168.10.155
66,-1208,1647446104.101562000,54.239.168.31
67,66,1647446104.101571000,192.168.10.155
68,130,1647446104.104000000,192.168.10.155
69,500,1647446104.104122000,192.168.10.155
70,-66,1647446104.108074000,54.239.168.31
71,-5778,1647446104.108076000,54.239.168.31
72,66,1647446104.108103000,192.168.10.155
73,-10760,1647446104.108253000,54.239.168.31
74,66,1647446104.108263000,192.168.10.155
75,-11490,1647446104.108296000,54.239.168.31
76,66,1647446104.108300000,192.168.10.155
77,-8634,1647446104.109242000,54.239.168.31
78,-2922,1647446104.109243000,54.239.168.31
79,66,1647446104.109267000,192.168.10.155
80,66,1647446104.109288000,192.168.10.155
81,74,1647446104.109490000,192.168.10.155
82,-5778,1647446104.111633000,54.239.168.31
83,66,1647446104.111666000,192.168.10.155
84,-5778,1647446104.111904000,54.239.168.31
85,-20058,1647446104.111907000,54.239.168.31
86,66,1647446104.111922000,192.168.10.155
87,66,1647446104.111947000,192.168.10.155
88,-3402,1647446104.111961000,54.239.168.31
89,66,1647446104.111965000,192.168.10.155
90,90,1647446104.112274000,192.168.10.155
91,66,1647446104.112315000,192.168.10.155
92,-74,1647446104.113101000,54.230.130.7
93,66,1647446104.113126000,192.168.10.155
94,282,1647446104.113249000,192.168.10.155
95,74,1647446104.114327000,192.168.10.155
96,-60,1647446104.118536000,54.239.168.31
97,-60,1647446104.118536000,54.239.168.31
98,-74,1647446104.119504000,54.239.168.31
99,-66,1647446104.119505000,54.230.130.7
100,66,1647446104.119529000,192.168.10.155
101,-2922,1647446104.120576000,54.230.130.7
102,66,1647446104.120588000,192.168.10.155
103,583,1647446104.121806000,192.168.10.155
104,-1109,1647446104.122049000,54.230.130.7
105,66,1647446104.122067000,192.168.10.155
106,159,1647446104.123133000,192.168.10.155
107,-66,1647446104.128078000,54.239.168.31
108,-2922,1647446104.128079000,54.239.168.31
109,66,1647446104.128110000,192.168.10.155
110,-1208,1647446104.128415000,54.239.168.31
111,66,1647446104.128441000,192.168.10.155
112,-66,1647446104.130234000,54.230.130.7
113,-237,1647446104.130235000,54.230.130.7
114,-135,1647446104.130235000,54.230.130.7
115,66,1647446104.130262000,192.168.10.155
116,66,1647446104.130287000,192.168.10.155
117,243,1647446104.130717000,192.168.10.155
118,130,1647446104.130969000,192.168.10.155
119,104,1647446104.131065000,192.168.10.155
120,501,1647446104.131100000,192.168.10.155
121,-66,1647446104.133764000,54.230.130.7
122,-66,1647446104.133765000,54.230.130.7
123,-66,1647446104.133765000,54.239.168.31
124,-675,1647446104.134973000,54.239.168.31
125,-90,1647446104.134973000,54.239.168.31
126,66,1647446104.134987000,192.168.10.155
127,90,1647446104.135204000,192.168.10.155
128,66,1647446104.135222000,192.168.10.155
129,66,1647446104.135483000,192.168.10.155
130,-60,1647446104.138615000,54.239.168.31
131,-60,1647446104.138616000,54.239.168.31
132,74,1647446104.150968000,192.168.10.155
133,-74,1647446104.153456000,54.239.168.31
134,66,1647446104.153478000,192.168.10.155
135,583,1647446104.155590000,192.168.10.155
136,-66,1647446104.160206000,54.239.168.31
137,-2922,1647446104.160207000,54.239.168.31
138,66,1647446104.160231000,192.168.10.155
139,-1208,1647446104.162727000,54.239.168.31
140,66,1647446104.162747000,192.168.10.155
141,130,1647446104.165982000,192.168.10.155
142,508,1647446104.166192000,192.168.10.155
143,-66,1647446104.170866000,54.239.168.31
144,-4101,1647446104.170868000,54.239.168.31
145,-90,1647446104.170868000,54.239.168.31
146,66,1647446104.170887000,192.168.10.155
147,90,1647446104.171144000,192.168.10.155
148,66,1647446104.171165000,192.168.10.155
149,74,1647446104.174163000,192.168.10.155
150,-60,1647446104.180929000,54.239.168.31
151,-60,1647446104.180930000,54.239.168.31
152,-74,1647446104.180930000,54.239.168.31
153,66,1647446104.180982000,192.168.10.155
154,583,1647446104.183928000,192.168.10.155
155,-66,1647446104.188412000,54.239.168.31
156,-2922,1647446104.188413000,54.239.168.31
157,66,1647446104.188437000,192.168.10.155
158,-1208,1647446104.196825000,54.239.168.31
159,66,1647446104.196846000,192.168.10.155
160,130,1647446104.200963000,192.168.10.155
161,506,1647446104.201154000,192.168.10.155
162,-66,1647446104.204147000,54.239.168.31
163,-2822,1647446104.204148000,54.239.168.31
164,66,1647446104.204166000,192.168.10.155
165,90,1647446104.204413000,192.168.10.155
166,66,1647446104.204438000,192.168.10.155
167,-90,1647446104.205147000,54.239.168.31
168,54,1647446104.205169000,192.168.10.155
169,74,1647446104.206697000,192.168.10.155
170,-60,1647446104.207609000,54.239.168.31
171,-60,1647446104.207610000,54.239.168.31
172,-74,1647446104.210235000,54.239.168.31
173,66,1647446104.210271000,192.168.10.155
174,583,1647446104.214241000,192.168.10.155
175,-66,1647446104.218003000,54.239.168.31
176,-2922,1647446104.218004000,54.239.168.31
177,66,1647446104.218025000,192.168.10.155
178,-1208,1647446104.220646000,54.239.168.31
179,66,1647446104.220660000,192.168.10.155
180,130,1647446104.223646000,192.168.10.155
181,518,1647446104.223787000,192.168.10.155
182,-66,1647446104.226682000,54.239.168.31
183,-996,1647446104.228023000,54.239.168.31
184,-90,1647446104.228024000,54.239.168.31
185,66,1647446104.228051000,192.168.10.155
186,90,1647446104.228518000,192.168.10.155
187,66,1647446104.228552000,192.168.10.155
188,-60,1647446104.231661000,54.239.168.31
189,-60,1647446104.231663000,54.239.168.31
190,74,1647446104.232429000,192.168.10.155
191,-74,1647446104.236400000,54.239.168.31
192,66,1647446104.236430000,192.168.10.155
193,583,1647446104.238335000,192.168.10.155
194,-66,1647446104.242133000,54.239.168.31
195,-2922,1647446104.242135000,54.239.168.31
196,66,1647446104.242171000,192.168.10.155
197,-1208,1647446104.244656000,54.239.168.31
198,66,1647446104.244738000,192.168.10.155
199,130,1647446104.250309000,192.168.10.155
200,518,1647446104.250547000,192.168.10.155
201,-1175,1647446104.250893000,54.230.130.235
202,66,1647446104.250914000,192.168.10.155
203,-2922,1647446104.253900000,54.230.130.235
204,66,1647446104.253921000,192.168.10.155
205,-2941,1647446104.253967000,54.230.130.235
206,-66,1647446104.253968000,54.239.168.31
207,66,1647446104.253980000,192.168.10.155
208,-675,1647446104.254150000,54.239.168.31
209,-90,1647446104.254151000,54.239.168.31
210,66,1647446104.254158000,192.168.10.155
211,90,1647446104.254439000,192.168.10.155
212,66,1647446104.254470000,192.168.10.155
213,-60,1647446104.257555000,54.239.168.31
214,-60,1647446104.257556000,54.239.168.31
215,-6840,1647446104.259409000,54.230.130.235
216,66,1647446104.259475000,192.168.10.155
217,74,1647446104.272600000,192.168.10.155
218,-74,1647446104.275959000,54.239.168.31
219,66,1647446104.275988000,192.168.10.155
220,583,1647446104.278798000,192.168.10.155
221,-66,1647446104.282495000,54.239.168.31
222,-2922,1647446104.282497000,54.239.168.31
223,66,1647446104.282521000,192.168.10.155
224,-1208,1647446104.284771000,54.239.168.31
225,66,1647446104.284802000,192.168.10.155
226,130,1647446104.286947000,192.168.10.155
227,517,1647446104.287067000,192.168.10.155
228,-66,1647446104.290044000,54.239.168.31
229,-771,1647446104.290046000,54.239.168.31
230,66,1647446104.290071000,192.168.10.155
231,90,1647446104.290296000,192.168.10.155
232,66,1647446104.290314000,192.168.10.155
233,-90,1647446104.291105000,54.239.168.31
234,54,1647446104.291140000,192.168.10.155
235,-60,1647446104.293545000,54.239.168.31
236,-60,1647446104.293546000,54.239.168.31
237,547,1647446104.332338000,192.168.10.155
238,-66,1647446104.335526000,54.230.130.15
239,-1068,1647446104.335526000,54.230.130.15
240,66,1647446104.335559000,192.168.10.155
241,74,1647446104.340922000,192.168.10.155
242,74,1647446104.341059000,192.168.10.155
243,74,1647446104.341363000,192.168.10.155
244,74,1647446104.341439000,192.168.10.155
245,74,1647446104.341529000,192.168.10.155
246,570,1647446104.347998000,192.168.10.155
247,-74,1647446104.351167000,151.101.229.16
248,-74,1647446104.351168000,151.101.229.16
249,-74,1647446104.351168000,151.101.229.16
250,-74,1647446104.351168000,151.101.229.16
251,-74,1647446104.351168000,151.101.229.16
252,66,1647446104.351190000,192.168.10.155
253,66,1647446104.351203000,192.168.10.155
254,66,1647446104.351208000,192.168.10.155
255,66,1647446104.351212000,192.168.10.155
256,66,1647446104.351216000,192.168.10.155
257,-1832,1647446104.352738000,54.230.130.15
258,66,1647446104.352746000,192.168.10.155
259,583,1647446104.353218000,192.168.10.155
260,583,1647446104.355034000,192.168.10.155
261,583,1647446104.356896000,192.168.10.155
262,583,1647446104.360302000,192.168.10.155
263,-104,1647446104.361666000,54.230.130.7
264,66,1647446104.361768000,192.168.10.155
265,-66,1647446104.363407000,151.101.229.16
266,583,1647446104.364126000,192.168.10.155
267,-5497,1647446104.365238000,151.101.229.16
268,-66,1647446104.365239000,151.101.229.16
269,66,1647446104.365291000,192.168.10.155
270,-394,1647446104.366761000,54.230.130.235
271,-2984,1647446104.366763000,54.230.130.235
272,-66,1647446104.366763000,151.101.229.16
273,66,1647446104.366787000,192.168.10.155
274,66,1647446104.366820000,192.168.10.155
275,-5497,1647446104.368399000,151.101.229.16
276,-7776,1647446104.368401000,54.230.130.235
277,66,1647446104.368422000,192.168.10.155
278,66,1647446104.368439000,192.168.10.155
279,130,1647446104.369644000,192.168.10.155
280,-6050,1647446104.369953000,54.230.130.235
281,-4410,1647446104.369957000,151.101.229.16
282,66,1647446104.369972000,192.168.10.155
283,66,1647446104.369987000,192.168.10.155
284,-1153,1647446104.370001000,151.101.229.16
285,66,1647446104.370006000,192.168.10.155
286,236,1647446104.370379000,192.168.10.155
287,538,1647446104.370858000,192.168.10.155
288,-66,1647446104.371048000,151.101.229.16
289,-5497,1647446104.373345000,151.101.229.16
290,66,1647446104.373361000,192.168.10.155
291,-66,1647446104.374431000,151.101.229.16
292,-2962,1647446104.379913000,151.101.229.16
293,66,1647446104.379929000,192.168.10.155
294,-2601,1647446104.379965000,151.101.229.16
295,-66,1647446104.379965000,151.101.229.16
296,-125,1647446104.379966000,151.101.229.16
297,66,1647446104.379987000,192.168.10.155
298,66,1647446104.380001000,192.168.10.155
299,97,1647446104.380118000,192.168.10.155
300,130,1647446104.381067000,192.168.10.155
301,-66,1647446104.381223000,151.101.229.16
302,-5858,1647446104.381224000,151.101.229.16
303,-5858,1647446104.381225000,151.101.229.16
304,66,1647446104.381242000,192.168.10.155
305,66,1647446104.381249000,192.168.10.155
306,130,1647446104.381661000,192.168.10.155
307,-4848,1647446104.382600000,151.101.229.16
308,-5858,1647446104.382602000,151.101.229.16
309,66,1647446104.382623000,192.168.10.155
310,66,1647446104.382646000,192.168.10.155
311,236,1647446104.383536000,192.168.10.155
312,403,1647446104.383577000,192.168.10.155
313,253,1647446104.383615000,192.168.10.155
314,-5858,1647446104.384035000,151.101.229.16
315,-5858,1647446104.384037000,151.101.229.16
316,66,1647446104.384053000,192.168.10.155
317,66,1647446104.384065000,192.168.10.155
318,169,1647446104.384237000,192.168.10.155
319,90,1647446104.384951000,192.168.10.155
320,66,1647446104.384971000,192.168.10.155
321,-5858,1647446104.385656000,151.101.229.16
322,-1514,1647446104.385657000,151.101.229.16
323,66,1647446104.385673000,192.168.10.155
324,66,1647446104.385683000,192.168.10.155
325,130,1647446104.387342000,192.168.10.155
326,130,1647446104.387584000,192.168.10.155
327,253,1647446104.387760000,192.168.10.155
328,445,1647446104.388099000,192.168.10.155
329,253,1647446104.388139000,192.168.10.155
330,90,1647446104.388386000,192.168.10.155
331,66,1647446104.388397000,192.168.10.155
332,684,1647446104.388590000,192.168.10.155
333,90,1647446104.388894000,192.168.10.155
334,66,1647446104.388906000,192.168.10.155
335,-2962,1647446104.389683000,151.101.229.16
336,-66,1647446104.389684000,151.101.229.16
337,66,1647446104.389726000,192.168.10.155
338,-66,1647446104.390687000,151.101.229.16
339,-3006,1647446104.390688000,151.101.229.16
340,-66,1647446104.390688000,151.101.229.16
341,66,1647446104.390710000,192.168.10.155
342,-66,1647446104.393519000,151.101.229.16
343,-66,1647446104.393519000,151.101.229.16
344,-125,1647446104.393520000,151.101.229.16
345,-66,1647446104.393520000,151.101.229.16
346,-2962,1647446104.393520000,151.101.229.16
347,54,1647446104.393550000,192.168.10.155
348,78,1647446104.393574000,192.168.10.155
349,-4410,1647446104.393588000,151.101.229.16
350,78,1647446104.393592000,192.168.10.155
351,-66,1647446104.394942000,151.101.229.16
352,-90,1647446104.394942000,151.101.229.16
353,-66,1647446104.394943000,151.101.229.16
354,-7306,1647446104.394944000,151.101.229.16
355,54,1647446104.394973000,192.168.10.155
356,54,1647446104.395004000,192.168.10.155
357,54,1647446104.395007000,192.168.10.155
358,78,1647446104.395025000,192.168.10.155
359,-7306,1647446104.395044000,151.101.229.16
360,78,1647446104.395048000,192.168.10.155
361,-7306,1647446104.397019000,151.101.229.16
362,-66,1647446104.397019000,151.101.229.16
363,-66,1647446104.397020000,151.101.229.16
364,-7306,1647446104.397021000,151.101.229.16
365,78,1647446104.397032000,192.168.10.155
366,78,1647446104.397047000,192.168.10.155
367,-66,1647446104.397785000,151.101.229.16
368,-125,1647446104.397785000,151.101.229.16
369,-66,1647446104.397785000,151.101.229.16
370,-66,1647446104.397785000,151.101.229.16
371,-90,1647446104.397786000,151.101.229.16
372,-66,1647446104.397786000,151.101.229.16
373,-7306,1647446104.397787000,151.101.229.16
374,54,1647446104.397801000,192.168.10.155
375,54,1647446104.397812000,192.168.10.155
376,54,1647446104.397815000,192.168.10.155
377,54,1647446104.397818000,192.168.10.155
378,78,1647446104.397822000,192.168.10.155
379,-66,1647446104.397828000,151.101.229.16
380,-125,1647446104.397828000,151.101.229.16
381,-66,1647446104.397829000,151.101.229.16
382,54,1647446104.397832000,192.168.10.155
383,54,1647446104.397836000,192.168.10.155
384,-66,1647446104.399202000,151.101.229.16
385,-66,1647446104.399202000,151.101.229.16
386,-66,1647446104.399202000,151.101.229.16
387,-15994,1647446104.399204000,151.101.229.16
388,54,1647446104.399208000,192.168.10.155
389,54,1647446104.399212000,192.168.10.155
390,54,1647446104.399214000,192.168.10.155
391,66,1647446104.399223000,192.168.10.155
392,-4410,1647446104.399246000,151.101.229.16
393,-301,1647446104.399247000,151.101.229.16
394,-12147,1647446104.399249000,151.101.229.16
395,78,1647446104.399252000,192.168.10.155
396,66,1647446104.399258000,192.168.10.155
397,-66,1647446104.399262000,151.101.229.16
398,-2962,1647446104.403792000,151.101.229.16
399,78,1647446104.403811000,192.168.10.155
400,-2962,1647446104.403852000,151.101.229.16
401,-125,1647446104.403853000,151.101.229.16
402,-2962,1647446104.403854000,151.101.229.16
403,78,1647446104.403864000,192.168.10.155
404,66,1647446104.403878000,192.168.10.155
405,66,1647446104.403924000,192.168.10.155
406,97,1647446104.403966000,192.168.10.155
407,66,1647446104.404634000,192.168.10.155
408,-7306,1647446104.405249000,151.101.229.16
409,66,1647446104.405301000,192.168.10.155
410,-2962,1647446104.414883000,151.101.229.16
411,66,1647446104.414900000,192.168.10.155
412,-9818,1647446104.415769000,151.101.229.16
413,-66,1647446104.415770000,151.101.229.16
414,66,1647446104.415785000,192.168.10.155
415,-3346,1647446104.415815000,151.101.229.16
416,-14546,1647446104.415818000,151.101.229.16
417,66,1647446104.415823000,192.168.10.155
418,66,1647446104.415830000,192.168.10.155
419,-14546,1647446104.416610000,151.101.229.16
420,66,1647446104.416624000,192.168.10.155
421,-1514,1647446104.416645000,151.101.229.16
422,66,1647446104.416649000,192.168.10.155
423,-1514,1647446104.418025000,151.101.229.16
424,-8547,1647446104.418029000,151.101.229.16
425,66,1647446104.418049000,192.168.10.155
426,66,1647446104.418078000,192.168.10.155
427,-5778,1647446104.464459000,54.230.130.235
428,66,1647446104.464474000,192.168.10.155
429,-3380,1647446104.464509000,54.230.130.235
430,66,1647446104.464541000,192.168.10.155
431,-10062,1647446104.466667000,54.230.130.235
432,-6476,1647446104.466668000,54.230.130.235
433,66,1647446104.466678000,192.168.10.155
434,-1715,1647446104.466717000,54.230.130.235
435,66,1647446104.466725000,192.168.10.155
436,66,1647446104.466758000,192.168.10.155
437,-10062,1647446104.467201000,54.230.130.235
438,66,1647446104.467257000,192.168.10.155
439,-6476,1647446104.468175000,54.230.130.235
440,-1737,1647446104.468176000,54.230.130.235
441,66,1647446104.468182000,192.168.10.155
442,66,1647446104.468220000,192.168.10.155
443,-5778,1647446104.486056000,54.230.130.235
444,66,1647446104.486071000,192.168.10.155
445,-4895,1647446104.486156000,54.230.130.235
446,-9092,1647446104.486158000,54.230.130.235
447,66,1647446104.486165000,192.168.10.155
448,66,1647446104.486175000,192.168.10.155
449,74,1647446104.492947000,192.168.10.155
450,-5778,1647446104.563167000,54.230.130.235
451,66,1647446104.563188000,192.168.10.155
452,-10760,1647446104.563271000,54.230.130.235
453,66,1647446104.563276000,192.168.10.155
454,-6043,1647446104.563299000,54.230.130.235
455,66,1647446104.563302000,192.168.10.155
456,211,1647446104.567828000,192.168.10.155
457,198,1647446104.569732000,192.168.10.155
458,184,1647446104.572226000,192.168.10.155
459,180,1647446104.572537000,192.168.10.155
460,183,1647446104.572724000,192.168.10.155
461,-66,1647446104.577677000,151.101.229.16
462,-5858,1647446104.577678000,151.101.229.16
463,66,1647446104.577706000,192.168.10.155
464,-5120,1647446104.577736000,151.101.229.16
465,66,1647446104.577744000,192.168.10.155
466,-66,1647446104.579519000,151.101.229.16
467,-4489,1647446104.579527000,151.101.229.16
468,66,1647446104.579601000,192.168.10.155
469,-66,1647446104.583796000,151.101.229.16
470,-2962,1647446104.583798000,151.101.229.16
471,-66,1647446104.583799000,151.101.229.16
472,-776,1647446104.583799000,151.101.229.16
473,-1514,1647446104.583800000,151.101.229.16
474,66,1647446104.583831000,192.168.10.155
475,78,1647446104.583870000,192.168.10.155
476,78,1647446104.583883000,192.168.10.155
477,-14613,1647446104.583951000,151.101.229.16
478,78,1647446104.583958000,192.168.10.155
479,-4397,1647446104.583975000,151.101.229.16
480,78,1647446104.584586000,192.168.10.155
481,181,1647446104.584893000,192.168.10.155
482,212,1647446104.593441000,192.168.10.155
483,74,1647446104.593507000,192.168.10.155
484,-68,1647446104.593820000,151.101.229.16
485,-66,1647446104.593821000,151.101.229.16
486,66,1647446104.593838000,192.168.10.155
487,-2962,1647446104.595974000,151.101.229.16
488,-1514,1647446104.595977000,151.101.229.16
489,66,1647446104.596040000,192.168.10.155
490,-66,1647446104.603755000,151.101.229.16
491,-2962,1647446104.603757000,151.101.229.16
492,66,1647446104.603781000,192.168.10.155
493,-2962,1647446104.603826000,151.101.229.16
494,-74,1647446104.603827000,151.101.229.16
495,-4301,1647446104.603828000,151.101.229.16
496,66,1647446104.603836000,192.168.10.155
497,66,1647446104.603847000,192.168.10.155
498,66,1647446104.603857000,192.168.10.155
499,-5858,1647446104.605138000,151.101.229.16
500,-5858,1647446104.605140000,151.101.229.16
501,66,1647446104.605156000,192.168.10.155
502,66,1647446104.605174000,192.168.10.155
503,-5858,1647446104.606518000,151.101.229.16
504,-5858,1647446104.606519000,151.101.229.16
505,66,1647446104.606535000,192.168.10.155
506,66,1647446104.606552000,192.168.10.155
507,583,1647446104.606584000,192.168.10.155
508,-5858,1647446104.608348000,151.101.229.16
509,-5858,1647446104.608357000,151.101.229.16
510,66,1647446104.608440000,192.168.10.155
511,66,1647446104.608519000,192.168.10.155
512,-5858,1647446104.609922000,151.101.229.16
513,-5858,1647446104.609924000,151.101.229.16
514,66,1647446104.609946000,192.168.10.155
515,66,1647446104.609971000,192.168.10.155
516,-2962,1647446104.613507000,151.101.229.16
517,66,1647446104.613520000,192.168.10.155
518,-2007,1647446104.613820000,151.101.229.16
519,66,1647446104.613832000,192.168.10.155
520,-66,1647446104.616636000,151.101.229.16
521,-74,1647446104.618400000,34.216.180.159
522,-2962,1647446104.618402000,151.101.229.16
523,66,1647446104.618446000,192.168.10.155
524,66,1647446104.618470000,192.168.10.155
525,-2585,1647446104.618487000,151.101.229.16
526,66,1647446104.618495000,192.168.10.155
527,583,1647446104.622917000,192.168.10.155
528,130,1647446104.634172000,192.168.10.155
529,253,1647446104.634472000,192.168.10.155
530,90,1647446104.635369000,192.168.10.155
531,66,1647446104.635504000,192.168.10.155
532,-66,1647446104.644529000,151.101.229.16
533,-125,1647446104.644530000,151.101.229.16
534,54,1647446104.644574000,192.168.10.155
535,-66,1647446104.645882000,151.101.229.16
536,-66,1647446104.645883000,151.101.229.16
537,54,1647446104.645929000,192.168.10.155
538,54,1647446104.645989000,192.168.10.155
539,-66,1647446104.646467000,151.101.229.16
540,54,1647446104.646508000,192.168.10.155
541,-66,1647446104.747947000,34.216.180.159
542,-2962,1647446104.750369000,34.216.180.159
543,66,1647446104.750380000,192.168.10.155
544,-2615,1647446104.750427000,34.216.180.159
545,66,1647446104.750435000,192.168.10.155
546,192,1647446104.754216000,192.168.10.155
547,-371,1647446104.826952000,54.230.130.235
548,66,1647446104.826969000,192.168.10.155
549,-8849,1647446104.829144000,54.230.130.235
550,66,1647446104.829211000,192.168.10.155
551,202,1647446104.838871000,192.168.10.155
552,74,1647446104.838922000,192.168.10.155
553,-16472,1647446104.841256000,54.230.130.235
554,66,1647446104.841276000,192.168.10.155
555,-3209,1647446104.841310000,54.230.130.235
556,66,1647446104.841323000,192.168.10.155
557,-66,1647446104.849188000,151.101.229.16
558,-74,1647446104.849190000,151.101.229.16
559,-281,1647446104.849190000,151.101.229.16
560,-344,1647446104.849191000,151.101.229.16
561,66,1647446104.849240000,192.168.10.155
562,66,1647446104.849560000,192.168.10.155
563,583,1647446104.853100000,192.168.10.155
564,-66,1647446104.863704000,151.101.229.16
565,156,1647446104.865036000,192.168.10.155
566,157,1647446104.865270000,192.168.10.155
567,-4410,1647446104.865361000,151.101.229.16
568,-1153,1647446104.865362000,151.101.229.16
569,66,1647446104.865384000,192.168.10.155
570,66,1647446104.865400000,192.168.10.155
571,177,1647446104.865488000,192.168.10.155
572,130,1647446104.871364000,192.168.10.155
573,253,1647446104.871695000,192.168.10.155
574,90,1647446104.872478000,192.168.10.155
575,66,1647446104.872508000,192.168.10.155
576,-66,1647446104.874834000,151.101.229.16
577,-361,1647446104.874835000,54.230.130.235
578,-66,1647446104.874835000,151.101.229.16
579,-3134,1647446104.874836000,151.101.229.16
580,66,1647446104.874888000,192.168.10.155
581,66,1647446104.874933000,192.168.10.155
582,-1220,1647446104.875873000,151.101.229.16
583,-1298,1647446104.875874000,151.101.229.16
584,66,1647446104.875898000,192.168.10.155
585,-324,1647446104.879056000,34.216.180.159
586,-135,1647446104.879060000,34.216.180.159
587,66,1647446104.879153000,192.168.10.155
588,66,1647446104.879250000,192.168.10.155
589,-66,1647446104.881381000,151.101.229.16
590,-125,1647446104.881382000,151.101.229.16
591,54,1647446104.881442000,192.168.10.155
592,-66,1647446104.882184000,151.101.229.16
593,-66,1647446104.882185000,151.101.229.16
594,-66,1647446104.882185000,151.101.229.16
595,54,1647446104.882205000,192.168.10.155
596,54,1647446104.882222000,192.168.10.155
597,54,1647446104.882227000,192.168.10.155
598,155,1647446104.886198000,192.168.10.155
599,244,1647446104.886728000,192.168.10.155
600,155,1647446104.887028000,192.168.10.155
601,-66,1647446104.896345000,151.101.229.16
602,-5858,1647446104.896350000,151.101.229.16
603,66,1647446104.896456000,192.168.10.155
604,-1514,1647446104.896570000,151.101.229.16
605,-7306,1647446104.897673000,151.101.229.16
606,-1514,1647446104.897674000,151.101.229.16
607,66,1647446104.897707000,192.168.10.155
608,-5858,1647446104.898591000,151.101.229.16
609,-66,1647446104.898592000,151.101.229.16
610,-7306,1647446104.898593000,151.101.229.16
611,66,1647446104.898611000,192.168.10.155
612,66,1647446104.898632000,192.168.10.155
613,-2962,1647446104.900681000,151.101.229.16
614,66,1647446104.900701000,192.168.10.155
615,-4410,1647446104.900743000,151.101.229.16
616,-1514,1647446104.900743000,151.101.229.16
617,66,1647446104.900753000,192.168.10.155
618,-5858,1647446104.901544000,151.101.229.16
619,-3693,1647446104.901545000,151.101.229.16
620,66,1647446104.901571000,192.168.10.155
621,66,1647446104.901589000,192.168.10.155
622,-290,1647446104.903004000,54.230.130.235
623,66,1647446104.903034000,192.168.10.155
624,243,1647446104.924556000,192.168.10.155
625,505,1647446104.924598000,192.168.10.155
626,104,1647446104.925043000,192.168.10.155
627,174,1647446104.978942000,192.168.10.155
628,219,1647446104.979685000,192.168.10.155
629,961,1647446104.980464000,192.168.10.155
630,174,1647446104.981125000,192.168.10.155
631,-66,1647446104.988817000,151.101.229.16
632,-66,1647446104.988818000,151.101.229.16
633,-1514,1647446104.988818000,151.101.229.16
634,78,1647446104.988855000,192.168.10.155
635,-13098,1647446104.990297000,151.101.229.16
636,78,1647446104.990322000,192.168.10.155
637,-14546,1647446104.990366000,151.101.229.16
638,78,1647446104.990371000,192.168.10.155
639,-3088,1647446104.991532000,151.101.229.16
640,-66,1647446104.991533000,151.101.229.16
641,-8094,1647446104.991537000,151.101.229.16
642,78,1647446104.991588000,192.168.10.155
643,78,1647446104.991615000,192.168.10.155
644,-14546,1647446104.993674000,151.101.229.16
645,78,1647446104.993750000,192.168.10.155
646,-1508,1647446104.993815000,151.101.229.16
647,-14546,1647446104.993827000,151.101.229.16
648,78,1647446104.993853000,192.168.10.155
649,78,1647446104.993860000,192.168.10.155
650,-2962,1647446104.994508000,151.101.229.16
651,78,1647446104.994521000,192.168.10.155
652,-5858,1647446104.994883000,151.101.229.16
653,78,1647446104.994904000,192.168.10.155
654,-5858,1647446104.996677000,151.101.229.16
655,78,1647446104.996701000,192.168.10.155
656,-14546,1647446104.998025000,151.101.229.16
657,78,1647446104.998044000,192.168.10.155
658,-14546,1647446104.998068000,151.101.229.16
659,78,1647446104.998073000,192.168.10.155
660,-4410,1647446104.998081000,151.101.229.16
661,78,1647446104.998084000,192.168.10.155
662,-2962,1647446104.998754000,151.101.229.16
663,78,1647446104.998801000,192.168.10.155
664,-488,1647446105.000371000,151.101.229.16
665,-11650,1647446105.000376000,151.101.229.16
666,66,1647446105.000407000,192.168.10.155
667,66,1647446105.000426000,192.168.10.155
668,-14546,1647446105.000458000,151.101.229.16
669,66,1647446105.000463000,192.168.10.155
670,-4410,1647446105.001877000,151.101.229.16
671,-8754,1647446105.001879000,151.101.229.16
672,66,1647446105.001891000,192.168.10.155
673,66,1647446105.001906000,192.168.10.155
674,-4410,1647446105.003624000,151.101.229.16
675,-10202,1647446105.003626000,151.101.229.16
676,66,1647446105.003640000,192.168.10.155
677,66,1647446105.003658000,192.168.10.155
678,-15994,1647446105.004659000,151.101.229.16
679,66,1647446105.004666000,192.168.10.155
680,-2962,1647446105.005486000,151.101.229.16
681,-5858,1647446105.005488000,151.101.229.16
682,66,1647446105.005498000,192.168.10.155
683,66,1647446105.005514000,192.168.10.155
684,-5858,1647446105.007312000,151.101.229.16
685,-14546,1647446105.007319000,151.101.229.16
686,66,1647446105.007338000,192.168.10.155
687,66,1647446105.007364000,192.168.10.155
688,-10202,1647446105.008258000,151.101.229.16
689,66,1647446105.008269000,192.168.10.155
690,-5858,1647446105.012913000,151.101.229.16
691,66,1647446105.012934000,192.168.10.155
692,-1321,1647446105.013139000,151.101.229.16
693,-4410,1647446105.013141000,151.101.229.16
694,66,1647446105.013150000,192.168.10.155
695,66,1647446105.013163000,192.168.10.155
696,-29026,1647446105.013681000,151.101.229.16
697,66,1647446105.013693000,192.168.10.155
698,-375,1647446105.013708000,151.101.229.16
699,66,1647446105.013712000,192.168.10.155
700,-66,1647446105.049172000,34.216.180.159
701,-104,1647446105.049173000,34.216.180.159
702,66,1647446105.049202000,192.168.10.155
703,-235,1647446105.051655000,34.216.180.159
704,-104,1647446105.051656000,34.216.180.159
705,66,1647446105.051678000,192.168.10.155
706,66,1647446105.051699000,192.168.10.155
707,194,1647446105.111943000,192.168.10.155
708,181,1647446105.112490000,192.168.10.155
709,-66,1647446105.121960000,151.101.229.16
710,-2962,1647446105.121961000,151.101.229.16
711,66,1647446105.121982000,192.168.10.155
712,-4410,1647446105.122156000,151.101.229.16
713,66,1647446105.122166000,192.168.10.155
714,-2962,1647446105.123583000,151.101.229.16
715,66,1647446105.123592000,192.168.10.155
716,-4410,1647446105.124412000,151.101.229.16
717,-2962,1647446105.124413000,151.101.229.16
718,66,1647446105.124427000,192.168.10.155
719,66,1647446105.124476000,192.168.10.155
720,-4410,1647446105.125996000,151.101.229.16
721,-5858,1647446105.125998000,151.101.229.16
722,66,1647446105.126018000,192.168.10.155
723,66,1647446105.126040000,192.168.10.155
724,-1514,1647446105.126357000,151.101.229.16
725,-7306,1647446105.126358000,151.101.229.16
726,66,1647446105.126369000,192.168.10.155
727,-7306,1647446105.127077000,151.101.229.16
728,-4410,1647446105.127078000,151.101.229.16
729,66,1647446105.127093000,192.168.10.155
730,66,1647446105.127116000,192.168.10.155
731,-2962,1647446105.127965000,151.101.229.16
732,-1514,1647446105.127966000,151.101.229.16
733,66,1647446105.128005000,192.168.10.155
734,-5403,1647446105.128996000,151.101.229.16
735,66,1647446105.129014000,192.168.10.155
736,157,1647446105.186252000,192.168.10.155
737,-66,1647446105.196091000,151.101.229.16
738,-5858,1647446105.198048000,151.101.229.16
739,66,1647446105.198065000,192.168.10.155
740,-5858,1647446105.198089000,151.101.229.16
741,66,1647446105.198092000,192.168.10.155
742,-2962,1647446105.199132000,151.101.229.16
743,66,1647446105.199140000,192.168.10.155
744,-2962,1647446105.199524000,151.101.229.16
745,-5858,1647446105.199525000,151.101.229.16
746,66,1647446105.199531000,192.168.10.155
747,66,1647446105.199540000,192.168.10.155
748,-5858,1647446105.200461000,151.101.229.16
749,-534,1647446105.200462000,151.101.229.16
750,66,1647446105.200474000,192.168.10.155
751,66,1647446105.243498000,192.168.10.155
752,155,1647446105.254058000,192.168.10.155
753,-66,1647446105.263789000,151.101.229.16
754,-1008,1647446105.263790000,151.101.229.16
755,66,1647446105.263821000,192.168.10.155
756,604,1647446105.277106000,192.168.10.155
757,-66,1647446105.286975000,54.230.130.235
758,-541,1647446105.376960000,54.230.130.235
759,-1494,1647446105.376960000,54.230.130.235
760,66,1647446105.376978000,192.168.10.155
761,66,1647446105.377003000,192.168.10.155
762,-5787,1647446105.377031000,54.230.130.235
763,66,1647446105.377038000,192.168.10.155
764,164,1647446105.383799000,192.168.10.155
765,165,1647446105.384772000,192.168.10.155
766,-12754,1647446105.386222000,54.230.130.235
767,66,1647446105.386245000,192.168.10.155
768,164,1647446105.387199000,192.168.10.155
769,164,1647446105.393490000,192.168.10.155
770,165,1647446105.393820000,192.168.10.155
771,-66,1647446105.394023000,151.101.229.16
772,262,1647446105.396713000,192.168.10.155
773,152,1647446105.399895000,192.168.10.155
774,-4294,1647446105.401533000,151.101.229.16
775,-66,1647446105.401533000,151.101.229.16
776,262,1647446105.401564000,192.168.10.155
777,-4410,1647446105.401647000,151.101.229.16
778,-1810,1647446105.401648000,151.101.229.16
779,-4410,1647446105.401649000,151.101.229.16
780,66,1647446105.401656000,192.168.10.155
781,66,1647446105.401667000,192.168.10.155
782,66,1647446105.401673000,192.168.10.155
783,-1093,1647446105.401686000,151.101.229.16
784,-3315,1647446105.401686000,54.230.130.235
785,66,1647446105.401690000,192.168.10.155
786,66,1647446105.401696000,192.168.10.155
787,-66,1647446105.404670000,151.101.229.16
788,-2962,1647446105.404671000,151.101.229.16
789,66,1647446105.404692000,192.168.10.155
790,-1514,1647446105.404734000,151.101.229.16
791,-3884,1647446105.404735000,151.101.229.16
792,66,1647446105.404743000,192.168.10.155
793,66,1647446105.404757000,192.168.10.155
794,152,1647446105.409766000,192.168.10.155
795,164,1647446105.410749000,192.168.10.155
796,-66,1647446105.418984000,151.101.229.16
797,-66,1647446105.418985000,151.101.229.16
798,-66,1647446105.418986000,151.101.229.16
799,-2035,1647446105.418986000,151.101.229.16
800,78,1647446105.419012000,192.168.10.155
801,-2962,1647446105.419041000,151.101.229.16
802,-895,1647446105.419041000,54.230.130.235
803,-2962,1647446105.419042000,151.101.229.16
804,66,1647446105.419045000,192.168.10.155
805,66,1647446105.419054000,192.168.10.155
806,78,1647446105.419061000,192.168.10.155
807,-97,1647446105.419949000,54.230.130.235
808,-4144,1647446105.419950000,151.101.229.16
809,-2962,1647446105.419951000,151.101.229.16
810,-2962,1647446105.419952000,151.101.229.16
811,66,1647446105.419963000,192.168.10.155
812,78,1647446105.419987000,192.168.10.155
813,66,1647446105.419998000,192.168.10.155
814,66,1647446105.420004000,192.168.10.155
815,-2962,1647446105.421163000,151.101.229.16
816,-66,1647446105.421164000,151.101.229.16
817,-2962,1647446105.421165000,151.101.229.16
818,66,1647446105.421182000,192.168.10.155
819,66,1647446105.421235000,192.168.10.155
820,-2962,1647446105.422465000,151.101.229.16
821,-2962,1647446105.422466000,151.101.229.16
822,66,1647446105.422483000,192.168.10.155
823,66,1647446105.422543000,192.168.10.155
824,-2962,1647446105.423764000,151.101.229.16
825,-2962,1647446105.423766000,151.101.229.16
826,66,1647446105.423780000,192.168.10.155
827,66,1647446105.423879000,192.168.10.155
828,-2962,1647446105.425205000,151.101.229.16
829,-2962,1647446105.425207000,151.101.229.16
830,66,1647446105.425227000,192.168.10.155
831,66,1647446105.425295000,192.168.10.155
832,-2962,1647446105.426598000,151.101.229.16
833,-2962,1647446105.426601000,151.101.229.16
834,66,1647446105.426620000,192.168.10.155
835,66,1647446105.427131000,192.168.10.155
836,-2962,1647446105.427824000,151.101.229.16
837,-934,1647446105.427827000,151.101.229.16
838,-284,1647446105.427828000,151.101.229.16
839,66,1647446105.427870000,192.168.10.155
840,66,1647446105.427921000,192.168.10.155
841,66,1647446105.428616000,192.168.10.155
842,-576,1647446105.455226000,54.230.130.235
843,-1494,1647446105.455227000,54.230.130.235
844,66,1647446105.455246000,192.168.10.155
845,66,1647446105.455271000,192.168.10.155
846,-5065,1647446105.455295000,54.230.130.235
847,66,1647446105.455299000,192.168.10.155
848,-5778,1647446105.480203000,54.230.130.235
849,66,1647446105.480219000,192.168.10.155
850,-7365,1647446105.480263000,54.230.130.235
851,66,1647446105.480267000,192.168.10.155
852,159,1647446105.501051000,192.168.10.155
853,160,1647446105.501228000,192.168.10.155
854,252,1647446105.501504000,192.168.10.155
855,159,1647446105.503834000,192.168.10.155
856,160,1647446105.504678000,192.168.10.155
857,161,1647446105.506195000,192.168.10.155
858,159,1647446105.507411000,192.168.10.155
859,160,1647446105.508106000,192.168.10.155
860,239,1647446105.509284000,192.168.10.155
861,165,1647446105.509503000,192.168.10.155
862,-66,1647446105.515750000,151.101.229.16
863,-233,1647446105.515751000,151.101.229.16
864,-2137,1647446105.515752000,151.101.229.16
865,-2962,1647446105.515752000,151.101.229.16
866,66,1647446105.515780000,192.168.10.155
867,66,1647446105.515855000,192.168.10.155
868,-1557,1647446105.516732000,151.101.229.16
869,-2836,1647446105.516736000,151.101.229.16
870,-5858,1647446105.516741000,151.101.229.16
871,66,1647446105.516776000,192.168.10.155
872,-2446,1647446105.516905000,151.101.229.16
873,66,1647446105.516906000,192.168.10.155
874,-66,1647446105.516907000,151.101.229.16
875,-5858,1647446105.516912000,151.101.229.16
876,-515,1647446105.516912000,151.101.229.16
877,-5858,1647446105.517015000,151.101.229.16
878,-1050,1647446105.517018000,151.101.229.16
879,-66,1647446105.517019000,151.101.229.16
880,66,1647446105.517504000,192.168.10.155
881,-5858,1647446105.517848000,151.101.229.16
882,-2711,1647446105.517849000,151.101.229.16
883,-66,1647446105.517849000,151.101.229.16
884,-5858,1647446105.517851000,151.101.229.16
885,-1233,1647446105.517879000,151.101.229.16
886,66,1647446105.517927000,192.168.10.155
887,-66,1647446105.518198000,151.101.229.16
888,-3816,1647446105.518199000,151.101.229.16
889,66,1647446105.518213000,192.168.10.155
890,-66,1647446105.530115000,151.101.229.16
891,-66,1647446105.530116000,151.101.229.16
892,-1040,1647446105.530116000,151.101.229.16
893,-1514,1647446105.530117000,151.101.229.16
894,66,1647446105.530147000,192.168.10.155
895,-1589,1647446105.530181000,151.101.229.16
896,66,1647446105.530190000,192.168.10.155
897,240,1647446105.535937000,192.168.10.155
898,-66,1647446105.547393000,151.101.229.16
899,-2962,1647446105.547395000,151.101.229.16
900,66,1647446105.547424000,192.168.10.155
901,-11366,1647446105.547689000,151.101.229.16
902,66,1647446105.547701000,192.168.10.155
903,155,1647446105.552459000,192.168.10.155
904,-66,1647446105.562022000,151.101.229.16
905,-1344,1647446105.562022000,151.101.229.16
906,251,1647446105.565882000,192.168.10.155
907,-66,1647446105.579087000,151.101.229.16
908,-2962,1647446105.579090000,151.101.229.16
909,-1514,1647446105.579127000,151.101.229.16
910,-4410,1647446105.579129000,151.101.229.16
911,66,1647446105.579164000,192.168.10.155
912,-4410,1647446105.580610000,151.101.229.16
913,-3905,1647446105.580611000,151.101.229.16
914,66,1647446105.580628000,192.168.10.155
915,66,1647446105.580694000,192.168.10.155
916,222,1647446105.698022000,192.168.10.155
917,-66,1647446105.707950000,151.101.229.16
918,-4570,1647446105.707952000,151.101.229.16
919,66,1647446105.707988000,192.168.10.155
920,-985,1647446105.781106000,54.230.130.235
921,66,1647446105.781132000,192.168.10.155
922,-3458,1647446105.800988000,54.230.130.235
923,-9092,1647446105.800992000,54.230.130.235
924,66,1647446105.801013000,192.168.10.155
925,66,1647446105.801050000,192.168.10.155
926,-7206,1647446105.801078000,54.230.130.235
927,66,1647446105.801084000,192.168.10.155
928,-1958,1647446105.803553000,54.230.130.235
929,-16472,1647446105.803559000,54.230.130.235
930,66,1647446105.803585000,192.168.10.155
931,66,1647446105.803616000,192.168.10.155
932,-674,1647446105.803628000,54.230.130.235
933,-97,1647446105.803629000,54.230.130.235
934,66,1647446105.803636000,192.168.10.155
935,66,1647446105.803644000,192.168.10.155
936,177,1647446105.814940000,192.168.10.155
937,166,1647446105.815231000,192.168.10.155
938,74,1647446105.817209000,192.168.10.155
939,-66,1647446105.825286000,151.101.229.16
940,-66,1647446105.825288000,151.101.229.16
941,-5858,1647446105.825291000,151.101.229.16
942,-400,1647446105.825292000,151.101.229.16
943,-7306,1647446105.825298000,151.101.229.16
944,66,1647446105.825396000,192.168.10.155
945,-9263,1647446105.825533000,151.101.229.16
946,-3425,1647446105.825537000,151.101.229.16
947,66,1647446105.825562000,192.168.10.155
948,66,1647446105.825583000,192.168.10.155
949,66,1647446105.825631000,192.168.10.155
950,-16503,1647446105.828489000,151.101.229.16
951,66,1647446105.828548000,192.168.10.155
952,-32940,1647446105.828679000,151.101.229.16
953,66,1647446105.828705000,192.168.10.155
954,-1126,1647446105.829664000,151.101.229.16
955,171,1647446105.830581000,192.168.10.155
956,-66,1647446105.840110000,151.101.229.16
957,-368,1647446105.840111000,151.101.229.16
958,66,1647446105.871498000,192.168.10.155
959,66,1647446105.887504000,192.168.10.155
960,351,1647446105.919272000,192.168.10.155
961,-66,1647446105.929675000,151.101.229.16
962,-2962,1647446105.929677000,151.101.229.16
963,66,1647446105.929698000,192.168.10.155
964,-13085,1647446105.930423000,151.101.229.16
965,66,1647446105.930438000,192.168.10.155
966,-16503,1647446105.930489000,151.101.229.16
967,66,1647446105.930497000,192.168.10.155
968,-32940,1647446105.930898000,151.101.229.16
969,66,1647446105.930906000,192.168.10.155
970,-1514,1647446105.930920000,151.101.229.16
971,66,1647446105.930923000,192.168.10.155
972,-31922,1647446105.932816000,151.101.229.16
973,66,1647446105.932834000,192.168.10.155
974,-13574,1647446105.932874000,151.101.229.16
975,66,1647446105.932880000,192.168.10.155
976,-66,1647446105.936332000,52.119.174.17
977,54,1647446105.936362000,192.168.10.155
978,571,1647446105.938158000,192.168.10.155
979,235,1647446106.034120000,192.168.10.155
980,-66,1647446106.037233000,54.230.130.235
981,-3066,1647446106.038726000,54.230.130.235
982,66,1647446106.038744000,192.168.10.155
983,-60,1647446106.057046000,52.119.174.17
984,-60,1647446106.057674000,52.119.174.17
985,-5967,1647446106.060239000,52.119.174.17
986,54,1647446106.060295000,192.168.10.155
987,180,1647446106.063883000,192.168.10.155
988,177,1647446106.137477000,192.168.10.155
989,-66,1647446106.147319000,151.101.229.16
990,-1965,1647446106.147320000,151.101.229.16
991,66,1647446106.147351000,192.168.10.155
992,74,1647446106.180834000,192.168.10.155
993,-105,1647446106.183873000,52.119.174.17
994,54,1647446106.183891000,192.168.10.155
995,524,1647446106.184118000,192.168.10.155
996,-66,1647446106.301955000,52.119.169.237
997,54,1647446106.302004000,192.168.10.155
998,571,1647446106.308608000,192.168.10.155
999,74,1647446106.309322000,192.168.10.155
1000,74,1647446106.309456000,192.168.10.155
1001,-503,1647446106.325528000,52.119.174.17
1002,54,1647446106.325557000,192.168.10.155
1003,988,1647446106.344408000,192.168.10.155
1004,1312,1647446106.346462000,192.168.10.155
1005,1127,1647446106.347369000,192.168.10.155
1006,74,1647446106.359655000,192.168.10.155
1007,74,1647446106.359766000,192.168.10.155
1008,-74,1647446106.362945000,54.239.163.138
1009,66,1647446106.362976000,192.168.10.155
1010,583,1647446106.364975000,192.168.10.155
1011,149,1647446106.366238000,192.168.10.155
1012,-66,1647446106.368827000,54.239.163.138
1013,-4350,1647446106.368831000,54.239.163.138
1014,66,1647446106.368865000,192.168.10.155
1015,-1756,1647446106.371493000,54.239.163.138
1016,66,1647446106.371511000,192.168.10.155
1017,-66,1647446106.376921000,151.101.229.16
1018,-4590,1647446106.376923000,151.101.229.16
1019,66,1647446106.377031000,192.168.10.155
1020,130,1647446106.383779000,192.168.10.155
1021,236,1647446106.384017000,192.168.10.155
1022,385,1647446106.384143000,192.168.10.155
1023,-66,1647446106.387005000,54.239.163.138
1024,-66,1647446106.387006000,54.239.163.138
1025,-2922,1647446106.388694000,54.239.163.138
1026,78,1647446106.388714000,192.168.10.155
1027,-6902,1647446106.388762000,54.239.163.138
1028,78,1647446106.388768000,192.168.10.155
1029,-137,1647446106.391838000,54.239.163.138
1030,66,1647446106.391873000,192.168.10.155
1031,97,1647446106.391960000,192.168.10.155
1032,-66,1647446106.392933000,54.230.130.235
1033,-66,1647446106.395285000,54.239.163.138
1034,105,1647446106.399675000,192.168.10.155
1035,105,1647446106.399796000,192.168.10.155
1036,105,1647446106.399895000,192.168.10.155
1037,112,1647446106.399952000,192.168.10.155
1038,85,1647446106.400106000,192.168.10.155
1039,54,1647446106.400129000,192.168.10.155
1040,97,1647446106.400313000,192.168.10.155
1041,66,1647446106.400325000,192.168.10.155
1042,90,1647446106.401062000,192.168.10.155
1043,66,1647446106.401091000,192.168.10.155
1044,90,1647446106.401506000,192.168.10.155
1045,66,1647446106.401529000,192.168.10.155
1046,97,1647446106.401761000,192.168.10.155
1047,66,1647446106.401879000,192.168.10.155
1048,90,1647446106.402126000,192.168.10.155
1049,66,1647446106.402153000,192.168.10.155
1050,74,1647446106.402555000,192.168.10.155
1051,74,1647446106.403089000,192.168.10.155
1052,74,1647446106.403572000,192.168.10.155
1053,-66,1647446106.404233000,54.230.130.7
1054,-66,1647446106.404234000,54.239.163.138
1055,-66,1647446106.404235000,54.230.130.15
1056,66,1647446106.404297000,192.168.10.155
1057,-66,1647446106.404882000,54.230.130.7
1058,-66,1647446106.404882000,54.230.130.7
1059,-66,1647446106.404883000,54.239.163.138
1060,66,1647446106.404916000,192.168.10.155
1061,66,1647446106.404941000,192.168.10.155
1062,-66,1647446106.409648000,151.101.229.16
1063,-66,1647446106.409649000,151.101.229.16
1064,-66,1647446106.410698000,151.101.229.16
1065,-66,1647446106.410700000,151.101.229.16
1066,-66,1647446106.410700000,151.101.229.16
1067,-66,1647446106.410700000,151.101.229.16
1068,-90,1647446106.410701000,151.101.229.16
1069,-66,1647446106.410701000,151.101.229.16
1070,54,1647446106.410874000,192.168.10.155
1071,54,1647446106.410988000,192.168.10.155
1072,54,1647446106.411020000,192.168.10.155
1073,-74,1647446106.413364000,151.101.229.16
1074,-74,1647446106.413369000,151.101.229.16
1075,-74,1647446106.413369000,151.101.229.16
1076,66,1647446106.413474000,192.168.10.155
1077,66,1647446106.413558000,192.168.10.155
1078,66,1647446106.413583000,192.168.10.155
1079,-66,1647446106.420442000,52.94.176.11
1080,54,1647446106.420478000,192.168.10.155
1081,-60,1647446106.422647000,52.119.169.237
1082,-66,1647446106.422648000,52.94.176.11
1083,54,1647446106.422679000,192.168.10.155
1084,583,1647446106.424450000,192.168.10.155
1085,-60,1647446106.431547000,52.119.169.237
1086,-6025,1647446106.433193000,52.119.169.237
1087,54,1647446106.433271000,192.168.10.155
1088,583,1647446106.433971000,192.168.10.155
1089,-66,1647446106.434548000,151.101.229.16
1090,-2962,1647446106.436209000,151.101.229.16
1091,-2585,1647446106.436210000,151.101.229.16
1092,66,1647446106.436232000,192.168.10.155
1093,66,1647446106.436265000,192.168.10.155
1094,583,1647446106.438940000,192.168.10.155
1095,-66,1647446106.444108000,151.101.229.16
1096,-2962,1647446106.446218000,151.101.229.16
1097,-2585,1647446106.446223000,151.101.229.16
1098,66,1647446106.446312000,192.168.10.155
1099,66,1647446106.446397000,192.168.10.155
1100,-66,1647446106.448124000,151.101.229.16
1101,54,1647446106.448163000,192.168.10.155
1102,571,1647446106.448282000,192.168.10.155
1103,-66,1647446106.449252000,151.101.229.16
1104,-2962,1647446106.450936000,151.101.229.16
1105,66,1647446106.450952000,192.168.10.155
1106,-2585,1647446106.451172000,151.101.229.16
1107,66,1647446106.451180000,192.168.10.155
1108,180,1647446106.453659000,192.168.10.155
1109,-670,1647446106.454240000,54.230.130.235
1110,-97,1647446106.454240000,54.230.130.235
1111,66,1647446106.454261000,192.168.10.155
1112,66,1647446106.454276000,192.168.10.155
1113,105,1647446106.455394000,192.168.10.155
1114,-66,1647446106.458400000,54.230.130.235
1115,571,1647446106.458629000,192.168.10.155
1116,74,1647446106.462716000,192.168.10.155
1117,74,1647446106.462827000,192.168.10.155
1118,74,1647446106.462903000,192.168.10.155
1119,-66,1647446106.464907000,52.94.176.11
1120,54,1647446106.465038000,192.168.10.155
1121,-66,1647446106.471656000,34.216.180.159
1122,-74,1647446106.472990000,151.101.229.16
1123,-74,1647446106.472991000,151.101.229.16
1124,-74,1647446106.472992000,151.101.229.16
1125,66,1647446106.473025000,192.168.10.155
1126,66,1647446106.473050000,192.168.10.155
1127,66,1647446106.473058000,192.168.10.155
1128,-249,1647446106.475385000,34.216.180.159
1129,-104,1647446106.475386000,34.216.180.159
1130,66,1647446106.475497000,192.168.10.155
1131,66,1647446106.475589000,192.168.10.155
1132,90,1647446106.483203000,192.168.10.155
1133,66,1647446106.483244000,192.168.10.155
1134,74,1647446106.483749000,192.168.10.155
1135,74,1647446106.483826000,192.168.10.155
1136,-66,1647446106.486394000,54.230.130.235
1137,-66,1647446106.486395000,54.230.130.235
1138,66,1647446106.486429000,192.168.10.155
1139,-235,1647446106.488306000,34.216.180.159
1140,-104,1647446106.488308000,34.216.180.159
1141,66,1647446106.488332000,192.168.10.155
1142,66,1647446106.488348000,192.168.10.155
1143,571,1647446106.489812000,192.168.10.155
1144,-66,1647446106.494551000,54.230.130.235
1145,-74,1647446106.494554000,54.230.130.235
1146,66,1647446106.494603000,192.168.10.155
1147,583,1647446106.508306000,192.168.10.155
1148,583,1647446106.515336000,192.168.10.155
1149,-66,1647446106.518512000,151.101.229.16
1150,-60,1647446106.518513000,52.119.174.17
1151,54,1647446106.518555000,192.168.10.155
1152,583,1647446106.518634000,192.168.10.155
1153,112,1647446106.521422000,192.168.10.155
1154,-2962,1647446106.521498000,151.101.229.16
1155,-2585,1647446106.521499000,151.101.229.16
1156,66,1647446106.521516000,192.168.10.155
1157,66,1647446106.521530000,192.168.10.155
1158,-66,1647446106.525644000,151.101.229.16
1159,-2962,1647446106.527610000,151.101.229.16
1160,-2585,1647446106.527611000,151.101.229.16
1161,66,1647446106.527630000,192.168.10.155
1162,66,1647446106.527663000,192.168.10.155
1163,-66,1647446106.529077000,151.101.229.16
1164,74,1647446106.530105000,192.168.10.155
1165,-60,1647446106.531577000,52.94.176.11
1166,-2962,1647446106.531584000,151.101.229.16
1167,-2585,1647446106.531586000,151.101.229.16
1168,66,1647446106.531617000,192.168.10.155
1169,66,1647446106.531645000,192.168.10.155
1170,97,1647446106.533181000,192.168.10.155
1171,66,1647446106.533215000,192.168.10.155
1172,-60,1647446106.537040000,52.94.176.11
1173,583,1647446106.547804000,192.168.10.155
1174,-66,1647446106.551845000,54.230.130.235
1175,-4350,1647446106.551847000,54.230.130.235
1176,66,1647446106.551876000,192.168.10.155
1177,-1037,1647446106.554181000,54.230.130.235
1178,66,1647446106.554206000,192.168.10.155
1179,-60,1647446106.559299000,52.94.176.11
1180,-6090,1647446106.561480000,52.94.176.11
1181,54,1647446106.561509000,192.168.10.155
1182,-60,1647446106.568334000,52.94.176.11
1183,-60,1647446106.572993000,52.94.176.11
1184,-105,1647446106.575113000,52.119.169.237
1185,-6090,1647446106.575119000,52.94.176.11
1186,54,1647446106.575186000,192.168.10.155
1187,54,1647446106.575230000,192.168.10.155
1188,180,1647446106.603214000,192.168.10.155
1189,-74,1647446106.603860000,34.216.180.159
1190,66,1647446106.603895000,192.168.10.155
1191,-60,1647446106.611876000,52.94.176.11
1192,-6090,1647446106.614046000,52.94.176.11
1193,54,1647446106.614095000,192.168.10.155
1194,180,1647446106.620273000,192.168.10.155
1195,130,1647446106.624522000,192.168.10.155
1196,-66,1647446106.634284000,151.101.229.16
1197,-66,1647446106.634285000,52.94.176.11
1198,54,1647446106.634316000,192.168.10.155
1199,180,1647446106.635018000,192.168.10.155
1200,130,1647446106.635556000,192.168.10.155
1201,130,1647446106.636916000,192.168.10.155
1202,617,1647446106.637957000,192.168.10.155
1203,236,1647446106.638229000,192.168.10.155
1204,421,1647446106.638258000,192.168.10.155
1205,-66,1647446106.645038000,151.101.229.16
1206,-66,1647446106.647611000,151.101.229.16
1207,-66,1647446106.647612000,151.101.229.16
1208,-125,1647446106.647612000,151.101.229.16
1209,66,1647446106.647676000,192.168.10.155
1210,-4410,1647446106.648727000,151.101.229.16
1211,-4410,1647446106.648735000,151.101.229.16
1212,-4410,1647446106.648747000,151.101.229.16
1213,66,1647446106.648798000,192.168.10.155
1214,66,1647446106.648863000,192.168.10.155
1215,66,1647446106.648878000,192.168.10.155
1216,583,1647446106.649045000,192.168.10.155
1217,-3426,1647446106.650280000,151.101.229.16
1218,-802,1647446106.650282000,151.101.229.16
1219,66,1647446106.650327000,192.168.10.155
1220,66,1647446106.650361000,192.168.10.155
1221,158,1647446106.653118000,192.168.10.155
1222,97,1647446106.655051000,192.168.10.155
1223,-66,1647446106.659327000,34.216.180.159
1224,66,1647446106.659349000,192.168.10.155
1225,-66,1647446106.663062000,151.101.229.16
1226,-5858,1647446106.663071000,151.101.229.16
1227,-2962,1647446106.663074000,151.101.229.16
1228,66,1647446106.663177000,192.168.10.155
1229,66,1647446106.663268000,192.168.10.155
1230,-2962,1647446106.663359000,151.101.229.16
1231,66,1647446106.663373000,192.168.10.155
1232,158,1647446106.665358000,192.168.10.155
1233,-5858,1647446106.666702000,151.101.229.16
1234,-5858,1647446106.666707000,151.101.229.16
1235,-676,1647446106.666906000,151.101.229.16
1236,-66,1647446106.666908000,151.101.229.16
1237,66,1647446106.668475000,192.168.10.155
1238,253,1647446106.671955000,192.168.10.155
1239,157,1647446106.672066000,192.168.10.155
1240,253,1647446106.672107000,192.168.10.155
1241,-66,1647446106.675423000,151.101.229.16
1242,-5858,1647446106.675425000,151.101.229.16
1243,-1514,1647446106.675456000,151.101.229.16
1244,571,1647446106.675861000,192.168.10.155
1245,-7306,1647446106.676684000,151.101.229.16
1246,-5858,1647446106.676687000,151.101.229.16
1247,-1514,1647446106.677355000,151.101.229.16
1248,-390,1647446106.677357000,151.101.229.16
1249,-66,1647446106.681607000,151.101.229.16
1250,-125,1647446106.681608000,151.101.229.16
1251,-66,1647446106.681608000,151.101.229.16
1252,-125,1647446106.681608000,151.101.229.16
1253,-66,1647446106.681608000,151.101.229.16
1254,66,1647446106.681654000,192.168.10.155
1255,66,1647446106.681687000,192.168.10.155
1256,-8754,1647446106.683135000,151.101.229.16
1257,-7339,1647446106.683145000,151.101.229.16
1258,-8754,1647446106.684167000,151.101.229.16
1259,-3559,1647446106.684170000,151.101.229.16
1260,130,1647446106.686704000,192.168.10.155
1261,66,1647446106.695580000,192.168.10.155
1262,90,1647446106.696415000,192.168.10.155
1263,66,1647446106.696444000,192.168.10.155
1264,90,1647446106.696554000,192.168.10.155
1265,66,1647446106.696566000,192.168.10.155
1266,130,1647446106.697815000,192.168.10.155
1267,-66,1647446106.699960000,151.101.229.16
1268,-66,1647446106.706427000,151.101.229.16
1269,-66,1647446106.706428000,151.101.229.16
1270,-90,1647446106.706747000,151.101.229.16
1271,-66,1647446106.706748000,151.101.229.16
1272,-66,1647446106.706748000,151.101.229.16
1273,-90,1647446106.706748000,151.101.229.16
1274,-66,1647446106.706749000,151.101.229.16
1275,-66,1647446106.706749000,151.101.229.16
1276,54,1647446106.706773000,192.168.10.155
1277,54,1647446106.706804000,192.168.10.155
1278,54,1647446106.706810000,192.168.10.155
1279,54,1647446106.706816000,192.168.10.155
1280,54,1647446106.706820000,192.168.10.155
1281,-66,1647446106.709018000,151.101.229.16
1282,-105,1647446106.713983000,52.94.176.11
1283,54,1647446106.714049000,192.168.10.155
1284,130,1647446106.720298000,192.168.10.155
1285,130,1647446106.728732000,192.168.10.155
1286,-66,1647446106.730082000,151.101.229.16
1287,157,1647446106.731033000,192.168.10.155
1288,253,1647446106.732768000,192.168.10.155
1289,253,1647446106.732796000,192.168.10.155
1290,-66,1647446106.732829000,54.230.130.235
1291,-128,1647446106.732830000,54.230.130.235
1292,66,1647446106.732844000,192.168.10.155
1293,253,1647446106.732859000,192.168.10.155
1294,158,1647446106.733198000,192.168.10.155
1295,236,1647446106.734379000,192.168.10.155
1296,770,1647446106.734403000,192.168.10.155
1297,157,1647446106.734860000,192.168.10.155
1298,1494,1647446106.735196000,192.168.10.155
1299,129,1647446106.735201000,192.168.10.155
1300,90,1647446106.735348000,192.168.10.155
1301,66,1647446106.735360000,192.168.10.155
1302,90,1647446106.735413000,192.168.10.155
1303,66,1647446106.735420000,192.168.10.155
1304,90,1647446106.735460000,192.168.10.155
1305,66,1647446106.735512000,192.168.10.155
1306,97,1647446106.737044000,192.168.10.155
1307,-105,1647446106.737693000,52.94.176.11
1308,-66,1647446106.737693000,54.230.130.235
1309,54,1647446106.737717000,192.168.10.155
1310,74,1647446106.737807000,192.168.10.155
1311,-97,1647446106.738375000,54.230.130.235
1312,-105,1647446106.738375000,52.94.176.11
1313,-66,1647446106.738376000,54.230.130.235
1314,66,1647446106.738388000,192.168.10.155
1315,54,1647446106.738404000,192.168.10.155
1316,639,1647446106.739176000,192.168.10.155
1317,-60,1647446106.739778000,52.94.176.11
1318,-66,1647446106.739779000,54.230.130.235
1319,-66,1647446106.740992000,151.101.229.16
1320,-14546,1647446106.740997000,151.101.229.16
1321,66,1647446106.741030000,192.168.10.155
1322,-1530,1647446106.742081000,151.101.229.16
1323,-13567,1647446106.742094000,151.101.229.16
1324,66,1647446106.742117000,192.168.10.155
1325,66,1647446106.742141000,192.168.10.155
1326,-66,1647446106.742156000,151.101.229.16
1327,-125,1647446106.742156000,151.101.229.16
1328,-66,1647446106.742157000,151.101.229.16
1329,-125,1647446106.742157000,151.101.229.16
1330,-66,1647446106.742157000,151.101.229.16
1331,-125,1647446106.742157000,151.101.229.16
1332,54,1647446106.742186000,192.168.10.155
1333,54,1647446106.742208000,192.168.10.155
1334,54,1647446106.742222000,192.168.10.155
1335,-66,1647446106.743338000,151.101.229.16
1336,-14546,1647446106.743342000,151.101.229.16
1337,66,1647446106.743370000,192.168.10.155
1338,-1718,1647446106.743405000,151.101.229.16
1339,66,1647446106.743409000,192.168.10.155
1340,-1790,1647446106.744081000,151.101.229.16
1341,-66,1647446106.744083000,151.101.229.16
1342,66,1647446106.744138000,192.168.10.155
1343,-14546,1647446106.745490000,151.101.229.16
1344,66,1647446106.745534000,192.168.10.155
1345,-66,1647446106.745598000,151.101.229.16
1346,-90,1647446106.745598000,151.101.229.16
1347,-66,1647446106.745599000,151.101.229.16
1348,-90,1647446106.745599000,151.101.229.16
1349,-66,1647446106.745599000,151.101.229.16
1350,-66,1647446106.745600000,151.101.229.16
1351,-66,1647446106.745600000,151.101.229.16
1352,-66,1647446106.745600000,151.101.229.16
1353,54,1647446106.745641000,192.168.10.155
1354,54,1647446106.745670000,192.168.10.155
1355,54,1647446106.745678000,192.168.10.155
1356,54,1647446106.745687000,192.168.10.155
1357,54,1647446106.745694000,192.168.10.155
1358,54,1647446106.745707000,192.168.10.155
1359,54,1647446106.745714000,192.168.10.155
1360,54,1647446106.745721000,192.168.10.155
1361,-66,1647446106.745741000,151.101.229.16
1362,-66,1647446106.745741000,151.101.229.16
1363,-66,1647446106.745741000,151.101.229.16
1364,-1515,1647446106.745742000,151.101.229.16
1365,54,1647446106.745747000,192.168.10.155
1366,54,1647446106.745753000,192.168.10.155
1367,54,1647446106.745759000,192.168.10.155
1368,66,1647446106.745771000,192.168.10.155
1369,1514,1647446106.748839000,192.168.10.155
1370,1514,1647446106.748858000,192.168.10.155
1371,1514,1647446106.748866000,192.168.10.155
1372,1514,1647446106.748868000,192.168.10.155
1373,267,1647446106.749113000,192.168.10.155
1374,272,1647446106.749203000,192.168.10.155
1375,1514,1647446106.749660000,192.168.10.155
1376,897,1647446106.749666000,192.168.10.155
1377,-1678,1647446106.750423000,151.101.229.16
1378,66,1647446106.750437000,192.168.10.155
1379,-66,1647446106.753545000,54.230.130.235
1380,-66,1647446106.765606000,34.216.180.159
1381,-439,1647446106.765607000,52.119.169.237
1382,54,1647446106.765633000,192.168.10.155
1383,85,1647446106.765955000,192.168.10.155
1384,54,1647446106.765977000,192.168.10.155
1385,-2962,1647446106.768132000,34.216.180.159
1386,66,1647446106.768146000,192.168.10.155
1387,-2615,1647446106.768173000,34.216.180.159
1388,66,1647446106.768180000,192.168.10.155
1389,192,1647446106.773849000,192.168.10.155
1390,-60,1647446106.781237000,52.94.176.11
1391,-2974,1647446106.783169000,52.94.176.11
1392,54,1647446106.783180000,192.168.10.155
1393,-3170,1647446106.783238000,52.94.176.11
1394,54,1647446106.783243000,192.168.10.155
1395,180,1647446106.788239000,192.168.10.155
1396,-669,1647446106.844508000,54.230.130.235
1397,-97,1647446106.844509000,54.230.130.235
1398,-670,1647446106.844510000,54.230.130.235
1399,-97,1647446106.844510000,54.230.130.235
1400,66,1647446106.844539000,192.168.10.155
1401,66,1647446106.844568000,192.168.10.155
1402,66,1647446106.844583000,192.168.10.155
1403,66,1647446106.844587000,192.168.10.155
1404,-669,1647446106.845532000,54.230.130.235
1405,-97,1647446106.845533000,54.230.130.235
1406,-669,1647446106.845533000,54.230.130.235
1407,-97,1647446106.845534000,54.230.130.235
1408,-669,1647446106.845534000,54.230.130.235
1409,-97,1647446106.845534000,54.230.130.235
1410,66,1647446106.845567000,192.168.10.155
1411,-669,1647446106.846082000,54.230.130.235
1412,66,1647446106.846132000,192.168.10.155
1413,-97,1647446106.846669000,54.230.130.235
1414,-670,1647446106.846670000,54.230.130.235
1415,-97,1647446106.846670000,54.230.130.235
1416,66,1647446106.847363000,192.168.10.155
1417,-668,1647446106.848998000,54.230.130.235
1418,-97,1647446106.848999000,54.230.130.235
1419,66,1647446106.849216000,192.168.10.155
1420,-66,1647446106.851283000,52.94.176.11
1421,54,1647446106.851308000,192.168.10.155
1422,-60,1647446106.852889000,52.94.176.11
1423,571,1647446106.854899000,192.168.10.155
1424,-671,1647446106.857013000,54.230.130.235
1425,-97,1647446106.857015000,54.230.130.235
1426,-669,1647446106.857015000,54.230.130.235
