index,size,time,ip
0,236,1647313556.236972000,192.168.10.155
1,630,1647313556.237015000,192.168.10.155
2,74,1647313556.237326000,192.168.10.155
3,97,1647313556.237754000,192.168.10.155
4,-74,1647313556.247161000,54.239.168.127
5,-66,1647313556.247162000,54.230.130.235
6,-66,1647313556.247162000,54.230.130.235
7,66,1647313556.247197000,192.168.10.155
8,-66,1647313556.249063000,54.230.130.235
9,-97,1647313556.249064000,54.230.130.235
10,66,1647313556.249086000,192.168.10.155
11,583,1647313556.252716000,192.168.10.155
12,-66,1647313556.264147000,54.239.168.127
13,-1494,1647313556.264772000,54.239.168.127
14,66,1647313556.264798000,192.168.10.155
15,-1494,1647313556.264872000,54.239.168.127
16,66,1647313556.264879000,192.168.10.155
17,-1208,1647313556.266672000,54.239.168.127
18,66,1647313556.266688000,192.168.10.155
19,130,1647313556.272470000,192.168.10.155
20,518,1647313556.272618000,192.168.10.155
21,-66,1647313556.275275000,54.239.168.127
22,-66,1647313556.275276000,54.239.168.127
23,-675,1647313556.275848000,54.239.168.127
24,66,1647313556.275861000,192.168.10.155
25,90,1647313556.276143000,192.168.10.155
26,66,1647313556.276165000,192.168.10.155
27,-90,1647313556.276652000,54.239.168.127
28,54,1647313556.276675000,192.168.10.155
29,74,1647313556.277837000,192.168.10.155
30,-74,1647313556.280766000,54.239.168.127
31,66,1647313556.280817000,192.168.10.155
32,583,1647313556.287479000,192.168.10.155
33,-66,1647313556.290792000,54.239.168.127
34,-1494,1647313556.291461000,54.239.168.127
35,66,1647313556.291490000,192.168.10.155
36,-1494,1647313556.291539000,54.239.168.127
37,66,1647313556.291547000,192.168.10.155
38,-1208,1647313556.293177000,54.239.168.127
39,66,1647313556.293183000,192.168.10.155
40,130,1647313556.296453000,192.168.10.155
41,517,1647313556.296611000,192.168.10.155
42,-66,1647313556.299261000,54.239.168.127
43,-66,1647313556.299262000,54.239.168.127
44,-772,1647313556.299613000,54.239.168.127
45,66,1647313556.299627000,192.168.10.155
46,-90,1647313556.299703000,54.239.168.127
47,90,1647313556.300020000,192.168.10.155
48,66,1647313556.300050000,192.168.10.155
49,-60,1647313556.302497000,54.239.168.127
50,-60,1647313556.302498000,54.239.168.127
51,-1175,1647313556.447892000,54.230.130.235
52,66,1647313556.447906000,192.168.10.155
53,-1494,1647313556.448107000,54.230.130.235
54,66,1647313556.448117000,192.168.10.155
55,-3461,1647313556.448362000,54.230.130.235
56,66,1647313556.448368000,192.168.10.155
57,-2922,1647313556.463377000,54.230.130.235
58,66,1647313556.463410000,192.168.10.155
59,-4106,1647313556.463828000,54.230.130.235
60,66,1647313556.463842000,192.168.10.155
61,74,1647313556.524107000,192.168.10.155
62,74,1647313556.524371000,192.168.10.155
63,74,1647313556.524544000,192.168.10.155
64,-74,1647313556.527253000,54.230.129.136
65,-74,1647313556.527256000,54.230.129.136
66,66,1647313556.527374000,192.168.10.155
67,74,1647313556.527439000,192.168.10.155
68,66,1647313556.527448000,192.168.10.155
69,-74,1647313556.527501000,54.230.129.136
70,66,1647313556.527534000,192.168.10.155
71,-74,1647313556.529813000,54.230.129.136
72,66,1647313556.529837000,192.168.10.155
73,583,1647313556.530211000,192.168.10.155
74,583,1647313556.532302000,192.168.10.155
75,-66,1647313556.533107000,54.230.129.136
76,-1494,1647313556.534042000,54.230.129.136
77,66,1647313556.534064000,192.168.10.155
78,-1494,1647313556.534112000,54.230.129.136
79,66,1647313556.534119000,192.168.10.155
80,-1494,1647313556.534755000,54.230.129.136
81,66,1647313556.534768000,192.168.10.155
82,583,1647313556.534954000,192.168.10.155
83,-66,1647313556.535716000,54.230.129.136
84,-997,1647313556.535810000,54.230.129.136
85,66,1647313556.535842000,192.168.10.155
86,-2922,1647313556.536751000,54.230.129.136
87,66,1647313556.536767000,192.168.10.155
88,-1494,1647313556.537387000,54.230.129.136
89,66,1647313556.537400000,192.168.10.155
90,-66,1647313556.537888000,54.230.129.136
91,-997,1647313556.538435000,54.230.129.136
92,66,1647313556.538446000,192.168.10.155
93,-2922,1647313556.539063000,54.230.129.136
94,66,1647313556.539072000,192.168.10.155
95,-1494,1647313556.539658000,54.230.129.136
96,66,1647313556.539661000,192.168.10.155
97,-997,1647313556.540411000,54.230.129.136
98,66,1647313556.540416000,192.168.10.155
99,583,1647313556.540541000,192.168.10.155
100,74,1647313556.540766000,192.168.10.155
101,74,1647313556.541741000,192.168.10.155
102,-74,1647313556.543381000,54.230.129.136
103,66,1647313556.543404000,192.168.10.155
104,-66,1647313556.543613000,54.230.129.136
105,130,1647313556.544587000,192.168.10.155
106,-74,1647313556.544588000,54.230.130.93
107,66,1647313556.544602000,192.168.10.155
108,-1494,1647313556.544720000,54.230.129.136
109,66,1647313556.544725000,192.168.10.155
110,-2922,1647313556.545385000,54.230.129.136
111,66,1647313556.545390000,192.168.10.155
112,-997,1647313556.546200000,54.230.129.136
113,66,1647313556.546205000,192.168.10.155
114,583,1647313556.546991000,192.168.10.155
115,-66,1647313556.547025000,54.230.129.136
116,-128,1647313556.547140000,54.230.129.136
117,66,1647313556.547147000,192.168.10.155
118,130,1647313556.548046000,192.168.10.155
119,236,1647313556.549006000,192.168.10.155
120,-66,1647313556.550017000,54.230.129.136
121,-66,1647313556.550395000,54.230.129.136
122,-128,1647313556.551303000,54.230.129.136
123,66,1647313556.551381000,192.168.10.155
124,-1494,1647313556.551573000,54.230.129.136
125,66,1647313556.551626000,192.168.10.155
126,-2922,1647313556.551783000,54.230.129.136
127,-66,1647313556.551785000,54.230.129.136
128,-97,1647313556.551785000,54.230.129.136
129,66,1647313556.551819000,192.168.10.155
130,66,1647313556.551853000,192.168.10.155
131,284,1647313556.552734000,192.168.10.155
132,-997,1647313556.553308000,54.230.129.136
133,66,1647313556.553323000,192.168.10.155
134,130,1647313556.555209000,192.168.10.155
135,97,1647313556.555343000,192.168.10.155
136,897,1647313556.555687000,192.168.10.155
137,236,1647313556.555730000,192.168.10.155
138,253,1647313556.555751000,192.168.10.155
139,97,1647313556.556807000,192.168.10.155
140,670,1647313556.557130000,192.168.10.155
141,178,1647313556.557517000,192.168.10.155
142,-66,1647313556.557799000,54.230.130.93
143,-1494,1647313556.557802000,54.230.130.93
144,66,1647313556.557817000,192.168.10.155
145,-1494,1647313556.558349000,54.230.130.93
146,-66,1647313556.558350000,54.230.129.136
147,-66,1647313556.558350000,54.230.129.136
148,-128,1647313556.558351000,54.230.129.136
149,-66,1647313556.558351000,54.230.129.136
150,-66,1647313556.558351000,54.230.129.136
151,66,1647313556.558363000,192.168.10.155
152,66,1647313556.558379000,192.168.10.155
153,90,1647313556.558617000,192.168.10.155
154,66,1647313556.558630000,192.168.10.155
155,-97,1647313556.558675000,54.230.129.136
156,-1122,1647313556.558676000,54.230.130.93
157,-66,1647313556.558676000,54.230.129.136
158,-97,1647313556.558676000,54.230.129.136
159,66,1647313556.558681000,192.168.10.155
160,66,1647313556.558687000,192.168.10.155
161,54,1647313556.558699000,192.168.10.155
162,130,1647313556.558784000,192.168.10.155
163,-66,1647313556.559295000,54.230.129.136
164,-66,1647313556.559407000,54.230.129.136
165,-1494,1647313556.559708000,54.230.129.136
166,66,1647313556.559711000,192.168.10.155
167,-11490,1647313556.560026000,54.230.129.136
168,66,1647313556.560029000,192.168.10.155
169,159,1647313556.560324000,192.168.10.155
170,130,1647313556.560568000,192.168.10.155
171,253,1647313556.560765000,192.168.10.155
172,169,1647313556.560935000,192.168.10.155
173,253,1647313556.561029000,192.168.10.155
174,-3620,1647313556.561046000,54.230.129.136
175,-12063,1647313556.561049000,54.230.129.136
176,66,1647313556.561061000,192.168.10.155
177,66,1647313556.561070000,192.168.10.155
178,332,1647313556.561408000,192.168.10.155
179,-66,1647313556.562049000,54.230.129.136
180,-66,1647313556.562049000,54.230.129.136
181,54,1647313556.562071000,192.168.10.155
182,54,1647313556.562090000,192.168.10.155
183,-1494,1647313556.562168000,54.230.129.136
184,66,1647313556.562175000,192.168.10.155
185,-15044,1647313556.563985000,54.230.129.136
186,66,1647313556.564007000,192.168.10.155
187,-16472,1647313556.564065000,54.230.129.136
188,66,1647313556.564078000,192.168.10.155
189,-7206,1647313556.564106000,54.230.129.136
190,-2922,1647313556.564107000,54.230.129.136
191,-66,1647313556.564107000,54.230.129.136
192,66,1647313556.564116000,192.168.10.155
193,66,1647313556.564121000,192.168.10.155
194,-128,1647313556.564131000,54.230.129.136
195,66,1647313556.564133000,192.168.10.155
196,-66,1647313556.564172000,54.230.129.136
197,-66,1647313556.564173000,54.230.129.136
198,-97,1647313556.564173000,54.230.129.136
199,-66,1647313556.564173000,54.230.130.93
200,-66,1647313556.564174000,54.230.129.136
201,-128,1647313556.564174000,54.230.129.136
202,66,1647313556.564184000,192.168.10.155
203,66,1647313556.564191000,192.168.10.155
204,-66,1647313556.564303000,54.230.129.136
205,-237,1647313556.564304000,54.230.130.93
206,-97,1647313556.564304000,54.230.129.136
207,-66,1647313556.564304000,54.230.129.136
208,66,1647313556.564314000,192.168.10.155
209,66,1647313556.564324000,192.168.10.155
210,90,1647313556.564623000,192.168.10.155
211,66,1647313556.564696000,192.168.10.155
212,90,1647313556.565079000,192.168.10.155
213,66,1647313556.565156000,192.168.10.155
214,-1494,1647313556.565808000,54.230.129.136
215,-1494,1647313556.565923000,54.230.129.136
216,66,1647313556.565946000,192.168.10.155
217,547,1647313556.566425000,192.168.10.155
218,-13616,1647313556.568131000,54.230.129.136
219,-30083,1647313556.568284000,54.230.129.136
220,-66,1647313556.568418000,54.230.129.136
221,-66,1647313556.568419000,54.230.129.136
222,-2588,1647313556.568420000,54.230.129.136
223,-2922,1647313556.568422000,54.230.129.136
224,66,1647313556.568478000,192.168.10.155
225,78,1647313556.568521000,192.168.10.155
226,78,1647313556.568528000,192.168.10.155
227,66,1647313556.568585000,192.168.10.155
228,-12918,1647313556.568970000,54.230.129.136
229,78,1647313556.568994000,192.168.10.155
230,-7206,1647313556.569055000,54.230.129.136
231,-1494,1647313556.569056000,54.230.129.136
232,-5778,1647313556.569059000,54.230.129.136
233,78,1647313556.569072000,192.168.10.155
234,78,1647313556.569084000,192.168.10.155
235,78,1647313556.569091000,192.168.10.155
236,-1494,1647313556.569135000,54.230.129.136
237,-1494,1647313556.569136000,54.230.129.136
238,-1494,1647313556.569137000,54.230.129.136
239,-1858,1647313556.569138000,54.230.129.136
240,-8968,1647313556.569153000,54.230.129.136
241,78,1647313556.569160000,192.168.10.155
242,78,1647313556.569167000,192.168.10.155
243,78,1647313556.569172000,192.168.10.155
244,78,1647313556.569176000,192.168.10.155
245,66,1647313556.569180000,192.168.10.155
246,-66,1647313556.569189000,54.230.129.136
247,-66,1647313556.569190000,54.230.129.136
248,-66,1647313556.569190000,54.230.129.136
249,66,1647313556.569215000,192.168.10.155
250,-66,1647313556.569409000,54.230.130.93
251,-1069,1647313556.570167000,54.230.130.93
252,66,1647313556.570184000,192.168.10.155
253,-1494,1647313556.571108000,54.230.129.136
254,66,1647313556.571123000,192.168.10.155
255,-1494,1647313556.571207000,54.230.129.136
256,66,1647313556.571211000,192.168.10.155
257,-12554,1647313556.572112000,54.230.129.136
258,66,1647313556.572124000,192.168.10.155
259,-11490,1647313556.572582000,54.230.129.136
260,66,1647313556.572590000,192.168.10.155
261,-2950,1647313556.572636000,54.230.129.136
262,66,1647313556.572639000,192.168.10.155
263,570,1647313556.582162000,192.168.10.155
264,-66,1647313556.585703000,54.230.130.93
265,-1832,1647313556.585705000,54.230.130.93
266,66,1647313556.585872000,192.168.10.155
267,74,1647313556.603436000,192.168.10.155
268,-74,1647313556.606102000,54.230.130.56
269,66,1647313556.606138000,192.168.10.155
270,282,1647313556.606350000,192.168.10.155
271,-66,1647313556.609193000,54.230.130.56
272,-1494,1647313556.609860000,54.230.130.56
273,66,1647313556.609882000,192.168.10.155
274,-1494,1647313556.609957000,54.230.130.56
275,66,1647313556.609961000,192.168.10.155
276,-1109,1647313556.613440000,54.230.130.56
277,66,1647313556.613458000,192.168.10.155
278,159,1647313556.614865000,192.168.10.155
279,-66,1647313556.617577000,54.230.130.56
280,-237,1647313556.617925000,54.230.130.56
281,66,1647313556.617964000,192.168.10.155
282,-135,1647313556.618020000,54.230.130.56
283,66,1647313556.618030000,192.168.10.155
284,243,1647313556.618944000,192.168.10.155
285,104,1647313556.619233000,192.168.10.155
286,-66,1647313556.621546000,54.230.130.56
287,-104,1647313556.621546000,54.230.130.56
288,66,1647313556.621564000,192.168.10.155
289,-66,1647313556.622345000,54.230.130.56
290,-193,1647313556.657535000,52.38.118.33
291,66,1647313556.657574000,192.168.10.155
292,74,1647313556.663252000,192.168.10.155
293,-74,1647313556.665877000,54.230.130.22
294,66,1647313556.665915000,192.168.10.155
295,284,1647313556.666261000,192.168.10.155
296,-66,1647313556.669394000,54.230.130.22
297,-1494,1647313556.669736000,54.230.130.22
298,66,1647313556.669756000,192.168.10.155
299,-1494,1647313556.669811000,54.230.130.22
300,66,1647313556.669816000,192.168.10.155
301,-1122,1647313556.671239000,54.230.130.22
302,66,1647313556.671245000,192.168.10.155
303,159,1647313556.673925000,192.168.10.155
304,-66,1647313556.676314000,54.230.130.22
305,-237,1647313556.676618000,54.230.130.22
306,66,1647313556.676629000,192.168.10.155
307,535,1647313556.677839000,192.168.10.155
308,-1605,1647313556.678552000,54.230.130.235
309,66,1647313556.678566000,192.168.10.155
310,-1494,1647313556.679788000,54.230.130.235
311,66,1647313556.679813000,192.168.10.155
312,-1494,1647313556.679869000,54.230.130.235
313,66,1647313556.679874000,192.168.10.155
314,-6481,1647313556.681158000,54.230.130.235
315,66,1647313556.681170000,192.168.10.155
316,-66,1647313556.681764000,54.230.130.22
317,-1623,1647313556.681765000,54.230.130.22
318,66,1647313556.681790000,192.168.10.155
319,-2922,1647313556.682568000,54.230.130.235
320,66,1647313556.682580000,192.168.10.155
321,-6236,1647313556.683016000,54.230.130.235
322,66,1647313556.683028000,192.168.10.155
323,587,1647313556.741741000,192.168.10.155
324,-66,1647313556.744739000,54.230.130.22
325,-1494,1647313556.745222000,54.230.130.22
326,66,1647313556.745228000,192.168.10.155
327,-925,1647313556.745272000,54.230.130.22
328,66,1647313556.745277000,192.168.10.155
329,-4350,1647313556.776160000,54.230.130.235
330,66,1647313556.776174000,192.168.10.155
331,-1494,1647313556.776324000,54.230.130.235
332,66,1647313556.776327000,192.168.10.155
333,-3386,1647313556.776601000,54.230.130.235
334,66,1647313556.776604000,192.168.10.155
335,-2922,1647313556.777433000,54.230.130.235
336,66,1647313556.777450000,192.168.10.155
337,-6565,1647313556.778299000,54.230.130.235
338,-9092,1647313556.778301000,54.230.130.235
339,66,1647313556.778309000,192.168.10.155
340,66,1647313556.778331000,192.168.10.155
341,-2922,1647313556.780379000,54.230.130.235
342,66,1647313556.780400000,192.168.10.155
343,-6242,1647313556.781648000,54.230.130.235
344,-16472,1647313556.781667000,54.230.130.235
345,66,1647313556.781737000,192.168.10.155
346,66,1647313556.781824000,192.168.10.155
347,-3401,1647313556.781877000,54.230.130.235
348,66,1647313556.781897000,192.168.10.155
349,174,1647313556.790701000,192.168.10.155
350,174,1647313556.792329000,192.168.10.155
351,169,1647313556.793079000,192.168.10.155
352,219,1647313556.793689000,192.168.10.155
353,-1494,1647313556.793702000,54.230.129.136
354,66,1647313556.793719000,192.168.10.155
355,-1494,1647313556.793820000,54.230.129.136
356,66,1647313556.793827000,192.168.10.155
357,-5628,1647313556.795020000,54.230.129.136
358,66,1647313556.795035000,192.168.10.155
359,-844,1647313556.795853000,54.230.129.136
360,66,1647313556.795874000,192.168.10.155
361,1284,1647313556.796377000,192.168.10.155
362,-2922,1647313556.796460000,54.230.129.136
363,66,1647313556.796477000,192.168.10.155
364,-2720,1647313556.797433000,54.230.129.136
365,-7206,1647313556.797434000,54.230.129.136
366,66,1647313556.797457000,192.168.10.155
367,66,1647313556.797492000,192.168.10.155
368,188,1647313556.799076000,192.168.10.155
369,-2922,1647313556.800243000,54.230.129.136
370,66,1647313556.800263000,192.168.10.155
371,-6476,1647313556.800429000,54.230.129.136
372,-15867,1647313556.800431000,54.230.129.136
373,66,1647313556.800442000,192.168.10.155
374,66,1647313556.800455000,192.168.10.155
375,180,1647313556.801325000,192.168.10.155
376,-2922,1647313556.802197000,54.230.129.136
377,66,1647313556.802274000,192.168.10.155
378,-13616,1647313556.803567000,54.230.129.136
379,66,1647313556.803585000,192.168.10.155
380,-16472,1647313556.803629000,54.230.129.136
381,66,1647313556.803636000,192.168.10.155
382,-32878,1647313556.803694000,54.230.129.136
383,66,1647313556.803697000,192.168.10.155
384,-8634,1647313556.803711000,54.230.129.136
385,66,1647313556.803713000,192.168.10.155
386,191,1647313556.803754000,192.168.10.155
387,180,1647313556.804244000,192.168.10.155
388,183,1647313556.804343000,192.168.10.155
389,-32910,1647313556.805810000,54.230.129.136
390,66,1647313556.805822000,192.168.10.155
391,-41478,1647313556.805906000,54.230.129.136
392,66,1647313556.805912000,192.168.10.155
393,-15774,1647313556.808054000,54.230.129.136
394,66,1647313556.808069000,192.168.10.155
395,-41478,1647313556.808155000,54.230.129.136
396,66,1647313556.808159000,192.168.10.155
397,-22914,1647313556.808206000,54.230.129.136
398,66,1647313556.808216000,192.168.10.155
399,-41478,1647313556.810059000,54.230.129.136
400,66,1647313556.810069000,192.168.10.155
401,-22914,1647313556.810129000,54.230.129.136
402,66,1647313556.810138000,192.168.10.155
403,-35766,1647313556.810203000,54.230.129.136
404,66,1647313556.810209000,192.168.10.155
405,-11490,1647313556.810244000,54.230.129.136
406,66,1647313556.810252000,192.168.10.155
407,-66,1647313556.810266000,54.230.129.136
408,-2922,1647313556.810267000,54.230.129.136
409,66,1647313556.810281000,192.168.10.155
410,-11490,1647313556.810717000,54.230.129.136
411,66,1647313556.810728000,192.168.10.155
412,-2922,1647313556.811804000,54.230.129.136
413,-58614,1647313556.811818000,54.230.129.136
414,66,1647313556.811845000,192.168.10.155
415,66,1647313556.811872000,192.168.10.155
416,-5778,1647313556.811926000,54.230.129.136
417,-24342,1647313556.811932000,54.230.129.136
418,66,1647313556.811937000,192.168.10.155
419,66,1647313556.811943000,192.168.10.155
420,-37194,1647313556.812823000,54.230.129.136
421,66,1647313556.812839000,192.168.10.155
422,-2922,1647313556.812865000,54.230.129.136
423,66,1647313556.812868000,192.168.10.155
424,-55228,1647313556.814202000,54.230.129.136
425,66,1647313556.814228000,192.168.10.155
426,74,1647313556.825659000,192.168.10.155
427,-74,1647313556.828296000,54.230.130.56
428,66,1647313556.828332000,192.168.10.155
429,282,1647313556.828471000,192.168.10.155
430,-66,1647313556.831348000,54.230.130.56
431,-1494,1647313556.831947000,54.230.130.56
432,66,1647313556.831968000,192.168.10.155
433,-1494,1647313556.832064000,54.230.130.56
434,66,1647313556.832067000,192.168.10.155
435,-1109,1647313556.833677000,54.230.130.56
436,66,1647313556.833690000,192.168.10.155
437,159,1647313556.835808000,192.168.10.155
438,-66,1647313556.838158000,54.230.130.56
439,-237,1647313556.838495000,54.230.130.56
440,66,1647313556.838503000,192.168.10.155
441,-135,1647313556.838609000,54.230.130.56
442,66,1647313556.838612000,192.168.10.155
443,243,1647313556.838959000,192.168.10.155
444,413,1647313556.838984000,192.168.10.155
445,104,1647313556.840765000,192.168.10.155
446,-66,1647313556.841511000,54.230.130.56
447,-66,1647313556.841511000,54.230.130.56
448,-104,1647313556.841613000,54.230.130.56
449,66,1647313556.841618000,192.168.10.155
450,-395,1647313556.842253000,54.230.130.56
451,66,1647313556.842260000,192.168.10.155
452,-66,1647313556.842921000,54.230.130.56
453,-2922,1647313556.876841000,54.230.130.235
454,66,1647313556.876860000,192.168.10.155
455,-2922,1647313556.880372000,54.230.130.235
456,66,1647313556.880394000,192.168.10.155
457,-3380,1647313556.880592000,54.230.130.235
458,-16472,1647313556.880596000,54.230.130.235
459,66,1647313556.880612000,192.168.10.155
460,66,1647313556.880631000,192.168.10.155
461,-1758,1647313556.880659000,54.230.130.235
462,-5332,1647313556.880661000,54.230.130.235
463,66,1647313556.880667000,192.168.10.155
464,66,1647313556.880674000,192.168.10.155
465,-274,1647313556.884077000,54.230.130.235
466,66,1647313556.884098000,192.168.10.155
467,211,1647313556.891210000,192.168.10.155
468,198,1647313556.892821000,192.168.10.155
469,175,1647313556.893783000,192.168.10.155
470,-1494,1647313556.893979000,54.230.129.136
471,-1494,1647313556.894079000,54.230.129.136
472,66,1647313556.894088000,192.168.10.155
473,173,1647313556.894403000,192.168.10.155
474,-8460,1647313556.894787000,54.230.129.136
475,66,1647313556.894805000,192.168.10.155
476,204,1647313556.895425000,192.168.10.155
477,-2922,1647313556.895606000,54.230.129.136
478,201,1647313556.895624000,192.168.10.155
479,-2092,1647313556.895719000,54.230.129.136
480,66,1647313556.895725000,192.168.10.155
481,-2922,1647313556.896873000,54.230.129.136
482,66,1647313556.896900000,192.168.10.155
483,-11490,1647313556.897428000,54.230.129.136
484,66,1647313556.897441000,192.168.10.155
485,-2192,1647313556.897495000,54.230.129.136
486,-2841,1647313556.897496000,54.230.129.136
487,66,1647313556.897504000,192.168.10.155
488,66,1647313556.897514000,192.168.10.155
489,-1687,1647313556.898087000,54.230.129.136
490,66,1647313556.898116000,192.168.10.155
491,-66,1647313556.898162000,54.230.129.136
492,-2473,1647313556.898802000,54.230.129.136
493,66,1647313556.898814000,192.168.10.155
494,-1494,1647313556.899696000,54.230.129.136
495,-1289,1647313556.899806000,54.230.129.136
496,66,1647313556.899817000,192.168.10.155
497,-8634,1647313556.900758000,54.230.129.136
498,66,1647313556.900776000,192.168.10.155
499,-2901,1647313556.901059000,54.230.129.136
500,66,1647313556.901068000,192.168.10.155
501,171,1647313556.921096000,192.168.10.155
502,-2922,1647313556.925883000,54.230.129.136
503,66,1647313556.925917000,192.168.10.155
504,-4203,1647313556.926245000,54.230.129.136
505,-97,1647313556.926246000,54.230.129.136
506,66,1647313556.926256000,192.168.10.155
507,74,1647313556.929943000,192.168.10.155
508,200,1647313556.931088000,192.168.10.155
509,-74,1647313556.932506000,54.230.129.136
510,66,1647313556.932532000,192.168.10.155
511,-1494,1647313556.933740000,54.230.129.136
512,-1494,1647313556.933849000,54.230.129.136
513,66,1647313556.933857000,192.168.10.155
514,-13616,1647313556.934890000,54.230.129.136
515,66,1647313556.934902000,192.168.10.155
516,-16472,1647313556.934958000,54.230.129.136
517,66,1647313556.934962000,192.168.10.155
518,583,1647313556.936221000,192.168.10.155
519,-18814,1647313556.936306000,54.230.129.136
520,66,1647313556.936342000,192.168.10.155
521,-66,1647313556.939125000,54.230.129.136
522,-1494,1647313556.939971000,54.230.129.136
523,66,1647313556.939984000,192.168.10.155
524,-1494,1647313556.940100000,54.230.129.136
525,66,1647313556.940105000,192.168.10.155
526,-1494,1647313556.940364000,54.230.129.136
527,66,1647313556.940371000,192.168.10.155
528,-997,1647313556.941907000,54.230.129.136
529,66,1647313556.941911000,192.168.10.155
530,130,1647313556.945020000,192.168.10.155
531,253,1647313556.945270000,192.168.10.155
532,-66,1647313556.947454000,54.230.129.136
533,-66,1647313556.947533000,54.230.129.136
534,-128,1647313556.947821000,54.230.129.136
535,-97,1647313556.947821000,54.230.129.136
536,66,1647313556.947863000,192.168.10.155
537,66,1647313556.947920000,192.168.10.155
538,90,1647313556.948426000,192.168.10.155
539,66,1647313556.948507000,192.168.10.155
540,-66,1647313556.950731000,54.230.129.136
541,-66,1647313556.950821000,54.230.129.136
542,66,1647313556.950834000,192.168.10.155
543,-66,1647313556.951683000,54.230.129.136
544,74,1647313556.953122000,192.168.10.155
545,-74,1647313557.064132000,54.148.152.248
546,66,1647313557.064169000,192.168.10.155
547,583,1647313557.068289000,192.168.10.155
548,112,1647313557.127597000,192.168.10.155
549,97,1647313557.127775000,192.168.10.155
550,66,1647313557.127801000,192.168.10.155
551,97,1647313557.128167000,192.168.10.155
552,66,1647313557.128185000,192.168.10.155
553,-66,1647313557.130172000,54.230.130.56
554,-66,1647313557.130173000,54.230.130.22
555,-66,1647313557.130510000,54.230.130.22
556,-66,1647313557.130510000,54.230.130.56
557,-66,1647313557.130511000,54.230.130.56
558,66,1647313557.130534000,192.168.10.155
559,66,1647313557.130575000,192.168.10.155
560,74,1647313557.133629000,192.168.10.155
561,-74,1647313557.136452000,54.230.130.22
562,66,1647313557.136483000,192.168.10.155
563,284,1647313557.136691000,192.168.10.155
564,-66,1647313557.139534000,54.230.130.22
565,-1494,1647313557.140579000,54.230.130.22
566,66,1647313557.140599000,192.168.10.155
567,-1494,1647313557.140693000,54.230.130.22
568,66,1647313557.140697000,192.168.10.155
569,-1122,1647313557.142623000,54.230.130.22
570,66,1647313557.142631000,192.168.10.155
571,159,1647313557.144307000,192.168.10.155
572,-66,1647313557.146767000,54.230.130.22
573,-237,1647313557.146867000,54.230.130.22
574,66,1647313557.146880000,192.168.10.155
575,590,1647313557.147472000,192.168.10.155
576,-66,1647313557.150033000,54.230.130.22
577,-1494,1647313557.150501000,54.230.130.22
578,66,1647313557.150514000,192.168.10.155
579,-660,1647313557.150633000,54.230.130.22
580,66,1647313557.150642000,192.168.10.155
581,74,1647313557.157297000,192.168.10.155
582,-74,1647313557.160194000,54.230.130.56
583,66,1647313557.160238000,192.168.10.155
584,282,1647313557.160525000,192.168.10.155
585,-66,1647313557.163381000,54.230.130.56
586,-2922,1647313557.164357000,54.230.130.56
587,66,1647313557.164392000,192.168.10.155
588,-1109,1647313557.166959000,54.230.130.56
589,66,1647313557.166977000,192.168.10.155
590,159,1647313557.170328000,192.168.10.155
591,-66,1647313557.172772000,54.230.130.56
592,-237,1647313557.173110000,54.230.130.56
593,-135,1647313557.173110000,54.230.130.56
594,66,1647313557.173127000,192.168.10.155
595,66,1647313557.173152000,192.168.10.155
596,-66,1647313557.178885000,54.148.152.248
597,97,1647313557.179751000,192.168.10.155
598,66,1647313557.179788000,192.168.10.155
599,243,1647313557.180110000,192.168.10.155
600,112,1647313557.180428000,192.168.10.155
601,-2962,1647313557.182148000,54.148.152.248
602,66,1647313557.182266000,192.168.10.155
603,-2615,1647313557.182591000,54.148.152.248
604,-66,1647313557.182592000,54.230.130.22
605,-66,1647313557.182592000,54.230.130.22
606,-66,1647313557.182592000,54.230.130.56
607,66,1647313557.182604000,192.168.10.155
608,66,1647313557.182626000,192.168.10.155
609,97,1647313557.184300000,192.168.10.155
610,66,1647313557.184349000,192.168.10.155
611,-104,1647313557.184897000,54.230.130.56
612,-66,1647313557.184898000,54.230.130.56
613,54,1647313557.184951000,192.168.10.155
614,54,1647313557.184979000,192.168.10.155
615,-66,1647313557.186703000,54.230.130.56
616,54,1647313557.186723000,192.168.10.155
617,-66,1647313557.186800000,54.230.130.56
618,54,1647313557.186804000,192.168.10.155
619,192,1647313557.191023000,192.168.10.155
620,74,1647313557.225892000,192.168.10.155
621,-74,1647313557.229397000,54.239.168.112
622,66,1647313557.229412000,192.168.10.155
623,291,1647313557.229541000,192.168.10.155
624,-148,1647313557.230255000,54.230.130.235
625,66,1647313557.230264000,192.168.10.155
626,-66,1647313557.232815000,54.239.168.112
627,-1494,1647313557.233086000,54.239.168.112
628,66,1647313557.233111000,192.168.10.155
629,-1494,1647313557.233189000,54.239.168.112
630,66,1647313557.233194000,192.168.10.155
631,-1100,1647313557.235706000,54.239.168.112
632,66,1647313557.235748000,192.168.10.155
633,159,1647313557.238753000,192.168.10.155
634,-66,1647313557.241269000,54.239.168.112
635,-237,1647313557.242182000,54.239.168.112
636,66,1647313557.242196000,192.168.10.155
637,514,1647313557.242667000,192.168.10.155
638,-66,1647313557.245046000,54.239.168.112
639,-1494,1647313557.245599000,54.239.168.112
640,66,1647313557.245610000,192.168.10.155
641,-884,1647313557.245706000,54.239.168.112
642,66,1647313557.245714000,192.168.10.155
643,-324,1647313557.302383000,54.148.152.248
644,-135,1647313557.302384000,54.148.152.248
645,66,1647313557.302406000,192.168.10.155
646,66,1647313557.302432000,192.168.10.155
647,-371,1647313557.357239000,54.230.130.235
648,66,1647313557.357256000,192.168.10.155
649,-1494,1647313557.365062000,54.230.130.235
650,66,1647313557.365117000,192.168.10.155
651,-1494,1647313557.365206000,54.230.130.235
652,66,1647313557.365222000,192.168.10.155
653,-6478,1647313557.366803000,54.230.130.235
654,66,1647313557.366818000,192.168.10.155
655,-10983,1647313557.367586000,54.230.130.235
656,66,1647313557.367621000,192.168.10.155
657,-2922,1647313557.378304000,54.230.130.235
658,66,1647313557.378317000,192.168.10.155
659,-13616,1647313557.378889000,54.230.130.235
660,66,1647313557.378897000,192.168.10.155
661,-1709,1647313557.378908000,54.230.130.235
662,66,1647313557.378910000,192.168.10.155
663,-16472,1647313557.379100000,54.230.130.235
664,66,1647313557.379103000,192.168.10.155
665,-10747,1647313557.379119000,54.230.130.235
666,66,1647313557.379121000,192.168.10.155
667,243,1647313557.394251000,192.168.10.155
668,506,1647313557.394283000,192.168.10.155
669,104,1647313557.394759000,192.168.10.155
670,158,1647313557.409212000,192.168.10.155
671,158,1647313557.409782000,192.168.10.155
672,159,1647313557.410366000,192.168.10.155
673,159,1647313557.411351000,192.168.10.155
674,158,1647313557.412159000,192.168.10.155
675,-66,1647313557.412657000,54.230.129.136
676,-1494,1647313557.413617000,54.230.129.136
677,-1137,1647313557.413701000,54.230.129.136
678,66,1647313557.413716000,192.168.10.155
679,-97,1647313557.414329000,54.230.129.136
680,-1016,1647313557.414329000,54.230.129.136
681,-97,1647313557.414330000,54.230.129.136
682,66,1647313557.414542000,192.168.10.155
683,74,1647313557.414804000,192.168.10.155
684,-795,1647313557.415606000,54.230.129.136
685,-97,1647313557.415608000,54.230.129.136
686,66,1647313557.415874000,192.168.10.155
687,-1297,1647313557.416148000,54.230.129.136
688,-97,1647313557.416188000,54.230.129.136
689,66,1647313557.416396000,192.168.10.155
690,-1478,1647313557.417444000,54.230.129.136
691,-74,1647313557.417529000,54.230.129.136
692,66,1647313557.417561000,192.168.10.155
693,159,1647313557.418062000,192.168.10.155
694,-97,1647313557.418418000,54.230.129.136
695,583,1647313557.421945000,192.168.10.155
696,159,1647313557.422177000,192.168.10.155
697,198,1647313557.422396000,192.168.10.155
698,162,1647313557.422649000,192.168.10.155
699,-1077,1647313557.423193000,54.230.129.136
700,-97,1647313557.423194000,54.230.129.136
701,66,1647313557.423403000,192.168.10.155
702,-66,1647313557.424533000,54.230.129.136
703,-66,1647313557.424631000,54.230.129.136
704,-698,1647313557.425273000,54.230.129.136
705,189,1647313557.425652000,192.168.10.155
706,185,1647313557.425956000,192.168.10.155
707,-1194,1647313557.426698000,54.230.129.136
708,-97,1647313557.426699000,54.230.129.136
709,66,1647313557.426920000,192.168.10.155
710,-4350,1647313557.427269000,54.230.129.136
711,-7206,1647313557.427271000,54.230.129.136
712,66,1647313557.427298000,192.168.10.155
713,66,1647313557.427314000,192.168.10.155
714,-1790,1647313557.427329000,54.230.129.136
715,-97,1647313557.427330000,54.230.129.136
716,66,1647313557.427334000,192.168.10.155
717,-2559,1647313557.428379000,54.230.129.136
718,66,1647313557.428405000,192.168.10.155
719,-997,1647313557.428989000,54.230.129.136
720,-1494,1647313557.428990000,54.230.129.136
721,66,1647313557.429003000,192.168.10.155
722,-3651,1647313557.429568000,54.230.129.136
723,66,1647313557.429581000,192.168.10.155
724,130,1647313557.438394000,192.168.10.155
725,253,1647313557.438704000,192.168.10.155
726,-66,1647313557.440894000,54.230.129.136
727,-128,1647313557.440989000,54.230.129.136
728,-66,1647313557.440989000,54.230.129.136
729,66,1647313557.441003000,192.168.10.155
730,90,1647313557.441155000,192.168.10.155
731,66,1647313557.441180000,192.168.10.155
732,-97,1647313557.441788000,54.230.129.136
733,54,1647313557.441815000,192.168.10.155
734,-66,1647313557.443904000,54.230.129.136
735,54,1647313557.443920000,192.168.10.155
736,-66,1647313557.443999000,54.230.129.136
737,54,1647313557.444005000,192.168.10.155
738,155,1647313557.458775000,192.168.10.155
739,244,1647313557.459034000,192.168.10.155
740,-1494,1647313557.461640000,54.230.129.136
741,-1494,1647313557.461772000,54.230.129.136
742,66,1647313557.461779000,192.168.10.155
743,-5901,1647313557.462862000,54.230.129.136
744,66,1647313557.462867000,192.168.10.155
745,-16472,1647313557.463931000,54.230.129.136
746,66,1647313557.463947000,192.168.10.155
747,-518,1647313557.463989000,54.230.129.136
748,-16472,1647313557.463992000,54.230.130.235
749,66,1647313557.464003000,192.168.10.155
750,-979,1647313557.464011000,54.230.129.136
751,-100,1647313557.464011000,54.230.130.235
752,66,1647313557.464015000,192.168.10.155
753,-1494,1647313557.464506000,54.230.130.235
754,66,1647313557.464516000,192.168.10.155
755,-1494,1647313557.464642000,54.230.130.235
756,66,1647313557.464649000,192.168.10.155
757,66,1647313557.465462000,192.168.10.155
758,-7976,1647313557.465576000,54.230.130.235
759,-9935,1647313557.465578000,54.230.130.235
760,66,1647313557.465587000,192.168.10.155
761,66,1647313557.465593000,192.168.10.155
762,-66,1647313557.504673000,54.148.152.248
763,-104,1647313557.504759000,54.148.152.248
764,66,1647313557.504770000,192.168.10.155
765,-236,1647313557.506558000,54.148.152.248
766,66,1647313557.506579000,192.168.10.155
767,-104,1647313557.506654000,54.148.152.248
768,66,1647313557.506660000,192.168.10.155
769,178,1647313557.507096000,192.168.10.155
770,169,1647313557.508231000,192.168.10.155
771,-937,1647313557.510218000,54.230.129.136
772,183,1647313557.510226000,192.168.10.155
773,182,1647313557.510716000,192.168.10.155
774,169,1647313557.511192000,192.168.10.155
775,-2922,1647313557.511479000,54.230.129.136
776,66,1647313557.511500000,192.168.10.155
777,-2676,1647313557.512694000,54.230.129.136
778,66,1647313557.512716000,192.168.10.155
779,-1494,1647313557.512769000,54.230.129.136
780,-3582,1647313557.513684000,54.230.129.136
781,66,1647313557.513705000,192.168.10.155
782,-16472,1647313557.515127000,54.230.129.136
783,66,1647313557.515170000,192.168.10.155
784,-32878,1647313557.515285000,54.230.129.136
785,66,1647313557.515296000,192.168.10.155
786,-1889,1647313557.515309000,54.230.129.136
787,66,1647313557.515312000,192.168.10.155
788,-4699,1647313557.515392000,54.230.129.136
789,66,1647313557.515400000,192.168.10.155
790,66,1647313557.551533000,192.168.10.155
791,155,1647313557.558909000,192.168.10.155
792,-2922,1647313557.564042000,54.230.129.136
793,66,1647313557.564074000,192.168.10.155
794,-13616,1647313557.565929000,54.230.129.136
795,66,1647313557.565955000,192.168.10.155
796,-5840,1647313557.565985000,54.230.129.136
797,66,1647313557.565989000,192.168.10.155
798,158,1647313557.715527000,192.168.10.155
799,-4350,1647313557.722884000,54.230.129.136
800,66,1647313557.722906000,192.168.10.155
801,-12188,1647313557.724010000,54.230.129.136
802,66,1647313557.724020000,192.168.10.155
803,-680,1647313557.724035000,54.230.129.136
804,66,1647313557.724039000,192.168.10.155
805,194,1647313557.757999000,192.168.10.155
806,181,1647313557.758646000,192.168.10.155
807,-66,1647313557.761025000,54.230.129.136
808,-11490,1647313557.762113000,54.230.129.136
809,66,1647313557.762127000,192.168.10.155
810,-5048,1647313557.762212000,54.230.129.136
811,-4350,1647313557.762213000,54.230.129.136
812,66,1647313557.762219000,192.168.10.155
813,66,1647313557.762223000,192.168.10.155
814,-27198,1647313557.763303000,54.230.129.136
815,66,1647313557.763322000,192.168.10.155
816,-5611,1647313557.763617000,54.230.129.136
817,-4912,1647313557.763618000,54.230.129.136
818,66,1647313557.763631000,192.168.10.155
819,66,1647313557.763647000,192.168.10.155
820,202,1647313557.918371000,192.168.10.155
821,-1494,1647313557.921364000,54.230.129.136
822,66,1647313557.921396000,192.168.10.155
823,-587,1647313557.921446000,54.230.129.136
824,66,1647313557.921473000,192.168.10.155
825,155,1647313557.929108000,192.168.10.155
826,-1410,1647313557.932200000,54.230.129.136
827,66,1647313557.932230000,192.168.10.155
828,-1612,1647313557.962599000,54.230.130.235
829,66,1647313557.962618000,192.168.10.155
830,-1494,1647313557.965999000,54.230.130.235
831,66,1647313557.966090000,192.168.10.155
832,-1494,1647313557.966192000,54.230.130.235
833,66,1647313557.966197000,192.168.10.155
834,-5467,1647313557.966479000,54.230.130.235
835,66,1647313557.966505000,192.168.10.155
836,-1494,1647313557.967961000,54.230.130.235
837,66,1647313557.967984000,192.168.10.155
838,-1494,1647313557.968044000,54.230.130.235
839,66,1647313557.968050000,192.168.10.155
840,-11603,1647313557.968969000,54.230.130.235
841,66,1647313557.969043000,192.168.10.155
842,-1494,1647313557.975549000,54.230.130.235
843,66,1647313557.975577000,192.168.10.155
844,-1494,1647313557.975629000,54.230.130.235
845,66,1647313557.975634000,192.168.10.155
846,-13616,1647313557.976503000,54.230.130.235
847,66,1647313557.976514000,192.168.10.155
848,-1709,1647313557.976542000,54.230.130.235
849,66,1647313557.976548000,192.168.10.155
850,-11490,1647313557.976947000,54.230.130.235
851,66,1647313557.976954000,192.168.10.155
852,-5048,1647313557.977057000,54.230.130.235
853,-2981,1647313557.977058000,54.230.130.235
854,66,1647313557.977066000,192.168.10.155
855,66,1647313557.977075000,192.168.10.155
856,-1571,1647313557.986095000,54.230.130.235
857,66,1647313557.986144000,192.168.10.155
858,159,1647313557.991593000,192.168.10.155
859,159,1647313557.992025000,192.168.10.155
860,160,1647313557.992150000,192.168.10.155
861,160,1647313557.993007000,192.168.10.155
862,160,1647313557.994315000,192.168.10.155
863,-66,1647313557.994814000,54.230.129.136
864,-333,1647313557.995675000,54.230.130.235
865,66,1647313557.995691000,192.168.10.155
866,-2922,1647313557.997076000,54.230.129.136
867,66,1647313557.997107000,192.168.10.155
868,-3006,1647313557.997924000,54.230.129.136
869,-97,1647313557.997925000,54.230.129.136
870,-4697,1647313557.997927000,54.230.129.136
871,66,1647313557.997954000,192.168.10.155
872,66,1647313557.997982000,192.168.10.155
873,-97,1647313557.998010000,54.230.129.136
874,-4101,1647313557.998012000,54.230.129.136
875,-97,1647313557.998012000,54.230.129.136
876,66,1647313557.998028000,192.168.10.155
877,66,1647313557.998656000,192.168.10.155
878,-2922,1647313557.998844000,54.230.129.136
879,66,1647313557.998853000,192.168.10.155
880,-3283,1647313557.999625000,54.230.129.136
881,-97,1647313557.999628000,54.230.129.136
882,-2097,1647313557.999629000,54.230.129.136
883,66,1647313557.999677000,192.168.10.155
884,66,1647313557.999731000,192.168.10.155
885,160,1647313558.001707000,192.168.10.155
886,-2808,1647313558.005356000,54.230.129.136
887,-2986,1647313558.005362000,54.230.129.136
888,66,1647313558.005430000,192.168.10.155
889,66,1647313558.005494000,192.168.10.155
890,160,1647313558.005598000,192.168.10.155
891,160,1647313558.007557000,192.168.10.155
892,253,1647313558.008077000,192.168.10.155
893,-1494,1647313558.009273000,54.230.129.136
894,-2111,1647313558.009391000,54.230.129.136
895,66,1647313558.009401000,192.168.10.155
896,160,1647313558.009929000,192.168.10.155
897,-2107,1647313558.010177000,54.230.129.136
898,-97,1647313558.010177000,54.230.129.136
899,66,1647313558.010191000,192.168.10.155
900,-66,1647313558.011244000,54.230.129.136
901,159,1647313558.011309000,192.168.10.155
902,-3355,1647313558.012789000,54.230.129.136
903,66,1647313558.012809000,192.168.10.155
904,-5370,1647313558.014094000,54.230.129.136
905,-97,1647313558.014096000,54.230.129.136
906,-907,1647313558.014096000,54.230.129.136
907,-3718,1647313558.014098000,54.230.129.136
908,66,1647313558.014121000,192.168.10.155
909,66,1647313558.014153000,192.168.10.155
910,-97,1647313558.014162000,54.230.129.136
911,-3075,1647313558.014389000,54.230.129.136
912,-97,1647313558.014391000,54.230.129.136
913,66,1647313558.014408000,192.168.10.155
914,-1494,1647313558.015534000,54.230.129.136
915,66,1647313558.015570000,192.168.10.155
916,-639,1647313558.015611000,54.230.129.136
917,-1207,1647313558.016221000,54.230.129.136
918,66,1647313558.016233000,192.168.10.155
919,159,1647313558.020098000,192.168.10.155
920,160,1647313558.020297000,192.168.10.155
921,159,1647313558.020738000,192.168.10.155
922,159,1647313558.021027000,192.168.10.155
923,160,1647313558.023480000,192.168.10.155
924,-66,1647313558.023542000,54.230.129.136
925,-66,1647313558.023543000,54.230.129.136
926,159,1647313558.024123000,192.168.10.155
927,-2922,1647313558.024793000,54.230.129.136
928,66,1647313558.024815000,192.168.10.155
929,-2474,1647313558.025936000,54.230.129.136
930,-97,1647313558.025936000,54.230.129.136
931,-5411,1647313558.025938000,54.230.129.136
932,-97,1647313558.025938000,54.230.129.136
933,66,1647313558.025960000,192.168.10.155
934,66,1647313558.025987000,192.168.10.155
935,160,1647313558.026148000,192.168.10.155
936,-2066,1647313558.026350000,54.230.129.136
937,-3251,1647313558.026353000,54.230.129.136
938,-97,1647313558.026353000,54.230.129.136
939,-2922,1647313558.026354000,54.230.129.136
940,66,1647313558.026375000,192.168.10.155
941,66,1647313558.026388000,192.168.10.155
942,-2433,1647313558.026433000,54.230.129.136
943,-97,1647313558.026434000,54.230.129.136
944,66,1647313558.026514000,192.168.10.155
945,160,1647313558.027006000,192.168.10.155
946,-2067,1647313558.028127000,54.230.129.136
947,-1494,1647313558.028128000,54.230.129.136
948,66,1647313558.028153000,192.168.10.155
949,-2103,1647313558.029241000,54.230.129.136
950,-97,1647313558.029242000,54.230.129.136
951,66,1647313558.029262000,192.168.10.155
952,-4984,1647313558.030432000,54.230.129.136
953,-1435,1647313558.030434000,54.230.129.136
954,-1494,1647313558.031374000,54.230.129.136
955,-2086,1647313558.031525000,54.230.129.136
956,-2914,1647313558.032533000,54.230.129.136
957,-5816,1647313558.032537000,54.230.129.136
958,-97,1647313558.032537000,54.230.129.136
959,66,1647313558.038457000,192.168.10.155
960,160,1647313558.038802000,192.168.10.155
961,184,1647313558.038918000,192.168.10.155
962,168,1647313558.038994000,192.168.10.155
963,178,1647313558.039232000,192.168.10.155
964,239,1647313558.039489000,192.168.10.155
965,167,1647313558.039790000,192.168.10.155
966,167,1647313558.040082000,192.168.10.155
967,167,1647313558.041606000,192.168.10.155
968,-66,1647313558.041609000,54.230.129.136
969,-1494,1647313558.041724000,54.230.129.136
970,169,1647313558.042508000,192.168.10.155
971,-15044,1647313558.042684000,54.230.129.136
972,66,1647313558.042702000,192.168.10.155
973,-679,1647313558.042741000,54.230.129.136
974,-6732,1647313558.042742000,54.230.129.136
975,66,1647313558.042756000,192.168.10.155
976,-1200,1647313558.043535000,54.230.129.136
977,-8117,1647313558.043538000,54.230.129.136
978,66,1647313558.043555000,192.168.10.155
979,66,1647313558.043580000,192.168.10.155
980,164,1647313558.043914000,192.168.10.155
981,-66,1647313558.044105000,54.230.129.136
982,-3406,1647313558.044106000,54.230.129.136
983,66,1647313558.044134000,192.168.10.155
984,164,1647313558.044477000,192.168.10.155
985,-66,1647313558.044690000,54.230.129.136
986,164,1647313558.044706000,192.168.10.155
987,263,1647313558.045177000,192.168.10.155
988,164,1647313558.045305000,192.168.10.155
989,-2922,1647313558.047134000,54.230.129.136
990,66,1647313558.047202000,192.168.10.155
991,-1520,1647313558.048259000,54.230.129.136
992,-97,1647313558.048260000,54.230.129.136
993,-2008,1647313558.048261000,54.230.129.136
994,-97,1647313558.048261000,54.230.129.136
995,-3979,1647313558.048262000,54.230.129.136
996,66,1647313558.048282000,192.168.10.155
997,-97,1647313558.048325000,54.230.129.136
998,-2582,1647313558.048326000,54.230.129.136
999,-97,1647313558.048326000,54.230.129.136
1000,-1494,1647313558.048842000,54.230.129.136
1001,-2435,1647313558.048988000,54.230.129.136
1002,-97,1647313558.048988000,54.230.129.136
1003,-3514,1647313558.049371000,54.230.129.136
1004,-97,1647313558.049371000,54.230.129.136
1005,66,1647313558.049399000,192.168.10.155
1006,-3757,1647313558.050037000,54.230.129.136
1007,-97,1647313558.050038000,54.230.129.136
1008,66,1647313558.050080000,192.168.10.155
1009,-1494,1647313558.050855000,54.230.129.136
1010,-1373,1647313558.050921000,54.230.129.136
1011,66,1647313558.050949000,192.168.10.155
1012,-3795,1647313558.051595000,54.230.129.136
1013,-97,1647313558.051597000,54.230.129.136
1014,66,1647313558.051631000,192.168.10.155
1015,-1134,1647313558.051900000,54.230.129.136
1016,-2349,1647313558.051900000,54.230.129.136
1017,-97,1647313558.051901000,54.230.129.136
1018,66,1647313558.051911000,192.168.10.155
1019,180,1647313558.071262000,192.168.10.155
1020,-1739,1647313558.074106000,54.230.129.136
1021,66,1647313558.074128000,192.168.10.155
1022,251,1647313558.095007000,192.168.10.155
1023,-4350,1647313558.098461000,54.230.129.136
1024,66,1647313558.098516000,192.168.10.155
1025,-11490,1647313558.098986000,54.230.129.136
1026,-764,1647313558.099014000,54.230.129.136
1027,-952,1647313558.099015000,54.230.129.136
1028,66,1647313558.099026000,192.168.10.155
1029,66,1647313558.099042000,192.168.10.155
1030,-795,1647313558.136518000,54.230.130.235
1031,66,1647313558.136539000,192.168.10.155
1032,-2922,1647313558.153572000,54.230.130.235
1033,66,1647313558.153599000,192.168.10.155
1034,-1412,1647313558.154031000,54.230.130.235
1035,66,1647313558.154061000,192.168.10.155
1036,-2922,1647313558.157183000,54.230.130.235
1037,66,1647313558.157197000,192.168.10.155
1038,-6236,1647313558.157821000,54.230.130.235
1039,66,1647313558.157828000,192.168.10.155
1040,-16472,1647313558.158667000,54.230.130.235
1041,66,1647313558.158685000,192.168.10.155
1042,-100,1647313558.158714000,54.230.130.235
1043,-1494,1647313558.158715000,54.230.130.235
1044,66,1647313558.158721000,192.168.10.155
1045,66,1647313558.158727000,192.168.10.155
1046,-5500,1647313558.158928000,54.230.130.235
1047,-97,1647313558.158929000,54.230.130.235
1048,66,1647313558.158933000,192.168.10.155
1049,66,1647313558.158941000,192.168.10.155
1050,240,1647313558.166947000,192.168.10.155
1051,-1494,1647313558.169771000,54.230.129.136
1052,-1494,1647313558.169844000,54.230.129.136
1053,66,1647313558.169855000,192.168.10.155
1054,-11816,1647313558.170374000,54.230.129.136
1055,66,1647313558.170391000,192.168.10.155
1056,177,1647313558.173160000,192.168.10.155
1057,166,1647313558.173408000,192.168.10.155
1058,74,1647313558.175794000,192.168.10.155
1059,-1494,1647313558.175904000,54.230.129.136
1060,-1494,1647313558.176033000,54.230.129.136
1061,66,1647313558.176074000,192.168.10.155
1062,-6645,1647313558.176379000,54.230.129.136
1063,66,1647313558.176412000,192.168.10.155
1064,-16472,1647313558.177759000,54.230.129.136
1065,66,1647313558.177781000,192.168.10.155
1066,-16472,1647313558.177848000,54.230.129.136
1067,66,1647313558.177857000,192.168.10.155
1068,-18630,1647313558.177904000,54.230.129.136
1069,66,1647313558.177910000,192.168.10.155
1070,152,1647313558.178353000,192.168.10.155
1071,-14314,1647313558.178652000,54.230.129.136
1072,66,1647313558.178663000,192.168.10.155
1073,-2236,1647313558.178682000,54.230.129.136
1074,66,1647313558.178685000,192.168.10.155
1075,-2922,1647313558.181814000,54.230.129.136
1076,66,1647313558.181830000,192.168.10.155
1077,-4417,1647313558.183435000,54.230.129.136
1078,66,1647313558.183456000,192.168.10.155
1079,171,1647313558.210285000,192.168.10.155
1080,-674,1647313558.214302000,54.230.129.136
1081,66,1647313558.255498000,192.168.10.155
1082,-66,1647313558.286877000,52.119.171.205
1083,54,1647313558.286957000,192.168.10.155
1084,571,1647313558.289403000,192.168.10.155
1085,158,1647313558.309636000,192.168.10.155
1086,-1494,1647313558.315572000,54.230.129.136
1087,-1494,1647313558.315782000,54.230.129.136
1088,66,1647313558.315946000,192.168.10.155
1089,-13616,1647313558.317302000,54.230.129.136
1090,-16472,1647313558.317418000,54.230.129.136
1091,66,1647313558.317471000,192.168.10.155
1092,-11490,1647313558.317690000,54.230.129.136
1093,-21454,1647313558.318437000,54.230.129.136
1094,-37194,1647313558.318507000,54.230.129.136
1095,66,1647313558.318548000,192.168.10.155
1096,-24026,1647313558.319586000,54.230.129.136
1097,66,1647313558.319600000,192.168.10.155
1098,-60,1647313558.399657000,52.119.171.205
1099,-60,1647313558.401648000,52.119.171.205
1100,-1514,1647313558.402909000,52.119.171.205
1101,54,1647313558.403001000,192.168.10.155
1102,-1514,1647313558.403061000,52.119.171.205
1103,54,1647313558.403068000,192.168.10.155
1104,-3047,1647313558.403395000,52.119.171.205
1105,54,1647313558.403429000,192.168.10.155
1106,180,1647313558.408572000,192.168.10.155
1107,545,1647313558.422055000,192.168.10.155
1108,-66,1647313558.425244000,54.230.130.235
1109,-1494,1647313558.425636000,54.230.130.235
1110,66,1647313558.425649000,192.168.10.155
1111,-1651,1647313558.425774000,54.230.130.235
1112,66,1647313558.425779000,192.168.10.155
1113,-105,1647313558.521232000,52.119.171.205
1114,54,1647313558.521310000,192.168.10.155
1115,524,1647313558.522075000,192.168.10.155
1116,-503,1647313558.658426000,52.119.171.205
1117,54,1647313558.658466000,192.168.10.155
1118,1456,1647313558.708039000,192.168.10.155
1119,1514,1647313558.709545000,192.168.10.155
1120,349,1647313558.709565000,192.168.10.155
1121,1308,1647313558.710793000,192.168.10.155
1122,74,1647313558.715550000,192.168.10.155
1123,149,1647313558.720862000,192.168.10.155
1124,74,1647313558.722462000,192.168.10.155
1125,-1494,1647313558.723535000,54.230.129.136
1126,-1494,1647313558.723653000,54.230.129.136
1127,66,1647313558.723664000,192.168.10.155
1128,-2126,1647313558.723918000,54.230.129.136
1129,66,1647313558.723926000,192.168.10.155
1130,-74,1647313558.726378000,54.239.163.138
1131,66,1647313558.726410000,192.168.10.155
1132,583,1647313558.728609000,192.168.10.155
1133,-66,1647313558.731459000,54.239.163.138
1134,-1494,1647313558.732255000,54.239.163.138
1135,66,1647313558.732283000,192.168.10.155
1136,-1494,1647313558.732337000,54.239.163.138
1137,66,1647313558.732343000,192.168.10.155
1138,-1494,1647313558.732953000,54.239.163.138
1139,66,1647313558.732967000,192.168.10.155
1140,-1756,1647313558.734683000,54.239.163.138
1141,66,1647313558.734730000,192.168.10.155
1142,130,1647313558.739958000,192.168.10.155
1143,236,1647313558.740260000,192.168.10.155
1144,385,1647313558.744636000,192.168.10.155
1145,-66,1647313558.746788000,54.239.163.138
1146,-66,1647313558.746790000,54.239.163.138
1147,-137,1647313558.746866000,54.239.163.138
1148,66,1647313558.746881000,192.168.10.155
1149,97,1647313558.747007000,192.168.10.155
1150,-66,1647313558.747231000,54.239.163.138
1151,-1494,1647313558.748163000,54.239.163.138
1152,66,1647313558.748235000,192.168.10.155
1153,-1494,1647313558.748329000,54.239.163.138
1154,66,1647313558.748339000,192.168.10.155
1155,-6858,1647313558.749325000,54.239.163.138
1156,66,1647313558.749387000,192.168.10.155
1157,-66,1647313558.750142000,54.239.163.138
1158,-66,1647313558.758515000,54.230.130.235
1159,105,1647313558.766158000,192.168.10.155
1160,105,1647313558.766321000,192.168.10.155
1161,105,1647313558.766364000,192.168.10.155
1162,112,1647313558.766409000,192.168.10.155
1163,85,1647313558.766535000,192.168.10.155
1164,54,1647313558.766566000,192.168.10.155
1165,97,1647313558.767882000,192.168.10.155
1166,66,1647313558.767922000,192.168.10.155
1167,97,1647313558.768592000,192.168.10.155
1168,66,1647313558.768614000,192.168.10.155
1169,90,1647313558.768891000,192.168.10.155
1170,66,1647313558.768913000,192.168.10.155
1171,90,1647313558.769193000,192.168.10.155
1172,66,1647313558.769208000,192.168.10.155
1173,90,1647313558.769354000,192.168.10.155
1174,66,1647313558.769368000,192.168.10.155
1175,-66,1647313558.771864000,54.230.130.56
1176,-66,1647313558.771865000,54.239.163.138
1177,-66,1647313558.772198000,54.230.130.56
1178,-66,1647313558.772198000,54.230.130.93
1179,-66,1647313558.772198000,54.230.130.56
1180,-66,1647313558.772199000,54.230.130.93
1181,66,1647313558.772248000,192.168.10.155
1182,66,1647313558.772258000,192.168.10.155
1183,-66,1647313558.779914000,54.230.129.136
1184,-66,1647313558.779915000,54.230.129.136
1185,-66,1647313558.779916000,54.230.129.136
1186,-66,1647313558.779916000,54.230.129.136
1187,-66,1647313558.779916000,54.239.163.138
1188,66,1647313558.779949000,192.168.10.155
1189,66,1647313558.779978000,192.168.10.155
1190,66,1647313558.779989000,192.168.10.155
1191,74,1647313558.788554000,192.168.10.155
1192,-74,1647313558.791922000,54.230.129.136
1193,66,1647313558.791955000,192.168.10.155
1194,583,1647313558.800089000,192.168.10.155
1195,74,1647313558.801215000,192.168.10.155
1196,-66,1647313558.803277000,54.230.129.136
1197,-74,1647313558.803653000,54.230.129.136
1198,66,1647313558.803735000,192.168.10.155
1199,-1494,1647313558.803968000,54.230.129.136
1200,66,1647313558.803983000,192.168.10.155
1201,-2922,1647313558.804167000,54.230.129.136
1202,66,1647313558.804186000,192.168.10.155
1203,-997,1647313558.805853000,54.230.129.136
1204,66,1647313558.805876000,192.168.10.155
1205,583,1647313558.807647000,192.168.10.155
1206,-66,1647313558.810853000,54.230.129.136
1207,-1494,1647313558.811268000,54.230.129.136
1208,66,1647313558.811281000,192.168.10.155
1209,130,1647313558.811381000,192.168.10.155
1210,-1494,1647313558.811398000,54.230.129.136
1211,66,1647313558.811402000,192.168.10.155
1212,236,1647313558.812209000,192.168.10.155
1213,-1494,1647313558.812241000,54.230.129.136
1214,66,1647313558.812249000,192.168.10.155
1215,368,1647313558.812271000,192.168.10.155
1216,-997,1647313558.812947000,54.230.129.136
1217,66,1647313558.812958000,192.168.10.155
1218,-66,1647313558.817861000,54.230.129.136
1219,-128,1647313558.817862000,54.230.129.136
1220,66,1647313558.817885000,192.168.10.155
1221,97,1647313558.818171000,192.168.10.155
1222,-66,1647313558.818755000,54.230.129.136
1223,-66,1647313558.818756000,54.230.129.136
1224,-97,1647313558.818757000,54.230.129.136
1225,-12236,1647313558.818768000,54.230.129.136
1226,66,1647313558.818818000,192.168.10.155
1227,66,1647313558.818850000,192.168.10.155
1228,-1626,1647313558.818874000,54.230.129.136
1229,-668,1647313558.818875000,54.230.130.235
1230,-97,1647313558.818875000,54.230.130.235
1231,66,1647313558.818884000,192.168.10.155
1232,66,1647313558.818907000,192.168.10.155
1233,66,1647313558.818912000,192.168.10.155
1234,105,1647313558.820122000,192.168.10.155
1235,-66,1647313558.820796000,54.148.152.248
1236,-66,1647313558.820900000,54.230.129.136
1237,90,1647313558.822406000,192.168.10.155
1238,66,1647313558.822434000,192.168.10.155
1239,130,1647313558.822927000,192.168.10.155
1240,236,1647313558.823284000,192.168.10.155
1241,576,1647313558.823336000,192.168.10.155
1242,-66,1647313558.829951000,54.230.130.235
1243,-235,1647313558.829952000,54.148.152.248
1244,66,1647313558.829991000,192.168.10.155
1245,-104,1647313558.831741000,54.148.152.248
1246,-66,1647313558.831743000,54.230.130.235
1247,-66,1647313558.831744000,54.230.130.235
1248,-66,1647313558.831744000,54.230.129.136
1249,-128,1647313558.831745000,54.230.129.136
1250,-66,1647313558.831745000,54.230.129.136
1251,-66,1647313558.831746000,54.230.129.136
1252,-97,1647313558.831746000,54.230.129.136
1253,66,1647313558.831836000,192.168.10.155
1254,66,1647313558.831961000,192.168.10.155
1255,66,1647313558.832027000,192.168.10.155
1256,66,1647313558.832050000,192.168.10.155
1257,-2591,1647313558.832226000,54.230.129.136
1258,-16472,1647313558.832237000,54.230.129.136
1259,66,1647313558.832247000,192.168.10.155
1260,66,1647313558.832263000,192.168.10.155
1261,-18630,1647313558.832303000,54.230.129.136
1262,66,1647313558.832308000,192.168.10.155
1263,-66,1647313558.832699000,52.94.210.112
1264,54,1647313558.832751000,192.168.10.155
1265,97,1647313558.833170000,192.168.10.155
1266,-1494,1647313558.836662000,54.230.129.136
1267,66,1647313558.836677000,192.168.10.155
1268,-1494,1647313558.836744000,54.230.129.136
1269,66,1647313558.836748000,192.168.10.155
1270,571,1647313558.837307000,192.168.10.155
1271,-28626,1647313558.837926000,54.230.129.136
1272,66,1647313558.837935000,192.168.10.155
1273,-6922,1647313558.837963000,54.230.129.136
1274,-66,1647313558.837964000,54.230.129.136
1275,66,1647313558.837970000,192.168.10.155
1276,-1494,1647313558.839126000,54.230.129.136
1277,66,1647313558.839135000,192.168.10.155
1278,-1494,1647313558.839248000,54.230.129.136
1279,66,1647313558.839253000,192.168.10.155
1280,-21770,1647313558.840260000,54.230.129.136
1281,66,1647313558.840266000,192.168.10.155
1282,-1494,1647313558.840468000,54.230.129.136
1283,66,1647313558.840473000,192.168.10.155
1284,-1494,1647313558.840590000,54.230.129.136
1285,66,1647313558.840597000,192.168.10.155
1286,-9274,1647313558.841538000,54.230.129.136
1287,66,1647313558.841545000,192.168.10.155
1288,-235,1647313558.843036000,54.148.152.248
1289,-104,1647313558.843036000,54.148.152.248
1290,66,1647313558.843056000,192.168.10.155
1291,66,1647313558.843076000,192.168.10.155
1292,112,1647313558.843289000,192.168.10.155
1293,97,1647313558.843454000,192.168.10.155
1294,-60,1647313558.878337000,52.119.171.205
1295,54,1647313558.878360000,192.168.10.155
1296,74,1647313558.908954000,192.168.10.155
1297,267,1647313558.910411000,192.168.10.155
1298,-74,1647313558.911592000,54.230.129.136
1299,66,1647313558.911621000,192.168.10.155
1300,-66,1647313558.912594000,54.230.129.136
1301,-1494,1647313558.913026000,54.230.129.136
1302,66,1647313558.913038000,192.168.10.155
1303,-1494,1647313558.913149000,54.230.129.136
1304,66,1647313558.913155000,192.168.10.155
1305,-13616,1647313558.913812000,54.230.129.136
1306,66,1647313558.913827000,192.168.10.155
1307,-771,1647313558.913849000,54.230.129.136
1308,66,1647313558.913853000,192.168.10.155
1309,583,1647313558.914723000,192.168.10.155
1310,157,1647313558.914999000,192.168.10.155
1311,158,1647313558.915189000,192.168.10.155
1312,157,1647313558.915901000,192.168.10.155
1313,158,1647313558.916208000,192.168.10.155
1314,157,1647313558.916877000,192.168.10.155
1315,158,1647313558.917351000,192.168.10.155
1316,-66,1647313558.917548000,54.230.129.136
1317,-66,1647313558.917648000,54.230.129.136
1318,-7206,1647313558.918347000,54.230.129.136
1319,66,1647313558.918398000,192.168.10.155
1320,-9332,1647313558.918817000,54.230.129.136
1321,-1494,1647313558.918819000,54.230.129.136
1322,66,1647313558.918856000,192.168.10.155
1323,-4389,1647313558.919011000,54.230.129.136
1324,-4350,1647313558.919020000,54.230.129.136
1325,-66,1647313558.919020000,54.230.129.136
1326,66,1647313558.919033000,192.168.10.155
1327,66,1647313558.919057000,192.168.10.155
1328,-2861,1647313558.919100000,54.230.129.136
1329,66,1647313558.919109000,192.168.10.155
1330,-66,1647313558.919536000,54.230.129.136
1331,-2800,1647313558.919537000,54.230.129.136
1332,66,1647313558.919550000,192.168.10.155
1333,-11490,1647313558.920523000,54.230.129.136
1334,66,1647313558.920539000,192.168.10.155
1335,-5048,1647313558.920783000,54.230.129.136
1336,-997,1647313558.920783000,54.230.129.136
1337,-9490,1647313558.920785000,54.230.129.136
1338,66,1647313558.920794000,192.168.10.155
1339,66,1647313558.920804000,192.168.10.155
1340,66,1647313558.920808000,192.168.10.155
1341,-7206,1647313558.920829000,54.230.129.136
1342,66,1647313558.920836000,192.168.10.155
1343,130,1647313558.926766000,192.168.10.155
1344,253,1647313558.927086000,192.168.10.155
1345,-8176,1647313558.934346000,54.230.129.136
1346,-2817,1647313558.934348000,54.230.129.136
1347,66,1647313558.934407000,192.168.10.155
1348,66,1647313558.934497000,192.168.10.155
1349,-3141,1647313558.934728000,54.230.129.136
1350,-3123,1647313558.934732000,54.230.129.136
1351,-2922,1647313558.934736000,54.230.129.136
1352,66,1647313558.934772000,192.168.10.155
1353,66,1647313558.934796000,192.168.10.155
1354,66,1647313558.934807000,192.168.10.155
1355,-12583,1647313558.935482000,54.230.129.136
1356,66,1647313558.935493000,192.168.10.155
1357,-16472,1647313558.935546000,54.230.129.136
1358,66,1647313558.935549000,192.168.10.155
1359,-4502,1647313558.935590000,54.230.129.136
1360,-16472,1647313558.935592000,54.230.129.136
1361,66,1647313558.935598000,192.168.10.155
1362,66,1647313558.935606000,192.168.10.155
1363,-10467,1647313558.935631000,54.230.129.136
1364,66,1647313558.935636000,192.168.10.155
1365,-66,1647313558.936279000,54.230.129.136
1366,-66,1647313558.936280000,54.230.129.136
1367,-137,1647313558.936280000,54.230.129.136
1368,66,1647313558.936305000,192.168.10.155
1369,90,1647313558.936549000,192.168.10.155
1370,66,1647313558.936573000,192.168.10.155
1371,-66,1647313558.938914000,54.230.129.136
1372,-66,1647313558.938998000,54.230.129.136
1373,66,1647313558.939015000,192.168.10.155
1374,-60,1647313558.948871000,52.94.210.112
1375,-66,1647313558.953750000,54.148.152.248
1376,-66,1647313558.953756000,54.148.152.248
1377,66,1647313558.953812000,192.168.10.155
1378,-60,1647313558.954065000,52.94.210.112
1379,74,1647313558.954203000,192.168.10.155
1380,74,1647313558.954958000,192.168.10.155
1381,-1514,1647313558.955841000,52.94.210.112
1382,54,1647313558.955856000,192.168.10.155
1383,-1514,1647313558.955954000,52.94.210.112
1384,54,1647313558.955959000,192.168.10.155
1385,-3170,1647313558.956999000,52.94.210.112
1386,54,1647313558.957003000,192.168.10.155
1387,-74,1647313558.957524000,54.230.130.235
1388,66,1647313558.957539000,192.168.10.155
1389,180,1647313558.960558000,192.168.10.155
1390,583,1647313558.963303000,192.168.10.155
1391,-66,1647313558.966279000,54.230.130.235
1392,74,1647313558.969744000,192.168.10.155
1393,-2922,1647313558.972219000,54.230.130.235
1394,66,1647313558.972239000,192.168.10.155
1395,-1494,1647313558.977853000,54.230.130.235
1396,-1037,1647313558.977854000,54.230.130.235
1397,66,1647313558.986481000,192.168.10.155
1398,66,1647313558.986507000,192.168.10.155
1399,130,1647313558.995739000,192.168.10.155
1400,236,1647313558.996329000,192.168.10.155
1401,818,1647313558.996361000,192.168.10.155
1402,-66,1647313558.998574000,54.230.130.235
1403,-128,1647313558.998575000,54.230.130.235
1404,66,1647313558.998597000,192.168.10.155
1405,97,1647313558.998687000,192.168.10.155
1406,-66,1647313558.999135000,54.230.130.235
1407,-66,1647313558.999136000,54.230.130.235
1408,-97,1647313558.999136000,54.230.130.235
1409,66,1647313558.999154000,192.168.10.155
1410,-66,1647313559.001664000,54.230.130.235
1411,-74,1647313559.073886000,54.148.152.248
1412,66,1647313559.073995000,192.168.10.155
1413,-105,1647313559.076594000,52.94.210.112
1414,54,1647313559.076616000,192.168.10.155
1415,583,1647313559.078293000,192.168.10.155
1416,1514,1647313559.078874000,192.168.10.155
1417,1514,1647313559.078887000,192.168.10.155
1418,1514,1647313559.078895000,192.168.10.155
1419,1514,1647313559.078898000,192.168.10.155
1420,1514,1647313559.079251000,192.168.10.155
1421,1514,1647313559.079259000,192.168.10.155
1422,1514,1647313559.079268000,192.168.10.155
1423,1514,1647313559.079270000,192.168.10.155
1424,674,1647313559.079597000,192.168.10.155
1425,-66,1647313559.093521000,52.94.210.112
1426,54,1647313559.093619000,192.168.10.155
1427,571,1647313559.097328000,192.168.10.155
1428,-670,1647313559.105064000,54.230.130.235
1429,66,1647313559.105087000,192.168.10.155
1430,-97,1647313559.105449000,54.230.130.235
1431,66,1647313559.105457000,192.168.10.155
1432,74,1647313559.155578000,192.168.10.155
1433,271,1647313559.176951000,192.168.10.155
1434,265,1647313559.178195000,192.168.10.155
1435,265,1647313559.179461000,192.168.10.155
1436,-66,1647313559.179775000,54.230.130.235
1437,-66,1647313559.180427000,54.230.130.235
1438,266,1647313559.180582000,192.168.10.155
1439,268,1647313559.180793000,192.168.10.155
1440,261,1647313559.181116000,192.168.10.155
1441,-66,1647313559.181904000,54.230.130.235
1442,-66,1647313559.182829000,54.230.130.235
1443,-66,1647313559.182928000,54.230.130.235
1444,265,1647313559.183142000,192.168.10.155
1445,-66,1647313559.183258000,54.230.130.235
1446,-66,1647313559.185633000,54.230.130.235
1447,-60,1647313559.195141000,52.94.210.112
1448,-60,1647313559.195142000,52.94.210.112
1449,-60,1647313559.195512000,52.94.210.112
1450,-60,1647313559.195918000,52.94.210.112
1451,-66,1647313559.196889000,54.148.152.248
1452,-2962,1647313559.199096000,54.148.152.248
1453,66,1647313559.199156000,192.168.10.155
1454,-2615,1647313559.199381000,54.148.152.248
1455,66,1647313559.199392000,192.168.10.155
1456,-659,1647313559.207190000,52.94.210.112
1457,-105,1647313559.207191000,52.94.210.112
1458,54,1647313559.207214000,192.168.10.155
1459,54,1647313559.207229000,192.168.10.155
1460,192,1647313559.207568000,192.168.10.155
1461,-60,1647313559.215639000,52.94.210.112
1462,-60,1647313559.219698000,52.94.210.112
1463,-2974,1647313559.221712000,52.94.210.112
1464,54,1647313559.221732000,192.168.10.155
1465,-3170,1647313559.221934000,52.94.210.112
1466,54,1647313559.221942000,192.168.10.155
1467,180,1647313559.226893000,192.168.10.155
1468,-66,1647313559.272611000,52.94.210.112
1469,54,1647313559.272736000,192.168.10.155
1470,571,1647313559.277034000,192.168.10.155
1471,-667,1647313559.285646000,54.230.130.235
1472,-97,1647313559.285647000,54.230.130.235
1473,66,1647313559.285854000,192.168.10.155
1474,-669,1647313559.286919000,54.230.130.235
1475,-97,1647313559.286920000,54.230.130.235
1476,-667,1647313559.287024000,54.230.130.235
1477,66,1647313559.287234000,192.168.10.155
1478,-97,1647313559.287316000,54.230.130.235
1479,66,1647313559.287404000,192.168.10.155
1480,-666,1647313559.288303000,54.230.130.235
1481,66,1647313559.288333000,192.168.10.155
1482,-97,1647313559.288408000,54.230.130.235
1483,66,1647313559.288560000,192.168.10.155
1484,-670,1647313559.289257000,54.230.130.235
1485,-97,1647313559.289257000,54.230.130.235
1486,66,1647313559.289413000,192.168.10.155
1487,-669,1647313559.289996000,54.230.130.235
1488,-97,1647313559.289996000,54.230.130.235
1489,-670,1647313559.290122000,54.230.130.235
1490,-97,1647313559.290123000,54.230.130.235
1491,66,1647313559.290353000,192.168.10.155
1492,-324,1647313559.327255000,54.148.152.248
1493,-135,1647313559.327255000,54.148.152.248
1494,66,1647313559.327286000,192.168.10.155
1495,66,1647313559.327308000,192.168.10.155
1496,243,1647313559.328501000,192.168.10.155
1497,709,1647313559.328540000,192.168.10.155
1498,378,1647313559.328834000,192.168.10.155
1499,696,1647313559.329031000,192.168.10.155
1500,691,1647313559.329390000,192.168.10.155
1501,412,1647313559.329709000,192.168.10.155
1502,526,1647313559.329906000,192.168.10.155
1503,1514,1647313559.329949000,192.168.10.155
1504,1514,1647313559.329953000,192.168.10.155
1505,1514,1647313559.330303000,192.168.10.155
1506,-105,1647313559.348650000,52.94.210.112
1507,54,1647313559.348673000,192.168.10.155
1508,1514,1647313559.349067000,192.168.10.155
1509,1514,1647313559.349081000,192.168.10.155
1510,1514,1647313559.349094000,192.168.10.155
1511,1514,1647313559.349099000,192.168.10.155
1512,1514,1647313559.349487000,192.168.10.155
1513,1514,1647313559.349497000,192.168.10.155
1514,1514,1647313559.349506000,192.168.10.155
1515,1514,1647313559.349509000,192.168.10.155
1516,1514,1647313559.349889000,192.168.10.155
1517,1514,1647313559.349899000,192.168.10.155
1518,105,1647313559.355838000,192.168.10.155
1519,105,1647313559.355886000,192.168.10.155
1520,105,1647313559.355914000,192.168.10.155
1521,85,1647313559.356001000,192.168.10.155
1522,54,1647313559.356021000,192.168.10.155
1523,90,1647313559.356320000,192.168.10.155
1524,90,1647313559.356506000,192.168.10.155
1525,66,1647313559.356527000,192.168.10.155
1526,90,1647313559.356630000,192.168.10.155
1527,66,1647313559.356649000,192.168.10.155
1528,-66,1647313559.358417000,54.230.129.136
1529,-66,1647313559.358509000,54.230.130.235
1530,-66,1647313559.359129000,54.230.129.136
1531,-66,1647313559.359130000,54.230.130.235
1532,66,1647313559.359164000,192.168.10.155
1533,-66,1647313559.359714000,54.230.129.136
1534,-66,1647313559.359822000,54.230.129.136
1535,-66,1647313559.360174000,54.230.129.136
1536,-66,1647313559.360174000,54.230.129.136
1537,66,1647313559.360190000,192.168.10.155
1538,66,1647313559.360217000,192.168.10.155
1539,-60,1647313559.389276000,52.94.210.112
1540,-60,1647313559.393699000,52.94.210.112
1541,-2974,1647313559.395245000,52.94.210.112
1542,54,1647313559.395267000,192.168.10.155
1543,-3170,1647313559.396066000,52.94.210.112
1544,54,1647313559.396085000,192.168.10.155
1545,180,1647313559.402639000,192.168.10.155
1546,74,1647313559.413164000,192.168.10.155
1547,-74,1647313559.415785000,54.230.130.235
1548,66,1647313559.415807000,192.168.10.155
1549,583,1647313559.420288000,192.168.10.155
1550,74,1647313559.421286000,192.168.10.155
1551,-66,1647313559.423478000,54.230.130.235
1552,-2922,1647313559.424547000,54.230.130.235
1553,66,1647313559.424564000,192.168.10.155
1554,-1494,1647313559.425573000,54.230.130.235
1555,66,1647313559.425585000,192.168.10.155
1556,-1037,1647313559.425684000,54.230.130.235
1557,66,1647313559.425690000,192.168.10.155
1558,74,1647313559.436112000,192.168.10.155
1559,-74,1647313559.438692000,54.230.129.136
1560,66,1647313559.438726000,192.168.10.155
1561,583,1647313559.442305000,192.168.10.155
1562,130,1647313559.443589000,192.168.10.155
1563,236,1647313559.444408000,192.168.10.155
1564,771,1647313559.445076000,192.168.10.155
1565,-66,1647313559.446315000,54.230.129.136
1566,-66,1647313559.446316000,54.230.130.235
1567,-4350,1647313559.447020000,54.230.129.136
1568,-128,1647313559.447021000,54.230.130.235
1569,66,1647313559.447042000,192.168.10.155
1570,66,1647313559.447069000,192.168.10.155
1571,-66,1647313559.447327000,54.148.152.248
1572,-66,1647313559.447328000,54.230.130.235
1573,-97,1647313559.447328000,54.230.130.235
1574,-104,1647313559.447328000,54.148.152.248
1575,1514,1647313559.447355000,192.168.10.155
1576,1514,1647313559.447364000,192.168.10.155
1577,1514,1647313559.447374000,192.168.10.155
1578,1514,1647313559.447378000,192.168.10.155
1579,66,1647313559.447391000,192.168.10.155
1580,-66,1647313559.447417000,54.230.130.235
1581,920,1647313559.447842000,192.168.10.155
1582,-66,1647313559.448069000,54.148.152.248
1583,-997,1647313559.448070000,54.230.129.136
1584,66,1647313559.448094000,192.168.10.155
1585,97,1647313559.448394000,192.168.10.155
1586,-66,1647313559.448904000,54.148.152.248
1587,-66,1647313559.448905000,54.148.152.248
1588,-236,1647313559.450722000,54.148.152.248
1589,-104,1647313559.450723000,54.148.152.248
1590,105,1647313559.451031000,192.168.10.155
1591,-235,1647313559.451804000,54.148.152.248
1592,-104,1647313559.451805000,54.148.152.248
1593,-235,1647313559.451805000,54.148.152.248
1594,-104,1647313559.451805000,54.148.152.248
1595,-235,1647313559.451806000,54.148.152.248
1596,-104,1647313559.451806000,54.148.152.248
1597,-236,1647313559.451806000,54.148.152.248
1598,-66,1647313559.451807000,54.230.130.235
1599,112,1647313559.451945000,192.168.10.155
1600,66,1647313559.452789000,192.168.10.155
1601,90,1647313559.453027000,192.168.10.155
1602,66,1647313559.453049000,192.168.10.155
1603,54,1647313559.453180000,192.168.10.155
1604,-66,1647313559.453287000,54.230.130.235
1605,97,1647313559.453538000,192.168.10.155
1606,66,1647313559.453559000,192.168.10.155
1607,-66,1647313559.455265000,54.230.129.136
1608,66,1647313559.455287000,192.168.10.155
1609,-66,1647313559.456553000,54.230.130.235
1610,-66,1647313559.456644000,54.230.130.235
1611,66,1647313559.456656000,192.168.10.155
1612,-60,1647313559.471740000,52.94.210.112
1613,-60,1647313559.471741000,52.94.210.112
1614,-60,1647313559.471741000,52.94.210.112
1615,1514,1647313559.471775000,192.168.10.155
1616,1514,1647313559.471790000,192.168.10.155
1617,1514,1647313559.471800000,192.168.10.155
1618,1514,1647313559.471804000,192.168.10.155
1619,1514,1647313559.472282000,192.168.10.155
1620,1514,1647313559.472299000,192.168.10.155
1621,1514,1647313559.472302000,192.168.10.155
1622,1514,1647313559.472309000,192.168.10.155
1623,1514,1647313559.472312000,192.168.10.155
1624,-60,1647313559.472502000,52.94.210.112
1625,-60,1647313559.472503000,52.94.210.112
1626,-60,1647313559.472503000,52.94.210.112
1627,54,1647313559.472523000,192.168.10.155
1628,1514,1647313559.472981000,192.168.10.155
1629,1514,1647313559.472988000,192.168.10.155
1630,1514,1647313559.472996000,192.168.10.155
1631,1514,1647313559.472998000,192.168.10.155
1632,1514,1647313559.473322000,192.168.10.155
1633,1514,1647313559.473334000,192.168.10.155
1634,1514,1647313559.473337000,192.168.10.155
1635,1514,1647313559.473343000,192.168.10.155
1636,1514,1647313559.473345000,192.168.10.155
1637,1514,1647313559.473675000,192.168.10.155
1638,1514,1647313559.473681000,192.168.10.155
1639,-105,1647313559.520864000,52.94.210.112
1640,54,1647313559.520886000,192.168.10.155
1641,-74,1647313559.530379000,54.148.152.248
1642,54,1647313559.530391000,192.168.10.155
1643,-66,1647313559.565624000,54.148.152.248
1644,-66,1647313559.565625000,54.148.152.248
1645,54,1647313559.565640000,192.168.10.155
1646,54,1647313559.565654000,192.168.10.155
1647,-726,1647313559.566156000,54.148.152.248
1648,54,1647313559.566159000,192.168.10.155
1649,-60,1647313559.569753000,52.94.210.112
1650,54,1647313559.569762000,192.168.10.155
1651,-260,1647313559.570303000,54.148.152.248
1652,54,1647313559.570306000,192.168.10.155
1653,-66,1647313559.571708000,54.148.152.248
1654,-66,1647313559.571709000,54.148.152.248
1655,54,1647313559.571712000,192.168.10.155
1656,54,1647313559.571717000,192.168.10.155
1657,-60,1647313559.593729000,52.94.210.112
1658,1514,1647313559.593751000,192.168.10.155
1659,1514,1647313559.593763000,192.168.10.155
1660,-60,1647313559.593794000,52.94.210.112
1661,1514,1647313559.594149000,192.168.10.155
1662,1514,1647313559.594156000,192.168.10.155
1663,1514,1647313559.594157000,192.168.10.155
1664,1514,1647313559.594158000,192.168.10.155
1665,-60,1647313559.594715000,52.94.210.112
1666,-60,1647313559.594715000,52.94.210.112
1667,1514,1647313559.594728000,192.168.10.155
1668,1514,1647313559.594732000,192.168.10.155
1669,1514,1647313559.594734000,192.168.10.155
1670,1514,1647313559.594738000,192.168.10.155
1671,1514,1647313559.594740000,192.168.10.155
1672,1287,1647313559.594741000,192.168.10.155
1673,-60,1647313559.595319000,52.94.210.112
1674,-60,1647313559.595319000,52.94.210.112
1675,-60,1647313559.595709000,52.94.210.112
1676,-60,1647313559.644769000,52.94.210.112
1677,-60,1647313559.715851000,52.94.210.112
1678,-60,1647313559.715852000,52.94.210.112
1679,-60,1647313559.716918000,52.94.210.112
1680,-60,1647313559.716919000,52.94.210.112
1681,-60,1647313559.716919000,52.94.210.112
1682,-60,1647313559.716919000,52.94.210.112
1683,-60,1647313559.724800000,52.94.210.112
1684,-60,1647313559.724801000,52.94.210.112
1685,-681,1647313559.738984000,52.94.210.112
1686,54,1647313559.739000000,192.168.10.155
1687,-60,1647313559.739407000,52.94.210.112
1688,54,1647313559.739415000,192.168.10.155
