index,size,time,ip
0,78,1649071876.595170000,192.168.1.3
1,78,1649071876.595485000,192.168.1.3
2,-74,1649071876.636434000,13.249.146.146
3,-74,1649071876.636445000,13.249.146.146
4,66,1649071876.636519000,192.168.1.3
5,66,1649071876.636547000,192.168.1.3
6,583,1649071876.637099000,192.168.1.3
7,583,1649071876.637566000,192.168.1.3
8,-66,1649071876.688006000,13.249.146.146
9,-66,1649071876.688018000,13.249.146.146
10,-1468,1649071876.689261000,13.249.146.146
11,-1468,1649071876.689266000,13.249.146.146
12,-1468,1649071876.689268000,13.249.146.146
13,-1468,1649071876.689279000,13.249.146.146
14,-1468,1649071876.689281000,13.249.146.146
15,-1468,1649071876.689283000,13.249.146.146
16,66,1649071876.689329000,192.168.1.3
17,66,1649071876.689351000,192.168.1.3
18,66,1649071876.689443000,192.168.1.3
19,66,1649071876.689736000,192.168.1.3
20,-1115,1649071876.692396000,13.249.146.146
21,-1115,1649071876.692408000,13.249.146.146
22,66,1649071876.692457000,192.168.1.3
23,66,1649071876.692480000,192.168.1.3
24,130,1649071876.701647000,192.168.1.3
25,130,1649071876.701782000,192.168.1.3
26,66,1649071876.701865000,192.168.1.3
27,158,1649071876.701914000,192.168.1.3
28,809,1649071876.702049000,192.168.1.3
29,-66,1649071876.768733000,13.249.146.146
30,-66,1649071876.768737000,13.249.146.146
31,-66,1649071876.768738000,13.249.146.146
32,-66,1649071876.768745000,13.249.146.146
33,-66,1649071876.768747000,13.249.146.146
34,-66,1649071876.768748000,13.249.146.146
35,66,1649071876.768855000,192.168.1.3
36,-1468,1649071876.990586000,13.249.146.146
37,-1468,1649071876.990590000,13.249.146.146
38,-1468,1649071876.990592000,13.249.146.146
39,-1468,1649071876.990594000,13.249.146.146
40,-329,1649071876.990596000,13.249.146.146
41,78,1649071876.990662000,192.168.1.3
42,-1468,1649071876.990983000,13.249.146.146
43,-1468,1649071876.990986000,13.249.146.146
44,-1468,1649071876.990988000,13.249.146.146
45,-1468,1649071876.990990000,13.249.146.146
46,-1347,1649071876.990993000,13.249.146.146
47,78,1649071876.991023000,192.168.1.3
48,-1347,1649071877.011292000,13.249.146.146
49,86,1649071877.011356000,192.168.1.3
50,-137,1649071877.058694000,13.249.146.146
51,66,1649071877.058771000,192.168.1.3
52,66,1649071877.058891000,192.168.1.3
53,97,1649071877.060503000,192.168.1.3
54,-1468,1649071877.080880000,13.249.146.146
55,-1468,1649071877.080884000,13.249.146.146
56,66,1649071877.080923000,192.168.1.3
57,-1468,1649071877.081674000,13.249.146.146
58,-1468,1649071877.081677000,13.249.146.146
59,66,1649071877.081785000,192.168.1.3
60,66,1649071877.081795000,192.168.1.3
61,66,1649071877.081827000,192.168.1.3
62,-1468,1649071877.083300000,13.249.146.146
63,-1468,1649071877.083303000,13.249.146.146
64,66,1649071877.083355000,192.168.1.3
65,-680,1649071877.084404000,13.249.146.146
66,66,1649071877.084438000,192.168.1.3
67,66,1649071877.089527000,192.168.1.3
68,-1468,1649071877.091882000,13.249.146.146
69,-1468,1649071877.091886000,13.249.146.146
70,66,1649071877.091932000,192.168.1.3
71,-1468,1649071877.092789000,13.249.146.146
72,-1468,1649071877.092792000,13.249.146.146
73,66,1649071877.092831000,192.168.1.3
74,-1468,1649071877.093671000,13.249.146.146
75,-1468,1649071877.093675000,13.249.146.146
76,66,1649071877.093715000,192.168.1.3
77,66,1649071877.094596000,192.168.1.3
78,-1468,1649071877.095268000,13.249.146.146
79,66,1649071877.095302000,192.168.1.3
80,-1468,1649071877.096698000,13.249.146.146
81,-1468,1649071877.096700000,13.249.146.146
82,78,1649071877.096731000,192.168.1.3
83,-1468,1649071877.098117000,13.249.146.146
84,-1441,1649071877.098121000,13.249.146.146
85,78,1649071877.098155000,192.168.1.3
86,-397,1649071877.117144000,13.249.146.146
87,78,1649071877.117200000,192.168.1.3
88,-66,1649071877.143147000,13.249.146.146
89,-1468,1649071877.175482000,13.249.146.146
90,-1468,1649071877.175485000,13.249.146.146
91,-1468,1649071877.175486000,13.249.146.146
92,-1468,1649071877.175487000,13.249.146.146
93,78,1649071877.175526000,192.168.1.3
94,-1468,1649071877.176662000,13.249.146.146
95,-1468,1649071877.176665000,13.249.146.146
96,78,1649071877.176698000,192.168.1.3
97,-1468,1649071877.177995000,13.249.146.146
98,-1468,1649071877.177997000,13.249.146.146
99,78,1649071877.178032000,192.168.1.3
100,-1468,1649071877.179902000,13.249.146.146
101,-1468,1649071877.179904000,13.249.146.146
102,78,1649071877.179935000,192.168.1.3
103,-1468,1649071877.180981000,13.249.146.146
104,-1468,1649071877.180984000,13.249.146.146
105,78,1649071877.181011000,192.168.1.3
106,-1468,1649071877.182850000,13.249.146.146
107,-1468,1649071877.182853000,13.249.146.146
108,78,1649071877.182882000,192.168.1.3
109,-1468,1649071877.183319000,13.249.146.146
110,-1468,1649071877.183321000,13.249.146.146
111,78,1649071877.183347000,192.168.1.3
112,-1468,1649071877.184169000,13.249.146.146
113,-1468,1649071877.184171000,13.249.146.146
114,78,1649071877.184198000,192.168.1.3
115,-1468,1649071877.184962000,13.249.146.146
116,-1468,1649071877.184964000,13.249.146.146
117,78,1649071877.184991000,192.168.1.3
118,-574,1649071877.185820000,13.249.146.146
119,-1468,1649071877.185822000,13.249.146.146
120,-1468,1649071877.185824000,13.249.146.146
121,78,1649071877.185851000,192.168.1.3
122,-1468,1649071877.186373000,13.249.146.146
123,78,1649071877.186422000,192.168.1.3
124,-1468,1649071877.187244000,13.249.146.146
125,78,1649071877.187267000,192.168.1.3
126,-1468,1649071877.188468000,13.249.146.146
127,-1468,1649071877.188471000,13.249.146.146
128,78,1649071877.188502000,192.168.1.3
129,-1468,1649071877.189725000,13.249.146.146
130,78,1649071877.189761000,192.168.1.3
131,78,1649071877.192262000,192.168.1.3
132,-1468,1649071877.207326000,13.249.146.146
133,66,1649071877.207409000,192.168.1.3
134,66,1649071877.207660000,192.168.1.3
135,66,1649071877.207809000,192.168.1.3
136,-1468,1649071877.220554000,13.249.146.146
137,-1468,1649071877.220557000,13.249.146.146
138,-1468,1649071877.220558000,13.249.146.146
139,-1468,1649071877.220560000,13.249.146.146
140,66,1649071877.220597000,192.168.1.3
141,66,1649071877.220707000,192.168.1.3
142,-1468,1649071877.221696000,13.249.146.146
143,-1468,1649071877.221698000,13.249.146.146
144,66,1649071877.221721000,192.168.1.3
145,66,1649071877.221804000,192.168.1.3
146,-1468,1649071877.222818000,13.249.146.146
147,-1468,1649071877.222821000,13.249.146.146
148,66,1649071877.222841000,192.168.1.3
149,66,1649071877.222921000,192.168.1.3
150,-1468,1649071877.223232000,13.249.146.146
151,-1468,1649071877.223234000,13.249.146.146
152,66,1649071877.223254000,192.168.1.3
153,66,1649071877.223690000,192.168.1.3
154,-1468,1649071877.224384000,13.249.146.146
155,-1468,1649071877.224386000,13.249.146.146
156,66,1649071877.224410000,192.168.1.3
157,66,1649071877.224489000,192.168.1.3
158,-79,1649071877.224811000,13.249.146.146
159,66,1649071877.224829000,192.168.1.3
160,-1468,1649071877.242151000,13.249.146.146
161,-1468,1649071877.242155000,13.249.146.146
162,66,1649071877.242199000,192.168.1.3
163,66,1649071877.242321000,192.168.1.3
164,-1468,1649071877.242998000,13.249.146.146
165,-1468,1649071877.242999000,13.249.146.146
166,66,1649071877.243022000,192.168.1.3
167,66,1649071877.243104000,192.168.1.3
168,-1468,1649071877.243973000,13.249.146.146
169,-1468,1649071877.243975000,13.249.146.146
170,66,1649071877.243995000,192.168.1.3
171,66,1649071877.244074000,192.168.1.3
172,-1468,1649071877.245156000,13.249.146.146
173,-1468,1649071877.245159000,13.249.146.146
174,66,1649071877.245185000,192.168.1.3
175,66,1649071877.245217000,192.168.1.3
176,-1468,1649071877.246364000,13.249.146.146
177,-1468,1649071877.246367000,13.249.146.146
178,66,1649071877.246407000,192.168.1.3
179,66,1649071877.246542000,192.168.1.3
180,-1468,1649071877.246814000,13.249.146.146
181,-1468,1649071877.246816000,13.249.146.146
182,66,1649071877.246838000,192.168.1.3
183,66,1649071877.246874000,192.168.1.3
184,-1468,1649071877.248153000,13.249.146.146
185,-1468,1649071877.248156000,13.249.146.146
186,66,1649071877.248183000,192.168.1.3
187,66,1649071877.249240000,192.168.1.3
188,-1468,1649071877.249420000,13.249.146.146
189,66,1649071877.249444000,192.168.1.3
190,-1468,1649071877.251208000,13.249.146.146
191,-1468,1649071877.251211000,13.249.146.146
192,66,1649071877.251244000,192.168.1.3
193,66,1649071877.251291000,192.168.1.3
194,-1468,1649071877.266500000,13.249.146.146
195,-1468,1649071877.266502000,13.249.146.146
196,66,1649071877.266552000,192.168.1.3
197,-1468,1649071877.267469000,13.249.146.146
198,-1468,1649071877.267473000,13.249.146.146
199,66,1649071877.267513000,192.168.1.3
200,-1468,1649071877.268341000,13.249.146.146
201,-1468,1649071877.268343000,13.249.146.146
202,66,1649071877.268366000,192.168.1.3
203,66,1649071877.269455000,192.168.1.3
204,-1468,1649071877.269608000,13.249.146.146
205,-1468,1649071877.269611000,13.249.146.146
206,66,1649071877.269637000,192.168.1.3
207,66,1649071877.269935000,192.168.1.3
208,-1468,1649071877.270801000,13.249.146.146
209,-1468,1649071877.270804000,13.249.146.146
210,66,1649071877.270855000,192.168.1.3
211,66,1649071877.271539000,192.168.1.3
212,-1468,1649071877.272306000,13.249.146.146
213,-1468,1649071877.272309000,13.249.146.146
214,66,1649071877.272357000,192.168.1.3
215,66,1649071877.272496000,192.168.1.3
216,-1468,1649071877.273779000,13.249.146.146
217,-1468,1649071877.273782000,13.249.146.146
218,66,1649071877.273816000,192.168.1.3
219,66,1649071877.273966000,192.168.1.3
220,-1468,1649071877.274164000,13.249.146.146
221,-1468,1649071877.274166000,13.249.146.146
222,66,1649071877.274186000,192.168.1.3
223,66,1649071877.274221000,192.168.1.3
224,-1468,1649071877.275226000,13.249.146.146
225,-1468,1649071877.275235000,13.249.146.146
226,66,1649071877.275277000,192.168.1.3
227,66,1649071877.275390000,192.168.1.3
228,-1468,1649071877.276140000,13.249.146.146
229,-1468,1649071877.276143000,13.249.146.146
230,66,1649071877.276201000,192.168.1.3
231,66,1649071877.276932000,192.168.1.3
232,-1468,1649071877.277147000,13.249.146.146
233,-1468,1649071877.277150000,13.249.146.146
234,66,1649071877.277188000,192.168.1.3
235,66,1649071877.277304000,192.168.1.3
236,-1468,1649071877.278152000,13.249.146.146
237,-1468,1649071877.278158000,13.249.146.146
238,66,1649071877.278216000,192.168.1.3
239,66,1649071877.278400000,192.168.1.3
240,-1468,1649071877.279214000,13.249.146.146
241,-1468,1649071877.279219000,13.249.146.146
242,66,1649071877.279278000,192.168.1.3
243,66,1649071877.280261000,192.168.1.3
244,-1468,1649071877.285787000,13.249.146.146
245,-958,1649071877.285790000,13.249.146.146
246,66,1649071877.285834000,192.168.1.3
247,-74,1649071877.353497000,44.237.47.121
248,66,1649071877.353554000,192.168.1.3
249,583,1649071877.353871000,192.168.1.3
250,-66,1649071877.604576000,44.237.47.121
251,-1468,1649071877.604884000,44.237.47.121
252,-1468,1649071877.604886000,44.237.47.121
253,-1468,1649071877.604888000,44.237.47.121
254,-1305,1649071877.604889000,44.237.47.121
255,-853,1649071877.604897000,13.249.146.146
256,-1468,1649071877.604898000,13.249.146.146
257,-1468,1649071877.604899000,13.249.146.146
258,-1468,1649071877.604901000,13.249.146.146
259,-1468,1649071877.604903000,13.249.146.146
260,-1468,1649071877.604905000,13.249.146.146
261,-1468,1649071877.604906000,13.249.146.146
262,-1157,1649071877.604908000,13.249.146.146
263,66,1649071877.604935000,192.168.1.3
264,66,1649071877.604960000,192.168.1.3
265,66,1649071877.605032000,192.168.1.3
266,66,1649071877.605334000,192.168.1.3
267,-1468,1649071877.608575000,13.249.146.146
268,-1468,1649071877.608578000,13.249.146.146
269,-1468,1649071877.608580000,13.249.146.146
270,-1468,1649071877.608581000,13.249.146.146
271,66,1649071877.608623000,192.168.1.3
272,66,1649071877.609345000,192.168.1.3
273,-1468,1649071877.609783000,13.249.146.146
274,-1468,1649071877.609785000,13.249.146.146
275,66,1649071877.609817000,192.168.1.3
276,-1468,1649071877.610614000,13.249.146.146
277,-1468,1649071877.610617000,13.249.146.146
278,66,1649071877.610652000,192.168.1.3
279,66,1649071877.611155000,192.168.1.3
280,-1468,1649071877.612165000,13.249.146.146
281,-1468,1649071877.612168000,13.249.146.146
282,-1468,1649071877.612170000,13.249.146.146
283,-1468,1649071877.612172000,13.249.146.146
284,66,1649071877.612213000,192.168.1.3
285,66,1649071877.612369000,192.168.1.3
286,-1468,1649071877.612608000,13.249.146.146
287,-1468,1649071877.612610000,13.249.146.146
288,-1468,1649071877.612611000,13.249.146.146
289,-1468,1649071877.612613000,13.249.146.146
290,66,1649071877.612639000,192.168.1.3
291,66,1649071877.612907000,192.168.1.3
292,-1142,1649071877.613021000,13.249.146.146
293,66,1649071877.613154000,192.168.1.3
294,192,1649071877.614573000,192.168.1.3
295,165,1649071877.615350000,192.168.1.3
296,651,1649071877.615590000,192.168.1.3
297,-454,1649071877.647958000,13.249.146.146
298,66,1649071877.648032000,192.168.1.3
299,-332,1649071877.673358000,13.249.146.146
300,66,1649071877.673527000,192.168.1.3
301,-324,1649071877.769255000,44.237.47.121
302,-135,1649071877.769258000,44.237.47.121
303,-104,1649071877.769259000,44.237.47.121
304,66,1649071877.769301000,192.168.1.3
305,66,1649071877.769320000,192.168.1.3
306,104,1649071877.769512000,192.168.1.3
307,-236,1649071877.772119000,44.237.47.121
308,-104,1649071877.772122000,44.237.47.121
309,66,1649071877.772172000,192.168.1.3
310,-66,1649071877.953671000,44.237.47.121
311,-662,1649071878.157281000,13.249.146.146
312,66,1649071878.157346000,192.168.1.3
313,-1468,1649071878.159178000,13.249.146.146
314,-1468,1649071878.159181000,13.249.146.146
315,-1468,1649071878.159182000,13.249.146.146
316,-536,1649071878.159183000,13.249.146.146
317,66,1649071878.159225000,192.168.1.3
318,66,1649071878.159455000,192.168.1.3
319,-1468,1649071878.159962000,13.249.146.146
320,-1468,1649071878.159965000,13.249.146.146
321,-1468,1649071878.159966000,13.249.146.146
322,-1468,1649071878.159968000,13.249.146.146
323,66,1649071878.160002000,192.168.1.3
324,-1468,1649071878.161439000,13.249.146.146
325,-568,1649071878.161442000,13.249.146.146
326,66,1649071878.161481000,192.168.1.3
327,66,1649071878.162499000,192.168.1.3
328,-1468,1649071878.167981000,13.249.146.146
329,-1468,1649071878.167984000,13.249.146.146
330,-1468,1649071878.167985000,13.249.146.146
331,-1468,1649071878.167986000,13.249.146.146
332,66,1649071878.168023000,192.168.1.3
333,66,1649071878.168141000,192.168.1.3
334,-1468,1649071878.168780000,13.249.146.146
335,-1468,1649071878.168781000,13.249.146.146
336,66,1649071878.168807000,192.168.1.3
337,66,1649071878.168879000,192.168.1.3
338,-1468,1649071878.169730000,13.249.146.146
339,-1468,1649071878.169732000,13.249.146.146
340,66,1649071878.169754000,192.168.1.3
341,66,1649071878.169851000,192.168.1.3
342,-1468,1649071878.170108000,13.249.146.146
343,-1468,1649071878.170110000,13.249.146.146
344,66,1649071878.170132000,192.168.1.3
345,66,1649071878.170163000,192.168.1.3
346,-1468,1649071878.170558000,13.249.146.146
347,-1468,1649071878.170559000,13.249.146.146
348,-1020,1649071878.170561000,13.249.146.146
349,66,1649071878.170585000,192.168.1.3
350,66,1649071878.170615000,192.168.1.3
351,-298,1649071878.185362000,13.249.146.146
352,66,1649071878.185984000,192.168.1.3
353,-470,1649071878.191319000,13.249.146.146
354,66,1649071878.191410000,192.168.1.3
355,-1001,1649071878.201744000,13.249.146.146
356,66,1649071878.203317000,192.168.1.3
357,-1468,1649071878.254094000,13.249.146.146
358,-1468,1649071878.254097000,13.249.146.146
359,-1468,1649071878.254098000,13.249.146.146
360,-1329,1649071878.254100000,13.249.146.146
361,66,1649071878.254144000,192.168.1.3
362,66,1649071878.254192000,192.168.1.3
363,-1468,1649071878.258024000,13.249.146.146
364,-1468,1649071878.258026000,13.249.146.146
365,66,1649071878.258058000,192.168.1.3
366,66,1649071878.258105000,192.168.1.3
367,-1468,1649071878.258515000,13.249.146.146
368,-1468,1649071878.258516000,13.249.146.146
369,66,1649071878.258538000,192.168.1.3
370,66,1649071878.258569000,192.168.1.3
371,-1468,1649071878.259485000,13.249.146.146
372,-1468,1649071878.259487000,13.249.146.146
373,66,1649071878.259512000,192.168.1.3
374,66,1649071878.259547000,192.168.1.3
375,-1468,1649071878.260180000,13.249.146.146
376,-1468,1649071878.260181000,13.249.146.146
377,66,1649071878.260202000,192.168.1.3
378,66,1649071878.260235000,192.168.1.3
379,-1468,1649071878.261099000,13.249.146.146
380,-1468,1649071878.261101000,13.249.146.146
381,66,1649071878.261126000,192.168.1.3
382,66,1649071878.261216000,192.168.1.3
383,-1468,1649071878.261831000,13.249.146.146
384,-1468,1649071878.261833000,13.249.146.146
385,66,1649071878.261857000,192.168.1.3
386,66,1649071878.261896000,192.168.1.3
387,-1468,1649071878.262864000,13.249.146.146
388,-1468,1649071878.262867000,13.249.146.146
389,66,1649071878.262893000,192.168.1.3
390,66,1649071878.262933000,192.168.1.3
391,-1468,1649071878.264114000,13.249.146.146
392,-1127,1649071878.264121000,13.249.146.146
393,66,1649071878.264156000,192.168.1.3
394,-1468,1649071878.579048000,13.249.146.146
395,-1468,1649071878.579050000,13.249.146.146
396,-504,1649071878.579052000,13.249.146.146
397,66,1649071878.579088000,192.168.1.3
398,66,1649071878.579174000,192.168.1.3
399,-1468,1649071878.588339000,13.249.146.146
400,-388,1649071878.588341000,13.249.146.146
401,66,1649071878.588378000,192.168.1.3
402,-1468,1649071878.592954000,13.249.146.146
403,-1468,1649071878.592955000,13.249.146.146
404,-1468,1649071878.592957000,13.249.146.146
405,-1468,1649071878.592958000,13.249.146.146
406,-1468,1649071878.592959000,13.249.146.146
407,-1468,1649071878.592961000,13.249.146.146
408,66,1649071878.592994000,192.168.1.3
409,-1468,1649071878.594153000,13.249.146.146
410,-1468,1649071878.594156000,13.249.146.146
411,66,1649071878.594217000,192.168.1.3
412,-1468,1649071878.594665000,13.249.146.146
413,-1468,1649071878.594668000,13.249.146.146
414,-1468,1649071878.594669000,13.249.146.146
415,-1468,1649071878.594671000,13.249.146.146
416,66,1649071878.594693000,192.168.1.3
417,66,1649071878.595411000,192.168.1.3
418,-1468,1649071878.595698000,13.249.146.146
419,-1468,1649071878.595700000,13.249.146.146
420,66,1649071878.595725000,192.168.1.3
421,66,1649071878.595796000,192.168.1.3
422,-1468,1649071878.596151000,13.249.146.146
423,-1468,1649071878.596153000,13.249.146.146
424,-1468,1649071878.596154000,13.249.146.146
425,-1468,1649071878.596155000,13.249.146.146
426,66,1649071878.596171000,192.168.1.3
427,66,1649071878.596368000,192.168.1.3
428,-1468,1649071878.597147000,13.249.146.146
429,-1468,1649071878.597149000,13.249.146.146
430,66,1649071878.597168000,192.168.1.3
431,66,1649071878.597466000,192.168.1.3
432,-1468,1649071878.597915000,13.249.146.146
433,-1468,1649071878.597916000,13.249.146.146
434,-1468,1649071878.597917000,13.249.146.146
435,-926,1649071878.597918000,13.249.146.146
436,66,1649071878.597935000,192.168.1.3
437,66,1649071878.597964000,192.168.1.3
438,78,1649071878.650312000,192.168.1.3
439,-66,1649071878.793310000,52.119.167.229
440,54,1649071878.793357000,192.168.1.3
441,571,1649071878.794330000,192.168.1.3
442,-60,1649071878.948422000,52.119.167.229
443,-60,1649071878.949140000,52.119.167.229
444,-1414,1649071878.950549000,52.119.167.229
445,-1414,1649071878.950553000,52.119.167.229
446,-1414,1649071878.950555000,52.119.167.229
447,-1414,1649071878.950556000,52.119.167.229
448,-516,1649071878.950558000,52.119.167.229
449,54,1649071878.950596000,192.168.1.3
450,54,1649071878.950658000,192.168.1.3
451,180,1649071878.969158000,192.168.1.3
452,78,1649071879.059478000,192.168.1.3
453,-105,1649071879.113231000,52.119.167.229
454,54,1649071879.113281000,192.168.1.3
455,738,1649071879.113794000,192.168.1.3
456,78,1649071879.141318000,192.168.1.3
457,-66,1649071879.192920000,52.119.166.51
458,54,1649071879.193089000,192.168.1.3
459,571,1649071879.193769000,192.168.1.3
460,-66,1649071879.285521000,52.94.215.173
461,54,1649071879.285593000,192.168.1.3
462,571,1649071879.285933000,192.168.1.3
463,-503,1649071879.291051000,52.119.167.229
464,54,1649071879.291116000,192.168.1.3
465,1468,1649071879.299810000,192.168.1.3
466,110,1649071879.299817000,192.168.1.3
467,1213,1649071879.300122000,192.168.1.3
468,1225,1649071879.300348000,192.168.1.3
469,78,1649071879.317376000,192.168.1.3
470,-66,1649071879.320791000,13.249.146.146
471,-66,1649071879.321408000,13.249.146.146
472,78,1649071879.321617000,192.168.1.3
473,140,1649071879.328100000,192.168.1.3
474,-60,1649071879.330303000,52.119.166.51
475,-60,1649071879.330862000,52.119.166.51
476,-1414,1649071879.332755000,52.119.166.51
477,-1414,1649071879.332758000,52.119.166.51
478,-1414,1649071879.332759000,52.119.166.51
479,-1414,1649071879.332760000,52.119.166.51
480,-574,1649071879.332761000,52.119.166.51
481,54,1649071879.332819000,192.168.1.3
482,54,1649071879.332995000,192.168.1.3
483,-74,1649071879.341021000,13.249.146.158
484,66,1649071879.341080000,192.168.1.3
485,583,1649071879.342029000,192.168.1.3
486,180,1649071879.344171000,192.168.1.3
487,-66,1649071879.349821000,13.249.146.146
488,-1468,1649071879.351852000,13.249.146.146
489,-1468,1649071879.351855000,13.249.146.146
490,-261,1649071879.351856000,13.249.146.146
491,-97,1649071879.351857000,13.249.146.146
492,66,1649071879.351898000,192.168.1.3
493,66,1649071879.352132000,192.168.1.3
494,-66,1649071879.362939000,13.249.146.158
495,-1468,1649071879.362941000,13.249.146.158
496,-1468,1649071879.362942000,13.249.146.158
497,-1468,1649071879.362944000,13.249.146.158
498,66,1649071879.363033000,192.168.1.3
499,66,1649071879.363170000,192.168.1.3
500,-1468,1649071879.363968000,13.249.146.158
501,66,1649071879.363995000,192.168.1.3
502,-432,1649071879.365288000,13.249.146.158
503,66,1649071879.365319000,192.168.1.3
504,130,1649071879.373624000,192.168.1.3
505,158,1649071879.373746000,192.168.1.3
506,500,1649071879.373856000,192.168.1.3
507,-66,1649071879.390829000,13.249.146.158
508,-128,1649071879.390832000,13.249.146.158
509,66,1649071879.390869000,192.168.1.3
510,97,1649071879.391377000,192.168.1.3
511,-66,1649071879.391656000,13.249.146.158
512,-66,1649071879.391657000,13.249.146.158
513,-97,1649071879.391658000,13.249.146.158
514,66,1649071879.391687000,192.168.1.3
515,-1468,1649071879.392395000,13.249.146.158
516,-1468,1649071879.392397000,13.249.146.158
517,-1468,1649071879.392399000,13.249.146.158
518,-1468,1649071879.392400000,13.249.146.158
519,-1468,1649071879.392401000,13.249.146.158
520,-1468,1649071879.392403000,13.249.146.158
521,66,1649071879.392427000,192.168.1.3
522,66,1649071879.392435000,192.168.1.3
523,-1302,1649071879.393301000,13.249.146.158
524,66,1649071879.393319000,192.168.1.3
525,-66,1649071879.406333000,13.249.146.158
526,-60,1649071879.417747000,52.94.215.173
527,-60,1649071879.417750000,52.94.215.173
528,-1414,1649071879.419489000,52.94.215.173
529,-1414,1649071879.419491000,52.94.215.173
530,-1414,1649071879.419492000,52.94.215.173
531,-1414,1649071879.419493000,52.94.215.173
532,-639,1649071879.419494000,52.94.215.173
533,54,1649071879.419521000,192.168.1.3
534,54,1649071879.419565000,192.168.1.3
535,-668,1649071879.422888000,13.249.146.146
536,-97,1649071879.422891000,13.249.146.146
537,66,1649071879.422929000,192.168.1.3
538,180,1649071879.427201000,192.168.1.3
539,-66,1649071879.427971000,44.237.47.121
540,-66,1649071879.427973000,44.237.47.121
541,-234,1649071879.430197000,44.237.47.121
542,-104,1649071879.430201000,44.237.47.121
543,66,1649071879.430277000,192.168.1.3
544,-66,1649071879.449996000,52.94.215.173
545,54,1649071879.450041000,192.168.1.3
546,571,1649071879.450248000,192.168.1.3
547,-235,1649071879.451125000,44.237.47.121
548,-104,1649071879.451126000,44.237.47.121
549,66,1649071879.451145000,192.168.1.3
550,-105,1649071879.478381000,52.119.166.51
551,54,1649071879.478431000,192.168.1.3
552,760,1649071879.478836000,192.168.1.3
553,-105,1649071879.573988000,52.94.215.173
554,54,1649071879.574039000,192.168.1.3
555,684,1649071879.574271000,192.168.1.3
556,-60,1649071879.604096000,52.94.215.173
557,-60,1649071879.609208000,52.94.215.173
558,-1414,1649071879.611278000,52.94.215.173
559,-1414,1649071879.611281000,52.94.215.173
560,-1414,1649071879.611283000,52.94.215.173
561,-1414,1649071879.611285000,52.94.215.173
562,-639,1649071879.611287000,52.94.215.173
563,54,1649071879.611360000,192.168.1.3
564,54,1649071879.614568000,192.168.1.3
565,-439,1649071879.641372000,52.119.166.51
566,54,1649071879.641422000,192.168.1.3
567,180,1649071879.644657000,192.168.1.3
568,78,1649071879.650481000,192.168.1.3
569,78,1649071879.657970000,192.168.1.3
570,78,1649071879.716494000,192.168.1.3
571,-756,1649071879.747597000,52.94.215.173
572,-103,1649071879.747601000,52.94.215.173
573,54,1649071879.747667000,192.168.1.3
574,812,1649071879.749608000,192.168.1.3
575,1414,1649071879.749656000,192.168.1.3
576,115,1649071879.749660000,192.168.1.3
577,-105,1649071879.817004000,52.94.215.173
578,54,1649071879.817061000,192.168.1.3
579,833,1649071879.817398000,192.168.1.3
580,1414,1649071879.817483000,192.168.1.3
581,1414,1649071879.817487000,192.168.1.3
582,1414,1649071879.817489000,192.168.1.3
583,1414,1649071879.817491000,192.168.1.3
584,1414,1649071879.817494000,192.168.1.3
585,1414,1649071879.817509000,192.168.1.3
586,1414,1649071879.817512000,192.168.1.3
587,1414,1649071879.817514000,192.168.1.3
588,773,1649071879.817517000,192.168.1.3
589,-66,1649071879.821235000,52.94.215.173
590,54,1649071879.821301000,192.168.1.3
591,571,1649071879.821604000,192.168.1.3
592,-66,1649071879.823046000,52.94.215.121
593,54,1649071879.823103000,192.168.1.3
594,571,1649071879.823367000,192.168.1.3
595,-60,1649071879.906933000,52.94.215.173
596,-682,1649071879.915069000,52.94.215.173
597,54,1649071879.915142000,192.168.1.3
598,-66,1649071879.925854000,52.94.234.174
599,54,1649071879.925929000,192.168.1.3
600,571,1649071879.926289000,192.168.1.3
601,-60,1649071879.960819000,52.94.215.173
602,-60,1649071879.961389000,52.94.215.173
603,-1414,1649071879.962718000,52.94.215.173
604,-1414,1649071879.962723000,52.94.215.173
605,-1414,1649071879.962725000,52.94.215.173
606,-1414,1649071879.962727000,52.94.215.173
607,-639,1649071879.962729000,52.94.215.173
608,54,1649071879.962790000,192.168.1.3
609,54,1649071879.962943000,192.168.1.3
610,-60,1649071879.964009000,52.94.215.173
611,-60,1649071879.964013000,52.94.215.173
612,-60,1649071879.964014000,52.94.215.173
613,180,1649071879.964294000,192.168.1.3
614,-60,1649071879.967683000,52.94.215.121
615,-60,1649071879.967687000,52.94.215.121
616,-1414,1649071879.969058000,52.94.215.121
617,-1414,1649071879.969062000,52.94.215.121
618,-1414,1649071879.969064000,52.94.215.121
619,-1414,1649071879.969066000,52.94.215.121
620,-510,1649071879.969068000,52.94.215.121
621,54,1649071879.969126000,192.168.1.3
622,54,1649071879.969254000,192.168.1.3
623,-659,1649071879.973600000,52.94.215.173
624,-105,1649071879.973604000,52.94.215.173
625,54,1649071879.973673000,192.168.1.3
626,180,1649071879.979473000,192.168.1.3
627,-105,1649071880.164020000,52.94.215.173
628,54,1649071880.164077000,192.168.1.3
629,757,1649071880.164372000,192.168.1.3
630,-105,1649071880.164400000,52.94.215.121
631,-60,1649071880.164405000,52.94.234.174
632,-60,1649071880.164406000,52.94.234.174
633,-150,1649071880.164407000,52.94.234.174
634,-1414,1649071880.164408000,52.94.234.174
635,-1414,1649071880.164409000,52.94.234.174
636,1414,1649071880.164436000,192.168.1.3
637,54,1649071880.164437000,192.168.1.3
638,1109,1649071880.164442000,192.168.1.3
639,-1414,1649071880.164447000,52.94.234.174
640,-942,1649071880.164448000,52.94.234.174
641,-392,1649071880.164450000,52.94.234.174
642,-63,1649071880.164451000,52.94.234.174
643,-63,1649071880.164451000,52.94.234.174
644,54,1649071880.164461000,192.168.1.3
645,54,1649071880.164473000,192.168.1.3
646,66,1649071880.164516000,192.168.1.3
647,54,1649071880.164622000,192.168.1.3
648,1020,1649071880.164985000,192.168.1.3
649,204,1649071880.172064000,192.168.1.3
650,201,1649071880.332657000,192.168.1.3
651,1468,1649071880.332780000,192.168.1.3
652,1468,1649071880.332785000,192.168.1.3
653,1468,1649071880.332787000,192.168.1.3
654,1468,1649071880.332789000,192.168.1.3
655,1468,1649071880.332791000,192.168.1.3
656,1468,1649071880.332793000,192.168.1.3
657,1468,1649071880.332795000,192.168.1.3
658,1468,1649071880.332797000,192.168.1.3
659,1468,1649071880.332799000,192.168.1.3
660,1468,1649071880.332801000,192.168.1.3
661,1468,1649071880.332803000,192.168.1.3
662,1057,1649071880.332805000,192.168.1.3
663,-60,1649071880.334452000,52.94.215.173
664,-681,1649071880.335236000,52.94.215.173
665,54,1649071880.335261000,192.168.1.3
666,-60,1649071880.346610000,52.94.215.121
667,-60,1649071880.364229000,52.94.234.174
668,-60,1649071880.364233000,52.94.234.174
669,-123,1649071880.364235000,52.94.234.174
670,54,1649071880.364307000,192.168.1.3
671,715,1649071880.365263000,192.168.1.3
672,-1098,1649071880.374063000,52.94.215.121
673,54,1649071880.374108000,192.168.1.3
674,1067,1649071880.376192000,192.168.1.3
675,-123,1649071880.424012000,52.94.234.174
676,66,1649071880.424048000,192.168.1.3
677,-66,1649071880.461292000,44.237.47.121
678,-66,1649071880.461295000,44.237.47.121
679,-66,1649071880.461296000,44.237.47.121
680,-66,1649071880.461296000,44.237.47.121
681,1468,1649071880.461373000,192.168.1.3
682,1468,1649071880.461380000,192.168.1.3
683,1468,1649071880.461382000,192.168.1.3
684,1468,1649071880.461384000,192.168.1.3
685,1468,1649071880.461386000,192.168.1.3
686,1468,1649071880.461389000,192.168.1.3
687,1468,1649071880.461391000,192.168.1.3
688,1468,1649071880.461397000,192.168.1.3
689,1468,1649071880.461400000,192.168.1.3
690,1468,1649071880.461421000,192.168.1.3
691,1468,1649071880.461423000,192.168.1.3
692,1468,1649071880.461426000,192.168.1.3
693,1468,1649071880.461428000,192.168.1.3
694,1468,1649071880.461442000,192.168.1.3
695,1468,1649071880.461445000,192.168.1.3
696,1468,1649071880.461447000,192.168.1.3
697,1468,1649071880.461449000,192.168.1.3
698,1468,1649071880.461463000,192.168.1.3
699,1468,1649071880.461466000,192.168.1.3
700,1468,1649071880.461468000,192.168.1.3
701,1468,1649071880.461470000,192.168.1.3
702,-66,1649071880.461801000,44.237.47.121
703,-108,1649071880.461803000,44.237.47.121
704,722,1649071880.461824000,192.168.1.3
705,-60,1649071880.517898000,52.94.215.121
706,-283,1649071880.555623000,52.94.234.174
707,54,1649071880.555675000,192.168.1.3
708,78,1649071880.569960000,192.168.1.3
709,-66,1649071880.588252000,44.237.47.121
710,-66,1649071880.588255000,44.237.47.121
711,-66,1649071880.588255000,44.237.47.121
712,-66,1649071880.588256000,44.237.47.121
713,-66,1649071880.588257000,44.237.47.121
714,-108,1649071880.588257000,44.237.47.121
715,-66,1649071880.588258000,44.237.47.121
716,66,1649071880.588309000,192.168.1.3
717,-1414,1649071880.592860000,52.94.215.121
718,-590,1649071880.592862000,52.94.215.121
719,54,1649071880.592887000,192.168.1.3
720,-260,1649071880.595085000,44.237.47.121
721,66,1649071880.595121000,192.168.1.3
722,-74,1649071880.707387000,54.69.142.143
723,66,1649071880.707443000,192.168.1.3
724,583,1649071880.707852000,192.168.1.3
725,-66,1649071880.850023000,54.69.142.143
726,-1468,1649071880.851327000,54.69.142.143
727,-1468,1649071880.851330000,54.69.142.143
728,-1468,1649071880.851331000,54.69.142.143
729,-1348,1649071880.851333000,54.69.142.143
730,66,1649071880.851375000,192.168.1.3
731,66,1649071880.851721000,192.168.1.3
732,78,1649071880.870830000,192.168.1.3
733,192,1649071880.874562000,192.168.1.3
734,165,1649071880.875396000,192.168.1.3
735,521,1649071880.875944000,192.168.1.3
