index,size,time,ip
0,236,1647315664.288823000,192.168.10.155
1,585,1647315664.288873000,192.168.10.155
2,549,1647315664.289905000,192.168.10.155
3,130,1647315664.291740000,192.168.10.155
4,494,1647315664.291858000,192.168.10.155
5,-66,1647315664.292333000,54.230.130.93
6,-1494,1647315664.292937000,54.230.130.93
7,66,1647315664.292944000,192.168.10.155
8,-2388,1647315664.293053000,54.230.130.93
9,66,1647315664.293056000,192.168.10.155
10,-66,1647315664.294026000,54.239.168.21
11,-66,1647315664.294483000,54.239.168.21
12,-1494,1647315664.294997000,54.239.168.21
13,66,1647315664.295009000,192.168.10.155
14,-1494,1647315664.295119000,54.239.168.21
15,66,1647315664.295135000,192.168.10.155
16,-4350,1647315664.295433000,54.239.168.21
17,-90,1647315664.295434000,54.239.168.21
18,-66,1647315664.295434000,54.239.168.21
19,66,1647315664.295443000,192.168.10.155
20,66,1647315664.295456000,192.168.10.155
21,90,1647315664.295753000,192.168.10.155
22,66,1647315664.295771000,192.168.10.155
23,74,1647315664.297571000,192.168.10.155
24,-66,1647315664.298186000,162.219.225.115
25,-66,1647315664.298287000,162.219.225.115
26,-60,1647315664.298560000,54.239.168.21
27,-60,1647315664.298560000,54.239.168.21
28,-125,1647315664.298561000,162.219.225.115
29,66,1647315664.298600000,192.168.10.155
30,97,1647315664.298689000,192.168.10.155
31,-74,1647315664.299982000,54.239.168.21
32,66,1647315664.300004000,192.168.10.155
33,583,1647315664.302452000,192.168.10.155
34,-66,1647315664.305376000,54.239.168.21
35,-1494,1647315664.306057000,54.239.168.21
36,66,1647315664.306072000,192.168.10.155
37,-1494,1647315664.306146000,54.239.168.21
38,66,1647315664.306152000,192.168.10.155
39,-1208,1647315664.307796000,54.239.168.21
40,66,1647315664.307805000,192.168.10.155
41,-66,1647315664.307897000,162.219.225.115
42,74,1647315664.310045000,192.168.10.155
43,130,1647315664.310619000,192.168.10.155
44,495,1647315664.310804000,192.168.10.155
45,-74,1647315664.313518000,54.230.130.62
46,66,1647315664.313542000,192.168.10.155
47,282,1647315664.313746000,192.168.10.155
48,-66,1647315664.315853000,54.239.168.21
49,-66,1647315664.315855000,54.239.168.21
50,-642,1647315664.316489000,54.239.168.21
51,66,1647315664.316553000,192.168.10.155
52,-66,1647315664.316662000,54.230.130.62
53,-90,1647315664.316887000,54.239.168.21
54,90,1647315664.317321000,192.168.10.155
55,66,1647315664.317348000,192.168.10.155
56,-2922,1647315664.317722000,54.230.130.62
57,66,1647315664.317745000,192.168.10.155
58,-1109,1647315664.319478000,54.230.130.62
59,66,1647315664.319497000,192.168.10.155
60,-60,1647315664.320045000,54.239.168.21
61,-60,1647315664.320148000,54.239.168.21
62,159,1647315664.322245000,192.168.10.155
63,74,1647315664.322592000,192.168.10.155
64,-66,1647315664.325708000,54.230.130.62
65,-74,1647315664.325710000,54.239.168.21
66,66,1647315664.325734000,192.168.10.155
67,-237,1647315664.326399000,54.230.130.62
68,-135,1647315664.326400000,54.230.130.62
69,66,1647315664.326414000,192.168.10.155
70,66,1647315664.326425000,192.168.10.155
71,583,1647315664.327814000,192.168.10.155
72,243,1647315664.328369000,192.168.10.155
73,104,1647315664.330321000,192.168.10.155
74,538,1647315664.331934000,192.168.10.155
75,-66,1647315664.335095000,54.230.130.62
76,-104,1647315664.335096000,54.230.130.62
77,66,1647315664.335120000,192.168.10.155
78,-66,1647315664.338134000,54.239.168.21
79,-2922,1647315664.338135000,54.239.168.21
80,-66,1647315664.338136000,54.230.130.62
81,-1208,1647315664.338136000,54.239.168.21
82,66,1647315664.338152000,192.168.10.155
83,66,1647315664.338172000,192.168.10.155
84,-1059,1647315664.338685000,54.230.130.93
85,66,1647315664.338698000,192.168.10.155
86,130,1647315664.342426000,192.168.10.155
87,500,1647315664.342602000,192.168.10.155
88,561,1647315664.343246000,192.168.10.155
89,-66,1647315664.344642000,54.239.168.21
90,-66,1647315664.346219000,54.239.168.21
91,-1494,1647315664.346220000,54.239.168.21
92,66,1647315664.346240000,192.168.10.155
93,-11490,1647315664.346782000,54.239.168.21
94,66,1647315664.346793000,192.168.10.155
95,-3620,1647315664.347075000,54.239.168.21
96,-20058,1647315664.347079000,54.239.168.21
97,66,1647315664.347086000,192.168.10.155
98,66,1647315664.347099000,192.168.10.155
99,-1449,1647315664.347108000,54.230.130.93
100,-2922,1647315664.347619000,54.239.168.21
101,66,1647315664.347630000,192.168.10.155
102,-1494,1647315664.350092000,54.239.168.21
103,66,1647315664.350115000,192.168.10.155
104,-1494,1647315664.350180000,54.239.168.21
105,66,1647315664.350189000,192.168.10.155
106,-22914,1647315664.351205000,54.239.168.21
107,66,1647315664.351224000,192.168.10.155
108,-5778,1647315664.351537000,54.239.168.21
109,-3402,1647315664.351538000,54.239.168.21
110,66,1647315664.351552000,192.168.10.155
111,66,1647315664.351581000,192.168.10.155
112,90,1647315664.351816000,192.168.10.155
113,66,1647315664.351841000,192.168.10.155
114,-60,1647315664.354082000,54.239.168.21
115,-60,1647315664.354083000,54.239.168.21
116,74,1647315664.355394000,192.168.10.155
117,-74,1647315664.357849000,54.239.168.21
118,66,1647315664.357874000,192.168.10.155
119,583,1647315664.361215000,192.168.10.155
120,-66,1647315664.363948000,54.239.168.21
121,-2922,1647315664.366015000,54.239.168.21
122,66,1647315664.366039000,192.168.10.155
123,-1208,1647315664.367876000,54.239.168.21
124,66,1647315664.367895000,192.168.10.155
125,130,1647315664.372046000,192.168.10.155
126,501,1647315664.372258000,192.168.10.155
127,-66,1647315664.374262000,54.239.168.21
128,-66,1647315664.374367000,54.239.168.21
129,-675,1647315664.374860000,54.239.168.21
130,66,1647315664.374869000,192.168.10.155
131,90,1647315664.375115000,192.168.10.155
132,66,1647315664.375138000,192.168.10.155
133,-90,1647315664.375440000,54.239.168.21
134,54,1647315664.375456000,192.168.10.155
135,-60,1647315664.378004000,54.239.168.21
136,-60,1647315664.378005000,54.239.168.21
137,66,1647315664.387494000,192.168.10.155
138,74,1647315664.404130000,192.168.10.155
139,-74,1647315664.407182000,54.239.168.21
140,66,1647315664.407211000,192.168.10.155
141,583,1647315664.409110000,192.168.10.155
142,-66,1647315664.414449000,54.239.168.21
143,-1494,1647315664.415192000,54.239.168.21
144,66,1647315664.415217000,192.168.10.155
145,-1494,1647315664.415273000,54.239.168.21
146,66,1647315664.415283000,192.168.10.155
147,-1208,1647315664.417169000,54.239.168.21
148,66,1647315664.417187000,192.168.10.155
149,130,1647315664.421762000,192.168.10.155
150,508,1647315664.422005000,192.168.10.155
151,-66,1647315664.424255000,54.239.168.21
152,-66,1647315664.424283000,54.239.168.21
153,-1494,1647315664.425722000,54.239.168.21
154,66,1647315664.425741000,192.168.10.155
155,-1494,1647315664.425788000,54.239.168.21
156,66,1647315664.425798000,192.168.10.155
157,-1246,1647315664.426399000,54.239.168.21
158,-90,1647315664.426399000,54.239.168.21
159,66,1647315664.426415000,192.168.10.155
160,90,1647315664.426776000,192.168.10.155
161,66,1647315664.426810000,192.168.10.155
162,74,1647315664.429377000,192.168.10.155
163,-60,1647315664.429419000,54.239.168.21
164,-60,1647315664.429420000,54.239.168.21
165,-74,1647315664.431848000,54.239.168.21
166,66,1647315664.431883000,192.168.10.155
167,583,1647315664.436808000,192.168.10.155
168,-66,1647315664.440444000,54.239.168.21
169,-2922,1647315664.441262000,54.239.168.21
170,66,1647315664.441294000,192.168.10.155
171,-1208,1647315664.442643000,54.239.168.21
172,66,1647315664.442659000,192.168.10.155
173,130,1647315664.445317000,192.168.10.155
174,506,1647315664.445468000,192.168.10.155
175,-66,1647315664.448045000,54.239.168.21
176,-66,1647315664.448046000,54.239.168.21
177,-2822,1647315664.449407000,54.239.168.21
178,-90,1647315664.449409000,54.239.168.21
179,66,1647315664.449436000,192.168.10.155
180,90,1647315664.450078000,192.168.10.155
181,66,1647315664.450124000,192.168.10.155
182,-60,1647315664.452331000,54.239.168.21
183,-60,1647315664.452333000,54.239.168.21
184,74,1647315664.453349000,192.168.10.155
185,-74,1647315664.455729000,54.239.168.21
186,66,1647315664.455752000,192.168.10.155
187,583,1647315664.458577000,192.168.10.155
188,-66,1647315664.465055000,54.239.168.21
189,-1494,1647315664.466168000,54.239.168.21
190,66,1647315664.466189000,192.168.10.155
191,-1494,1647315664.466249000,54.239.168.21
192,66,1647315664.466255000,192.168.10.155
193,-1208,1647315664.467807000,54.239.168.21
194,66,1647315664.467817000,192.168.10.155
195,130,1647315664.471482000,192.168.10.155
196,518,1647315664.471705000,192.168.10.155
197,-66,1647315664.473776000,54.239.168.21
198,-66,1647315664.473812000,54.239.168.21
199,-996,1647315664.474824000,54.239.168.21
200,66,1647315664.474835000,192.168.10.155
201,90,1647315664.475208000,192.168.10.155
202,66,1647315664.475246000,192.168.10.155
203,-90,1647315664.475423000,54.239.168.21
204,54,1647315664.475448000,192.168.10.155
205,74,1647315664.477974000,192.168.10.155
206,-60,1647315664.478884000,54.239.168.21
207,-60,1647315664.478884000,54.239.168.21
208,-74,1647315664.480830000,54.239.168.21
209,66,1647315664.480903000,192.168.10.155
210,583,1647315664.486917000,192.168.10.155
211,-66,1647315664.491865000,54.239.168.21
212,-1494,1647315664.492001000,54.239.168.21
213,66,1647315664.492020000,192.168.10.155
214,-1494,1647315664.492980000,54.239.168.21
215,66,1647315664.492991000,192.168.10.155
216,-1208,1647315664.493657000,54.239.168.21
217,66,1647315664.493667000,192.168.10.155
218,130,1647315664.497118000,192.168.10.155
219,518,1647315664.497307000,192.168.10.155
220,-66,1647315664.500239000,54.239.168.21
221,-66,1647315664.500318000,54.239.168.21
222,-675,1647315664.501377000,54.239.168.21
223,-90,1647315664.501378000,54.239.168.21
224,66,1647315664.501403000,192.168.10.155
225,90,1647315664.502430000,192.168.10.155
226,66,1647315664.502531000,192.168.10.155
227,-903,1647315664.503428000,162.219.225.115
228,66,1647315664.503441000,192.168.10.155
229,-2962,1647315664.504208000,162.219.225.115
230,66,1647315664.504237000,192.168.10.155
231,-2962,1647315664.505059000,162.219.225.115
232,-100,1647315664.505060000,162.219.225.115
233,66,1647315664.505081000,192.168.10.155
234,66,1647315664.505104000,192.168.10.155
235,74,1647315664.505747000,192.168.10.155
236,-60,1647315664.505958000,54.239.168.21
237,-60,1647315664.505959000,54.239.168.21
238,-74,1647315664.508451000,54.239.168.21
239,66,1647315664.508479000,192.168.10.155
240,583,1647315664.511790000,192.168.10.155
241,-66,1647315664.515602000,54.239.168.21
242,-1494,1647315664.515722000,54.239.168.21
243,66,1647315664.515745000,192.168.10.155
244,-1494,1647315664.516342000,54.239.168.21
245,66,1647315664.516355000,192.168.10.155
246,-1208,1647315664.518297000,54.239.168.21
247,66,1647315664.518320000,192.168.10.155
248,-1514,1647315664.522814000,162.219.225.115
249,66,1647315664.522843000,192.168.10.155
250,-1514,1647315664.522899000,162.219.225.115
251,66,1647315664.522912000,192.168.10.155
252,-4052,1647315664.523603000,162.219.225.115
253,66,1647315664.523620000,192.168.10.155
254,130,1647315664.524022000,192.168.10.155
255,517,1647315664.524206000,192.168.10.155
256,-66,1647315664.526265000,54.239.168.21
257,-66,1647315664.526568000,54.239.168.21
258,-772,1647315664.527047000,54.239.168.21
259,66,1647315664.527059000,192.168.10.155
260,90,1647315664.527476000,192.168.10.155
261,66,1647315664.527515000,192.168.10.155
262,-90,1647315664.527632000,54.239.168.21
263,54,1647315664.527652000,192.168.10.155
264,-60,1647315664.529862000,54.239.168.21
265,-60,1647315664.529956000,54.239.168.21
266,547,1647315664.588732000,192.168.10.155
267,-1068,1647315664.593278000,54.230.130.93
268,66,1647315664.593296000,192.168.10.155
269,570,1647315664.596894000,192.168.10.155
270,-1831,1647315664.600419000,54.230.130.93
271,66,1647315664.600523000,192.168.10.155
272,74,1647315664.603379000,192.168.10.155
273,74,1647315664.604011000,192.168.10.155
274,74,1647315664.604194000,192.168.10.155
275,74,1647315664.604292000,192.168.10.155
276,74,1647315664.604376000,192.168.10.155
277,-74,1647315664.613051000,151.101.229.16
278,-74,1647315664.613052000,151.101.229.16
279,66,1647315664.613077000,192.168.10.155
280,66,1647315664.613101000,192.168.10.155
281,-74,1647315664.613672000,151.101.229.16
282,-74,1647315664.613672000,151.101.229.16
283,-74,1647315664.613672000,151.101.229.16
284,66,1647315664.613682000,192.168.10.155
285,66,1647315664.613701000,192.168.10.155
286,66,1647315664.613708000,192.168.10.155
287,583,1647315664.615093000,192.168.10.155
288,583,1647315664.619359000,192.168.10.155
289,583,1647315664.621824000,192.168.10.155
290,583,1647315664.623758000,192.168.10.155
291,-66,1647315664.624592000,151.101.229.16
292,583,1647315664.625581000,192.168.10.155
293,-1514,1647315664.626147000,151.101.229.16
294,66,1647315664.626156000,192.168.10.155
295,-1514,1647315664.626262000,151.101.229.16
296,66,1647315664.626269000,192.168.10.155
297,-2601,1647315664.626982000,151.101.229.16
298,66,1647315664.626986000,192.168.10.155
299,130,1647315664.629276000,192.168.10.155
300,236,1647315664.629709000,192.168.10.155
301,897,1647315664.631887000,192.168.10.155
302,-66,1647315664.633704000,151.101.229.16
303,-66,1647315664.633704000,151.101.229.16
304,-4410,1647315664.634420000,151.101.229.16
305,-1153,1647315664.634420000,151.101.229.16
306,-4410,1647315664.634421000,151.101.229.16
307,-1153,1647315664.634421000,151.101.229.16
308,66,1647315664.634435000,192.168.10.155
309,66,1647315664.634454000,192.168.10.155
310,66,1647315664.634459000,192.168.10.155
311,66,1647315664.634463000,192.168.10.155
312,-66,1647315664.634470000,151.101.229.16
313,-2962,1647315664.635737000,151.101.229.16
314,-1514,1647315664.635744000,151.101.229.16
315,66,1647315664.635785000,192.168.10.155
316,66,1647315664.635834000,192.168.10.155
317,-1153,1647315664.637109000,151.101.229.16
318,-66,1647315664.637110000,151.101.229.16
319,-1514,1647315664.637110000,151.101.229.16
320,66,1647315664.637126000,192.168.10.155
321,66,1647315664.637148000,192.168.10.155
322,-1514,1647315664.638151000,151.101.229.16
323,-2601,1647315664.638153000,151.101.229.16
324,66,1647315664.638174000,192.168.10.155
325,66,1647315664.638203000,192.168.10.155
326,-66,1647315664.640868000,151.101.229.16
327,-66,1647315664.640869000,151.101.229.16
328,-125,1647315664.640870000,151.101.229.16
329,66,1647315664.640898000,192.168.10.155
330,97,1647315664.641301000,192.168.10.155
331,-66,1647315664.641420000,151.101.229.16
332,-5858,1647315664.642054000,151.101.229.16
333,66,1647315664.642065000,192.168.10.155
334,130,1647315664.642567000,192.168.10.155
335,-1514,1647315664.642703000,151.101.229.16
336,-7306,1647315664.642709000,151.101.229.16
337,66,1647315664.642721000,192.168.10.155
338,66,1647315664.642733000,192.168.10.155
339,-2962,1647315664.644101000,151.101.229.16
340,66,1647315664.644116000,192.168.10.155
341,130,1647315664.644254000,192.168.10.155
342,236,1647315664.644476000,192.168.10.155
343,394,1647315664.644496000,192.168.10.155
344,130,1647315664.644809000,192.168.10.155
345,-4410,1647315664.645087000,151.101.229.16
346,-6971,1647315664.645089000,151.101.229.16
347,66,1647315664.645101000,192.168.10.155
348,66,1647315664.645110000,192.168.10.155
349,253,1647315664.645206000,192.168.10.155
350,253,1647315664.648110000,192.168.10.155
351,178,1647315664.648248000,192.168.10.155
352,-66,1647315664.650148000,151.101.229.16
353,90,1647315664.650246000,192.168.10.155
354,66,1647315664.650278000,192.168.10.155
355,333,1647315664.650748000,192.168.10.155
356,130,1647315664.651279000,192.168.10.155
357,-66,1647315664.651394000,151.101.229.16
358,90,1647315664.651914000,192.168.10.155
359,66,1647315664.651952000,192.168.10.155
360,253,1647315664.652468000,192.168.10.155
361,445,1647315664.653119000,192.168.10.155
362,90,1647315664.653765000,192.168.10.155
363,66,1647315664.653785000,192.168.10.155
364,-66,1647315664.656153000,151.101.229.16
365,-66,1647315664.659220000,151.101.229.16
366,-66,1647315664.659220000,151.101.229.16
367,-66,1647315664.659221000,151.101.229.16
368,-66,1647315664.659221000,151.101.229.16
369,-125,1647315664.659221000,151.101.229.16
370,54,1647315664.659247000,192.168.10.155
371,-66,1647315664.660270000,151.101.229.16
372,-125,1647315664.660271000,151.101.229.16
373,-125,1647315664.660271000,151.101.229.16
374,-66,1647315664.660271000,151.101.229.16
375,-4410,1647315664.660272000,151.101.229.16
376,-4410,1647315664.660273000,151.101.229.16
377,66,1647315664.660287000,192.168.10.155
378,54,1647315664.660304000,192.168.10.155
379,66,1647315664.660314000,192.168.10.155
380,66,1647315664.660318000,192.168.10.155
381,-4410,1647315664.660336000,151.101.229.16
382,-3397,1647315664.660337000,151.101.229.16
383,-66,1647315664.660337000,151.101.229.16
384,-66,1647315664.660337000,151.101.229.16
385,66,1647315664.660341000,192.168.10.155
386,66,1647315664.660345000,192.168.10.155
387,54,1647315664.660351000,192.168.10.155
388,54,1647315664.660354000,192.168.10.155
389,97,1647315664.660358000,192.168.10.155
390,-90,1647315664.660364000,151.101.229.16
391,-66,1647315664.660364000,151.101.229.16
392,-4410,1647315664.660365000,151.101.229.16
393,-66,1647315664.660365000,151.101.229.16
394,54,1647315664.660368000,192.168.10.155
395,54,1647315664.660371000,192.168.10.155
396,66,1647315664.660374000,192.168.10.155
397,-10202,1647315664.660682000,151.101.229.16
398,-1514,1647315664.660683000,151.101.229.16
399,66,1647315664.660693000,192.168.10.155
400,-2962,1647315664.660777000,151.101.229.16
401,-66,1647315664.660777000,151.101.229.16
402,-4410,1647315664.660778000,151.101.229.16
403,66,1647315664.660784000,192.168.10.155
404,66,1647315664.661032000,192.168.10.155
405,-1748,1647315664.661903000,151.101.229.16
406,-66,1647315664.661905000,151.101.229.16
407,-90,1647315664.661906000,151.101.229.16
408,-66,1647315664.661906000,151.101.229.16
409,-10202,1647315664.661909000,151.101.229.16
410,66,1647315664.661933000,192.168.10.155
411,54,1647315664.661970000,192.168.10.155
412,54,1647315664.661980000,192.168.10.155
413,54,1647315664.661985000,192.168.10.155
414,-4410,1647315664.662004000,151.101.229.16
415,66,1647315664.662008000,192.168.10.155
416,-66,1647315664.662511000,151.101.229.16
417,-66,1647315664.662512000,151.101.229.16
418,-125,1647315664.662512000,151.101.229.16
419,-10202,1647315664.662513000,151.101.229.16
420,54,1647315664.662521000,192.168.10.155
421,54,1647315664.662537000,192.168.10.155
422,-4410,1647315664.662557000,151.101.229.16
423,-66,1647315664.663034000,151.101.229.16
424,-66,1647315664.663034000,151.101.229.16
425,-90,1647315664.663034000,151.101.229.16
426,-66,1647315664.663034000,151.101.229.16
427,-2962,1647315664.663035000,151.101.229.16
428,54,1647315664.663040000,192.168.10.155
429,54,1647315664.663044000,192.168.10.155
430,54,1647315664.663047000,192.168.10.155
431,54,1647315664.663049000,192.168.10.155
432,66,1647315664.663563000,192.168.10.155
433,-7231,1647315664.663864000,151.101.229.16
434,-4410,1647315664.663865000,151.101.229.16
435,66,1647315664.663886000,192.168.10.155
436,-66,1647315664.664404000,151.101.229.16
437,-2962,1647315664.664405000,151.101.229.16
438,66,1647315664.664490000,192.168.10.155
439,66,1647315664.665497000,192.168.10.155
440,-1514,1647315664.669993000,151.101.229.16
441,-1514,1647315664.670056000,151.101.229.16
442,66,1647315664.670094000,192.168.10.155
443,-5858,1647315664.670427000,151.101.229.16
444,66,1647315664.670450000,192.168.10.155
445,-2962,1647315664.671338000,151.101.229.16
446,66,1647315664.671366000,192.168.10.155
447,-2962,1647315664.671663000,151.101.229.16
448,66,1647315664.671671000,192.168.10.155
449,-66,1647315664.671740000,151.101.229.16
450,-5858,1647315664.672440000,151.101.229.16
451,66,1647315664.672455000,192.168.10.155
452,-10202,1647315664.673180000,151.101.229.16
453,66,1647315664.673196000,192.168.10.155
454,-11650,1647315664.673659000,151.101.229.16
455,66,1647315664.673668000,192.168.10.155
456,-1514,1647315664.673686000,151.101.229.16
457,66,1647315664.673690000,192.168.10.155
458,-1514,1647315664.674388000,151.101.229.16
459,66,1647315664.674396000,192.168.10.155
460,-1514,1647315664.674505000,151.101.229.16
461,66,1647315664.674507000,192.168.10.155
462,-5570,1647315664.675492000,151.101.229.16
463,66,1647315664.675500000,192.168.10.155
464,-1514,1647315664.679124000,151.101.229.16
465,66,1647315664.679139000,192.168.10.155
466,-1514,1647315664.679228000,151.101.229.16
467,66,1647315664.679231000,192.168.10.155
468,-9042,1647315664.679932000,151.101.229.16
469,66,1647315664.679940000,192.168.10.155
470,-15329,1647315664.680717000,151.101.229.16
471,66,1647315664.680736000,192.168.10.155
472,-4058,1647315664.687797000,162.219.225.115
473,66,1647315664.687812000,192.168.10.155
474,-2962,1647315664.688475000,162.219.225.115
475,66,1647315664.688483000,192.168.10.155
476,-1433,1647315664.689120000,162.219.225.115
477,-2090,1647315664.689120000,162.219.225.115
478,66,1647315664.689137000,192.168.10.155
479,-2962,1647315664.695999000,162.219.225.115
480,66,1647315664.696046000,192.168.10.155
481,-2817,1647315664.696663000,162.219.225.115
482,66,1647315664.696673000,192.168.10.155
483,-7306,1647315664.697048000,162.219.225.115
484,66,1647315664.697076000,192.168.10.155
485,-3560,1647315664.697549000,162.219.225.115
486,66,1647315664.697561000,192.168.10.155
487,-2962,1647315664.707125000,162.219.225.115
488,66,1647315664.707136000,192.168.10.155
489,-7306,1647315664.707177000,162.219.225.115
490,66,1647315664.707190000,192.168.10.155
491,-6581,1647315664.709407000,162.219.225.115
492,-1719,1647315664.709411000,162.219.225.115
493,-10202,1647315664.709416000,162.219.225.115
494,66,1647315664.709432000,192.168.10.155
495,-3259,1647315664.709463000,162.219.225.115
496,66,1647315664.709494000,192.168.10.155
497,-2962,1647315664.711770000,162.219.225.115
498,66,1647315664.711779000,192.168.10.155
499,-10202,1647315664.712524000,162.219.225.115
500,-3465,1647315664.712525000,162.219.225.115
501,66,1647315664.712552000,192.168.10.155
502,-1697,1647315664.713921000,162.219.225.115
503,66,1647315664.713938000,192.168.10.155
504,-2962,1647315664.715044000,162.219.225.115
505,66,1647315664.715191000,192.168.10.155
506,-8915,1647315664.716059000,162.219.225.115
507,66,1647315664.716090000,192.168.10.155
508,-1514,1647315664.717375000,162.219.225.115
509,-1514,1647315664.717487000,162.219.225.115
510,66,1647315664.717494000,192.168.10.155
511,-1824,1647315664.718529000,162.219.225.115
512,66,1647315664.718551000,192.168.10.155
513,-2962,1647315664.720034000,162.219.225.115
514,66,1647315664.720045000,192.168.10.155
515,-8783,1647315664.720512000,162.219.225.115
516,66,1647315664.720516000,192.168.10.155
517,-4704,1647315664.722400000,162.219.225.115
518,66,1647315664.722407000,192.168.10.155
519,-2962,1647315664.763587000,162.219.225.115
520,66,1647315664.763607000,192.168.10.155
521,-6187,1647315664.763964000,162.219.225.115
522,66,1647315664.763972000,192.168.10.155
523,-1514,1647315664.764675000,162.219.225.115
524,66,1647315664.764693000,192.168.10.155
525,-1514,1647315664.764760000,162.219.225.115
526,66,1647315664.764764000,192.168.10.155
527,-13601,1647315664.765624000,162.219.225.115
528,66,1647315664.765649000,192.168.10.155
529,-2695,1647315664.766023000,162.219.225.115
530,66,1647315664.766032000,192.168.10.155
531,-325,1647315664.770525000,162.219.225.115
532,66,1647315664.770545000,192.168.10.155
533,74,1647315664.771249000,192.168.10.155
534,211,1647315664.771453000,192.168.10.155
535,198,1647315664.772101000,192.168.10.155
536,-66,1647315664.781735000,151.101.229.16
537,-66,1647315664.781737000,151.101.229.16
538,-4410,1647315664.781740000,151.101.229.16
539,66,1647315664.781855000,192.168.10.155
540,-6568,1647315664.781987000,151.101.229.16
541,66,1647315664.782007000,192.168.10.155
542,-4489,1647315664.782124000,151.101.229.16
543,66,1647315664.782137000,192.168.10.155
544,169,1647315664.797587000,192.168.10.155
545,-66,1647315664.806786000,151.101.229.16
546,-5858,1647315664.808626000,151.101.229.16
547,66,1647315664.808640000,192.168.10.155
548,-2489,1647315664.808668000,151.101.229.16
549,66,1647315664.808674000,192.168.10.155
550,200,1647315664.817253000,192.168.10.155
551,74,1647315664.817312000,192.168.10.155
552,-66,1647315664.826171000,151.101.229.16
553,-74,1647315664.826480000,151.101.229.16
554,66,1647315664.826499000,192.168.10.155
555,-1514,1647315664.826615000,151.101.229.16
556,-11650,1647315664.827366000,151.101.229.16
557,66,1647315664.827375000,192.168.10.155
558,-3048,1647315664.827635000,151.101.229.16
559,-16503,1647315664.827638000,151.101.229.16
560,66,1647315664.827645000,192.168.10.155
561,66,1647315664.827652000,192.168.10.155
562,-14546,1647315664.828625000,151.101.229.16
563,66,1647315664.828636000,192.168.10.155
564,-4360,1647315664.828913000,151.101.229.16
565,66,1647315664.828916000,192.168.10.155
566,583,1647315664.829723000,192.168.10.155
567,-66,1647315664.839018000,151.101.229.16
568,-1514,1647315664.841225000,151.101.229.16
569,66,1647315664.841245000,192.168.10.155
570,-1514,1647315664.841392000,151.101.229.16
571,66,1647315664.841396000,192.168.10.155
572,-2585,1647315664.841725000,151.101.229.16
573,66,1647315664.841728000,192.168.10.155
574,130,1647315664.845096000,192.168.10.155
575,253,1647315664.845370000,192.168.10.155
576,90,1647315664.845896000,192.168.10.155
577,66,1647315664.845917000,192.168.10.155
578,-66,1647315664.854784000,151.101.229.16
579,-66,1647315664.854786000,151.101.229.16
580,-66,1647315664.854786000,151.101.229.16
581,-66,1647315664.856130000,151.101.229.16
582,-90,1647315664.859188000,151.101.229.16
583,-66,1647315664.859188000,151.101.229.16
584,-587,1647315664.859189000,162.219.225.115
585,54,1647315664.859205000,192.168.10.155
586,54,1647315664.859224000,192.168.10.155
587,66,1647315664.859232000,192.168.10.155
588,-74,1647315664.869842000,44.233.46.194
589,66,1647315664.869878000,192.168.10.155
590,-1514,1647315664.871009000,162.219.225.115
591,66,1647315664.871068000,192.168.10.155
592,-1514,1647315664.871144000,162.219.225.115
593,66,1647315664.871162000,192.168.10.155
594,-11650,1647315664.871677000,162.219.225.115
595,66,1647315664.871711000,192.168.10.155
596,-2017,1647315664.871787000,162.219.225.115
597,-1007,1647315664.871789000,162.219.225.115
598,66,1647315664.871807000,192.168.10.155
599,66,1647315664.871821000,192.168.10.155
600,583,1647315664.873137000,192.168.10.155
601,193,1647315664.884375000,192.168.10.155
602,-66,1647315664.893584000,151.101.229.16
603,-1514,1647315664.893744000,151.101.229.16
604,66,1647315664.893761000,192.168.10.155
605,-10202,1647315664.894198000,151.101.229.16
606,66,1647315664.894249000,192.168.10.155
607,-2655,1647315664.894506000,151.101.229.16
608,66,1647315664.894511000,192.168.10.155
609,-674,1647315664.907352000,162.219.225.115
610,66,1647315664.907365000,192.168.10.155
611,-66,1647315664.972019000,44.233.46.194
612,-2962,1647315664.973781000,44.233.46.194
613,66,1647315664.973795000,192.168.10.155
614,-2615,1647315664.974349000,44.233.46.194
615,66,1647315664.974354000,192.168.10.155
616,192,1647315664.979845000,192.168.10.155
617,-324,1647315665.080393000,44.233.46.194
618,-135,1647315665.080394000,44.233.46.194
619,66,1647315665.080425000,192.168.10.155
620,66,1647315665.080460000,192.168.10.155
621,243,1647315665.136659000,192.168.10.155
622,507,1647315665.136719000,192.168.10.155
623,104,1647315665.137138000,192.168.10.155
624,-808,1647315665.232505000,162.219.225.115
625,-585,1647315665.232506000,162.219.225.115
626,66,1647315665.232527000,192.168.10.155
627,66,1647315665.232559000,192.168.10.155
628,-66,1647315665.234591000,44.233.46.194
629,-104,1647315665.234657000,44.233.46.194
630,66,1647315665.234677000,192.168.10.155
631,-2962,1647315665.235607000,162.219.225.115
632,66,1647315665.235667000,192.168.10.155
633,-8190,1647315665.236896000,162.219.225.115
634,66,1647315665.236933000,192.168.10.155
635,-236,1647315665.238767000,44.233.46.194
636,-104,1647315665.238768000,44.233.46.194
637,66,1647315665.238801000,192.168.10.155
638,66,1647315665.238833000,192.168.10.155
639,-2962,1647315665.240104000,162.219.225.115
640,66,1647315665.240120000,192.168.10.155
641,-6187,1647315665.240975000,162.219.225.115
642,-9089,1647315665.240978000,162.219.225.115
643,66,1647315665.241002000,192.168.10.155
644,66,1647315665.241033000,192.168.10.155
645,-1514,1647315665.242079000,162.219.225.115
646,66,1647315665.242098000,192.168.10.155
647,-1514,1647315665.242158000,162.219.225.115
648,66,1647315665.242168000,192.168.10.155
649,-6193,1647315665.242658000,162.219.225.115
650,66,1647315665.242665000,192.168.10.155
651,-2962,1647315665.244610000,162.219.225.115
652,66,1647315665.244628000,192.168.10.155
653,-13601,1647315665.245835000,162.219.225.115
654,66,1647315665.245848000,192.168.10.155
655,-584,1647315665.245873000,162.219.225.115
656,66,1647315665.245878000,192.168.10.155
657,-1514,1647315665.247337000,162.219.225.115
658,66,1647315665.247349000,192.168.10.155
659,-1514,1647315665.247427000,162.219.225.115
660,66,1647315665.247432000,192.168.10.155
661,-11650,1647315665.247895000,162.219.225.115
662,66,1647315665.247902000,192.168.10.155
663,-1649,1647315665.247931000,162.219.225.115
664,66,1647315665.247935000,192.168.10.155
665,74,1647315665.248502000,192.168.10.155
666,202,1647315665.250671000,192.168.10.155
667,156,1647315665.251244000,192.168.10.155
668,-636,1647315665.253027000,162.219.225.115
669,66,1647315665.253077000,192.168.10.155
670,156,1647315665.253603000,192.168.10.155
671,157,1647315665.254290000,192.168.10.155
672,157,1647315665.254594000,192.168.10.155
673,156,1647315665.256641000,192.168.10.155
674,260,1647315665.256901000,192.168.10.155
675,174,1647315665.257206000,192.168.10.155
676,-74,1647315665.257841000,151.101.229.16
677,66,1647315665.257874000,192.168.10.155
678,-66,1647315665.259428000,151.101.229.16
679,-508,1647315665.259901000,151.101.229.16
680,-66,1647315665.260591000,151.101.229.16
681,583,1647315665.260806000,192.168.10.155
682,-66,1647315665.262316000,151.101.229.16
683,-66,1647315665.263980000,151.101.229.16
684,-2150,1647315665.263984000,162.219.225.115
685,66,1647315665.264014000,192.168.10.155
686,-66,1647315665.265048000,151.101.229.16
687,-10121,1647315665.265055000,151.101.229.16
688,66,1647315665.265113000,192.168.10.155
689,-8805,1647315665.265221000,151.101.229.16
690,66,1647315665.265232000,192.168.10.155
691,-11609,1647315665.265313000,151.101.229.16
692,66,1647315665.265324000,192.168.10.155
693,-66,1647315665.266242000,151.101.229.16
694,-66,1647315665.266243000,151.101.229.16
695,-66,1647315665.266243000,151.101.229.16
696,-329,1647315665.266737000,151.101.229.16
697,-6146,1647315665.266738000,151.101.229.16
698,-385,1647315665.266739000,151.101.229.16
699,66,1647315665.266759000,192.168.10.155
700,-10801,1647315665.267632000,151.101.229.16
701,66,1647315665.267647000,192.168.10.155
702,-5933,1647315665.268783000,151.101.229.16
703,66,1647315665.268839000,192.168.10.155
704,-2962,1647315665.270152000,151.101.229.16
705,66,1647315665.270173000,192.168.10.155
706,-2297,1647315665.270966000,151.101.229.16
707,-66,1647315665.270966000,151.101.229.16
708,66,1647315665.270987000,192.168.10.155
709,-1514,1647315665.272797000,151.101.229.16
710,66,1647315665.272814000,192.168.10.155
711,-1514,1647315665.272906000,151.101.229.16
712,66,1647315665.272914000,192.168.10.155
713,-2601,1647315665.273704000,151.101.229.16
714,66,1647315665.273715000,192.168.10.155
715,130,1647315665.277232000,192.168.10.155
716,253,1647315665.277573000,192.168.10.155
717,90,1647315665.278184000,192.168.10.155
718,66,1647315665.278209000,192.168.10.155
719,155,1647315665.278935000,192.168.10.155
720,155,1647315665.279490000,192.168.10.155
721,155,1647315665.279784000,192.168.10.155
722,-66,1647315665.287083000,151.101.229.16
723,-66,1647315665.287084000,151.101.229.16
724,-66,1647315665.287380000,151.101.229.16
725,-66,1647315665.287380000,151.101.229.16
726,-66,1647315665.287486000,151.101.229.16
727,-90,1647315665.288129000,151.101.229.16
728,-66,1647315665.288129000,151.101.229.16
729,54,1647315665.288149000,192.168.10.155
730,54,1647315665.288170000,192.168.10.155
731,-622,1647315665.288692000,151.101.229.16
732,-66,1647315665.288693000,151.101.229.16
733,-66,1647315665.288693000,151.101.229.16
734,-8343,1647315665.289374000,151.101.229.16
735,-2962,1647315665.289375000,151.101.229.16
736,66,1647315665.289392000,192.168.10.155
737,66,1647315665.289422000,192.168.10.155
738,-13205,1647315665.289568000,151.101.229.16
739,66,1647315665.289572000,192.168.10.155
740,-5864,1647315665.290282000,151.101.229.16
741,66,1647315665.290297000,192.168.10.155
742,-497,1647315665.295477000,162.219.225.115
743,66,1647315665.295496000,192.168.10.155
744,155,1647315665.325436000,192.168.10.155
745,-66,1647315665.334316000,151.101.229.16
746,-2962,1647315665.334853000,151.101.229.16
747,66,1647315665.334921000,192.168.10.155
748,-13150,1647315665.336150000,151.101.229.16
749,66,1647315665.336174000,192.168.10.155
750,-551,1647315665.336196000,151.101.229.16
751,66,1647315665.379486000,192.168.10.155
752,174,1647315665.405033000,192.168.10.155
753,622,1647315665.406030000,192.168.10.155
754,207,1647315665.410656000,192.168.10.155
755,-66,1647315665.414815000,151.101.229.16
756,-668,1647315665.414816000,151.101.229.16
757,66,1647315665.414841000,192.168.10.155
758,-66,1647315665.415731000,151.101.229.16
759,-10202,1647315665.415744000,151.101.229.16
760,66,1647315665.415832000,192.168.10.155
761,-5870,1647315665.416092000,151.101.229.16
762,-4410,1647315665.416095000,151.101.229.16
763,66,1647315665.416125000,192.168.10.155
764,66,1647315665.416162000,192.168.10.155
765,-12159,1647315665.416313000,151.101.229.16
766,66,1647315665.416339000,192.168.10.155
767,-30474,1647315665.417662000,151.101.229.16
768,66,1647315665.417678000,192.168.10.155
769,1181,1647315665.417867000,192.168.10.155
770,-11650,1647315665.418025000,151.101.229.16
771,66,1647315665.418036000,192.168.10.155
772,-18890,1647315665.418623000,151.101.229.16
773,66,1647315665.418653000,192.168.10.155
774,-8754,1647315665.418737000,151.101.229.16
775,66,1647315665.418747000,192.168.10.155
776,-21786,1647315665.420274000,151.101.229.16
777,66,1647315665.420288000,192.168.10.155
778,183,1647315665.420518000,192.168.10.155
779,177,1647315665.421076000,192.168.10.155
780,-3188,1647315665.421627000,151.101.229.16
781,-66,1647315665.421627000,151.101.229.16
782,66,1647315665.421641000,192.168.10.155
783,177,1647315665.422232000,192.168.10.155
784,177,1647315665.422964000,192.168.10.155
785,-1514,1647315665.423509000,151.101.229.16
786,-1514,1647315665.423601000,151.101.229.16
787,66,1647315665.423610000,192.168.10.155
788,-20338,1647315665.424571000,151.101.229.16
789,66,1647315665.424588000,192.168.10.155
790,-2962,1647315665.425182000,151.101.229.16
791,66,1647315665.425192000,192.168.10.155
792,-5725,1647315665.425819000,151.101.229.16
793,66,1647315665.425830000,192.168.10.155
794,-66,1647315665.427477000,151.101.229.16
795,-1514,1647315665.428846000,151.101.229.16
796,-1514,1647315665.428955000,151.101.229.16
797,66,1647315665.428964000,192.168.10.155
798,174,1647315665.429501000,192.168.10.155
799,-13050,1647315665.429800000,151.101.229.16
800,66,1647315665.429811000,192.168.10.155
801,-16503,1647315665.429849000,151.101.229.16
802,66,1647315665.429853000,192.168.10.155
803,169,1647315665.430075000,192.168.10.155
804,-32940,1647315665.431015000,151.101.229.16
805,66,1647315665.431031000,192.168.10.155
806,-21786,1647315665.431094000,151.101.229.16
807,66,1647315665.431103000,192.168.10.155
808,-27578,1647315665.432204000,151.101.229.16
809,66,1647315665.432224000,192.168.10.155
810,-36266,1647315665.432313000,151.101.229.16
811,66,1647315665.432318000,192.168.10.155
812,-4410,1647315665.432334000,151.101.229.16
813,66,1647315665.432338000,192.168.10.155
814,183,1647315665.432747000,192.168.10.155
815,284,1647315665.433009000,192.168.10.155
816,-8754,1647315665.433763000,151.101.229.16
817,-66,1647315665.433764000,151.101.229.16
818,-66,1647315665.433765000,151.101.229.16
819,66,1647315665.433785000,192.168.10.155
820,191,1647315665.433808000,192.168.10.155
821,-34818,1647315665.433884000,151.101.229.16
822,66,1647315665.433889000,192.168.10.155
823,-17442,1647315665.433931000,151.101.229.16
824,66,1647315665.433935000,192.168.10.155
825,-34818,1647315665.435329000,151.101.229.16
826,66,1647315665.435390000,192.168.10.155
827,-66,1647315665.435518000,151.101.229.16
828,-66,1647315665.435519000,151.101.229.16
829,-13098,1647315665.435524000,151.101.229.16
830,66,1647315665.435569000,192.168.10.155
831,-1514,1647315665.437671000,151.101.229.16
832,-1514,1647315665.437779000,151.101.229.16
833,66,1647315665.437787000,192.168.10.155
834,-43506,1647315665.438952000,151.101.229.16
835,66,1647315665.438964000,192.168.10.155
836,-10202,1647315665.439323000,151.101.229.16
837,-66,1647315665.439324000,151.101.229.16
838,66,1647315665.439335000,192.168.10.155
839,-66,1647315665.440183000,151.101.229.16
840,-4410,1647315665.440967000,151.101.229.16
841,66,1647315665.440974000,192.168.10.155
842,-16672,1647315665.441755000,151.101.229.16
843,66,1647315665.441763000,192.168.10.155
844,-66,1647315665.442436000,151.101.229.16
845,-66,1647315665.442436000,151.101.229.16
846,-66,1647315665.442802000,151.101.229.16
847,-1514,1647315665.442943000,151.101.229.16
848,-11650,1647315665.443452000,151.101.229.16
849,66,1647315665.443460000,192.168.10.155
850,-7487,1647315665.443713000,151.101.229.16
851,-14546,1647315665.443716000,151.101.229.16
852,66,1647315665.443722000,192.168.10.155
853,66,1647315665.443734000,192.168.10.155
854,-2023,1647315665.444866000,151.101.229.16
855,-20876,1647315665.444869000,151.101.229.16
856,66,1647315665.444882000,192.168.10.155
857,-1743,1647315665.444931000,151.101.229.16
858,-18387,1647315665.444938000,151.101.229.16
859,66,1647315665.444981000,192.168.10.155
860,194,1647315665.729220000,192.168.10.155
861,181,1647315665.729901000,192.168.10.155
862,-336,1647315665.736761000,162.219.225.115
863,66,1647315665.736775000,192.168.10.155
864,-3984,1647315665.737423000,162.219.225.115
865,66,1647315665.737440000,192.168.10.155
866,-66,1647315665.738656000,151.101.229.16
867,-66,1647315665.738657000,151.101.229.16
868,-1514,1647315665.738787000,151.101.229.16
869,66,1647315665.738803000,192.168.10.155
870,-11650,1647315665.739278000,151.101.229.16
871,66,1647315665.739287000,192.168.10.155
872,-3022,1647315665.739331000,151.101.229.16
873,66,1647315665.739334000,192.168.10.155
874,-9298,1647315665.740386000,162.219.225.115
875,-16503,1647315665.740390000,151.101.229.16
876,66,1647315665.740399000,192.168.10.155
877,66,1647315665.740414000,192.168.10.155
878,-8769,1647315665.741372000,162.219.225.115
879,-17442,1647315665.741375000,151.101.229.16
880,66,1647315665.741390000,192.168.10.155
881,66,1647315665.741408000,192.168.10.155
882,-7736,1647315665.741653000,151.101.229.16
883,66,1647315665.741657000,192.168.10.155
884,-1514,1647315665.751129000,162.219.225.115
885,66,1647315665.751179000,192.168.10.155
886,-1514,1647315665.751287000,162.219.225.115
887,66,1647315665.751301000,192.168.10.155
888,-6187,1647315665.751608000,162.219.225.115
889,66,1647315665.751623000,192.168.10.155
890,-1514,1647315665.753993000,162.219.225.115
891,66,1647315665.754006000,192.168.10.155
892,-1514,1647315665.754079000,162.219.225.115
893,66,1647315665.754083000,192.168.10.155
894,-13569,1647315665.754933000,162.219.225.115
895,66,1647315665.754938000,192.168.10.155
896,-2962,1647315665.755618000,162.219.225.115
897,66,1647315665.755626000,192.168.10.155
898,-2962,1647315665.755754000,162.219.225.115
899,66,1647315665.755758000,192.168.10.155
900,-4913,1647315665.756513000,162.219.225.115
901,66,1647315665.756520000,192.168.10.155
902,-2962,1647315665.757263000,162.219.225.115
903,66,1647315665.757275000,192.168.10.155
904,-6193,1647315665.760710000,162.219.225.115
905,66,1647315665.760725000,192.168.10.155
906,-8754,1647315665.765310000,162.219.225.115
907,66,1647315665.765367000,192.168.10.155
908,-7809,1647315665.765517000,162.219.225.115
909,-301,1647315665.765522000,162.219.225.115
910,66,1647315665.765566000,192.168.10.155
911,66,1647315665.765603000,192.168.10.155
912,164,1647315665.786623000,192.168.10.155
913,164,1647315665.788544000,192.168.10.155
914,164,1647315665.790878000,192.168.10.155
915,160,1647315665.794467000,192.168.10.155
916,160,1647315665.795353000,192.168.10.155
917,254,1647315665.795645000,192.168.10.155
918,160,1647315665.796057000,192.168.10.155
919,-66,1647315665.796279000,151.101.229.16
920,159,1647315665.796291000,192.168.10.155
921,-1514,1647315665.796420000,151.101.229.16
922,66,1647315665.796427000,192.168.10.155
923,-1017,1647315665.796988000,151.101.229.16
924,66,1647315665.796998000,192.168.10.155
925,-66,1647315665.797536000,151.101.229.16
926,-2098,1647315665.798352000,151.101.229.16
927,66,1647315665.798370000,192.168.10.155
928,-66,1647315665.799745000,151.101.229.16
929,-1514,1647315665.800454000,151.101.229.16
930,66,1647315665.800471000,192.168.10.155
931,-1964,1647315665.800573000,151.101.229.16
932,66,1647315665.800578000,192.168.10.155
933,160,1647315665.803103000,192.168.10.155
934,-66,1647315665.803207000,151.101.229.16
935,164,1647315665.803516000,192.168.10.155
936,-3659,1647315665.804407000,151.101.229.16
937,66,1647315665.804418000,192.168.10.155
938,-66,1647315665.804943000,151.101.229.16
939,-66,1647315665.804943000,151.101.229.16
940,-1514,1647315665.805084000,151.101.229.16
941,66,1647315665.805094000,192.168.10.155
942,-4090,1647315665.806029000,151.101.229.16
943,-66,1647315665.806030000,151.101.229.16
944,-66,1647315665.806030000,151.101.229.16
945,66,1647315665.806045000,192.168.10.155
946,160,1647315665.806169000,192.168.10.155
947,152,1647315665.806385000,192.168.10.155
948,160,1647315665.806639000,192.168.10.155
949,178,1647315665.807119000,192.168.10.155
950,-5604,1647315665.807280000,151.101.229.16
951,-233,1647315665.807281000,151.101.229.16
952,-4923,1647315665.807282000,151.101.229.16
953,66,1647315665.807295000,192.168.10.155
954,66,1647315665.807315000,192.168.10.155
955,66,1647315665.807319000,192.168.10.155
956,239,1647315665.807511000,192.168.10.155
957,-66,1647315665.812202000,151.101.229.16
958,-66,1647315665.812301000,151.101.229.16
959,-5613,1647315665.812651000,151.101.229.16
960,66,1647315665.812660000,192.168.10.155
961,-497,1647315665.813827000,151.101.229.16
962,66,1647315665.813870000,192.168.10.155
963,-66,1647315665.815136000,151.101.229.16
964,-66,1647315665.815241000,151.101.229.16
965,-394,1647315665.815810000,151.101.229.16
966,66,1647315665.815834000,192.168.10.155
967,-66,1647315665.815917000,151.101.229.16
968,-66,1647315665.815917000,151.101.229.16
969,-66,1647315665.816505000,151.101.229.16
970,-1514,1647315665.816506000,151.101.229.16
971,66,1647315665.816524000,192.168.10.155
972,-6375,1647315665.817482000,151.101.229.16
973,-3103,1647315665.817488000,151.101.229.16
974,66,1647315665.817521000,192.168.10.155
975,66,1647315665.817562000,192.168.10.155
976,-3410,1647315665.818446000,151.101.229.16
977,66,1647315665.818458000,192.168.10.155
978,-2208,1647315665.819053000,151.101.229.16
979,-1212,1647315665.819054000,162.219.225.115
980,66,1647315665.819086000,192.168.10.155
981,66,1647315665.819103000,192.168.10.155
982,167,1647315665.822732000,192.168.10.155
983,167,1647315665.823035000,192.168.10.155
984,267,1647315665.823233000,192.168.10.155
985,240,1647315665.823703000,192.168.10.155
986,153,1647315665.824460000,192.168.10.155
987,153,1647315665.824802000,192.168.10.155
988,153,1647315665.826107000,192.168.10.155
989,240,1647315665.826319000,192.168.10.155
990,153,1647315665.830242000,192.168.10.155
991,-66,1647315665.831578000,151.101.229.16
992,-66,1647315665.832384000,151.101.229.16
993,-66,1647315665.832386000,151.101.229.16
994,-2090,1647315665.832453000,151.101.229.16
995,66,1647315665.832469000,192.168.10.155
996,-66,1647315665.833255000,151.101.229.16
997,-1246,1647315665.833255000,151.101.229.16
998,66,1647315665.833269000,192.168.10.155
999,-3008,1647315665.834036000,151.101.229.16
1000,-5350,1647315665.834038000,151.101.229.16
1001,-66,1647315665.834038000,151.101.229.16
1002,66,1647315665.834054000,192.168.10.155
1003,66,1647315665.834070000,192.168.10.155
1004,-66,1647315665.834086000,151.101.229.16
1005,-739,1647315665.834524000,151.101.229.16
1006,-752,1647315665.834527000,151.101.229.16
1007,-240,1647315665.834528000,151.101.229.16
1008,-639,1647315665.834528000,151.101.229.16
1009,66,1647315665.834563000,192.168.10.155
1010,66,1647315665.834599000,192.168.10.155
1011,66,1647315665.834616000,192.168.10.155
1012,66,1647315665.834636000,192.168.10.155
1013,-1706,1647315665.835540000,151.101.229.16
1014,-66,1647315665.835541000,151.101.229.16
1015,66,1647315665.835582000,192.168.10.155
1016,-66,1647315665.836114000,151.101.229.16
1017,-4318,1647315665.836332000,151.101.229.16
1018,-1464,1647315665.836332000,151.101.229.16
1019,66,1647315665.836350000,192.168.10.155
1020,66,1647315665.836370000,192.168.10.155
1021,-66,1647315665.841933000,151.101.229.16
1022,-241,1647315665.841934000,151.101.229.16
1023,251,1647315665.841986000,192.168.10.155
1024,-2507,1647315665.842598000,151.101.229.16
1025,66,1647315665.842617000,192.168.10.155
1026,-66,1647315665.851149000,151.101.229.16
1027,-1514,1647315665.851264000,151.101.229.16
1028,-14597,1647315665.851896000,151.101.229.16
1029,66,1647315665.851931000,192.168.10.155
1030,-958,1647315665.851988000,151.101.229.16
1031,164,1647315665.871074000,192.168.10.155
1032,155,1647315665.875962000,192.168.10.155
1033,-66,1647315665.895803000,151.101.229.16
1034,-66,1647315665.895910000,151.101.229.16
1035,-1068,1647315665.895911000,151.101.229.16
1036,-1371,1647315665.896665000,151.101.229.16
1037,66,1647315665.939511000,192.168.10.155
1038,66,1647315665.939536000,192.168.10.155
1039,184,1647315665.955435000,192.168.10.155
1040,180,1647315665.957520000,192.168.10.155
1041,-66,1647315665.965241000,151.101.229.16
1042,-1514,1647315665.965243000,151.101.229.16
1043,66,1647315665.965358000,192.168.10.155
1044,-11650,1647315665.965712000,151.101.229.16
1045,66,1647315665.965731000,192.168.10.155
1046,-3105,1647315665.965879000,151.101.229.16
1047,-6828,1647315665.965881000,151.101.229.16
1048,66,1647315665.965889000,192.168.10.155
1049,66,1647315665.965901000,192.168.10.155
1050,-66,1647315665.966844000,151.101.229.16
1051,-1351,1647315665.966975000,151.101.229.16
1052,66,1647315665.966985000,192.168.10.155
1053,-1514,1647315665.968601000,151.101.229.16
1054,66,1647315665.968663000,192.168.10.155
1055,-1514,1647315665.968721000,151.101.229.16
1056,-2125,1647315665.969263000,151.101.229.16
1057,66,1647315665.969341000,192.168.10.155
1058,240,1647315665.975961000,192.168.10.155
1059,-1514,1647315665.980047000,151.101.229.16
1060,66,1647315665.980062000,192.168.10.155
1061,-2462,1647315665.980162000,151.101.229.16
1062,66,1647315665.980187000,192.168.10.155
1063,-66,1647315665.986012000,151.101.229.16
1064,-1514,1647315665.986013000,151.101.229.16
1065,66,1647315665.986037000,192.168.10.155
1066,-12832,1647315665.986863000,151.101.229.16
1067,66,1647315665.986871000,192.168.10.155
1068,-834,1647315666.093889000,162.219.225.115
1069,66,1647315666.093903000,192.168.10.155
1070,-1514,1647315666.106288000,162.219.225.115
1071,66,1647315666.106314000,192.168.10.155
1072,-2729,1647315666.106469000,162.219.225.115
1073,66,1647315666.106477000,192.168.10.155
1074,-1514,1647315666.111412000,162.219.225.115
1075,66,1647315666.111427000,192.168.10.155
1076,-1514,1647315666.111497000,162.219.225.115
1077,66,1647315666.111503000,192.168.10.155
1078,-6187,1647315666.112237000,162.219.225.115
1079,66,1647315666.112246000,192.168.10.155
1080,-1514,1647315666.113518000,162.219.225.115
1081,66,1647315666.113541000,192.168.10.155
1082,-1514,1647315666.113618000,162.219.225.115
1083,66,1647315666.113622000,192.168.10.155
1084,-13569,1647315666.114442000,162.219.225.115
1085,66,1647315666.114461000,192.168.10.155
1086,-6932,1647315666.115169000,162.219.225.115
1087,66,1647315666.115216000,192.168.10.155
1088,281,1647315666.120480000,192.168.10.155
1089,163,1647315666.121798000,192.168.10.155
1090,177,1647315666.127070000,192.168.10.155
1091,166,1647315666.128083000,192.168.10.155
1092,-66,1647315666.129857000,151.101.229.16
1093,-1514,1647315666.129859000,151.101.229.16
1094,-9622,1647315666.130380000,151.101.229.16
1095,-66,1647315666.130617000,151.101.229.16
1096,66,1647315666.130681000,192.168.10.155
1097,74,1647315666.131234000,192.168.10.155
1098,-922,1647315666.131505000,151.101.229.16
1099,66,1647315666.131825000,192.168.10.155
1100,-66,1647315666.139810000,151.101.229.16
1101,-66,1647315666.139811000,151.101.229.16
1102,-9168,1647315666.141492000,151.101.229.16
1103,-4410,1647315666.141493000,151.101.229.16
1104,66,1647315666.141524000,192.168.10.155
1105,66,1647315666.141633000,192.168.10.155
1106,-11641,1647315666.142418000,151.101.229.16
1107,66,1647315666.142430000,192.168.10.155
1108,-5858,1647315666.142466000,151.101.229.16
1109,66,1647315666.142472000,192.168.10.155
1110,-10711,1647315666.144066000,151.101.229.16
1111,66,1647315666.144079000,192.168.10.155
1112,-32940,1647315666.144162000,151.101.229.16
1113,66,1647315666.144167000,192.168.10.155
1114,-2284,1647315666.144175000,151.101.229.16
1115,66,1647315666.144178000,192.168.10.155
1116,171,1647315666.149544000,192.168.10.155
1117,-66,1647315666.159257000,151.101.229.16
1118,-303,1647315666.159293000,151.101.229.16
1119,66,1647315666.159348000,192.168.10.155
1120,237,1647315666.192336000,192.168.10.155
1121,160,1647315666.192900000,192.168.10.155
1122,178,1647315666.195824000,192.168.10.155
1123,148,1647315666.197553000,192.168.10.155
1124,-66,1647315666.201236000,151.101.229.16
1125,-66,1647315666.201650000,151.101.229.16
1126,-1514,1647315666.202076000,151.101.229.16
1127,-1151,1647315666.202186000,151.101.229.16
1128,-1327,1647315666.202559000,151.101.229.16
1129,-66,1647315666.204907000,151.101.229.16
1130,-1514,1647315666.205034000,151.101.229.16
1131,-3799,1647315666.205477000,151.101.229.16
1132,-66,1647315666.206228000,151.101.229.16
1133,66,1647315666.206282000,192.168.10.155
1134,148,1647315666.206696000,192.168.10.155
1135,241,1647315666.206985000,192.168.10.155
1136,-2962,1647315666.207351000,151.101.229.16
1137,66,1647315666.207364000,192.168.10.155
1138,-2778,1647315666.207813000,151.101.229.16
1139,66,1647315666.207825000,192.168.10.155
1140,254,1647315666.208770000,192.168.10.155
1141,-66,1647315666.218743000,151.101.229.16
1142,-1514,1647315666.218744000,151.101.229.16
1143,204,1647315666.220217000,192.168.10.155
1144,-14476,1647315666.220370000,151.101.229.16
1145,-16503,1647315666.220423000,151.101.229.16
1146,66,1647315666.220479000,192.168.10.155
1147,-66,1647315666.220979000,151.101.229.16
1148,-16172,1647315666.220983000,151.101.229.16
1149,66,1647315666.221042000,192.168.10.155
1150,-66,1647315666.223120000,151.101.229.16
1151,-21786,1647315666.223124000,151.101.229.16
1152,-2962,1647315666.223155000,151.101.229.16
1153,66,1647315666.223213000,192.168.10.155
1154,-18890,1647315666.223278000,151.101.229.16
1155,66,1647315666.223504000,192.168.10.155
1156,-21786,1647315666.224449000,151.101.229.16
1157,66,1647315666.224465000,192.168.10.155
1158,-12841,1647315666.224502000,151.101.229.16
1159,66,1647315666.224555000,192.168.10.155
1160,-66,1647315666.232865000,151.101.229.16
1161,-2962,1647315666.232866000,151.101.229.16
1162,66,1647315666.232890000,192.168.10.155
1163,-13173,1647315666.232979000,151.101.229.16
1164,-935,1647315666.232987000,151.101.229.16
1165,66,1647315666.233004000,192.168.10.155
1166,-66,1647315666.235360000,52.119.174.17
1167,54,1647315666.235395000,192.168.10.155
1168,571,1647315666.237201000,192.168.10.155
1169,74,1647315666.281193000,192.168.10.155
1170,74,1647315666.283342000,192.168.10.155
1171,500,1647315666.285919000,192.168.10.155
1172,-66,1647315666.295585000,162.219.225.115
1173,-2859,1647315666.298572000,162.219.225.115
1174,66,1647315666.298591000,192.168.10.155
1175,157,1647315666.320616000,192.168.10.155
1176,-66,1647315666.329961000,151.101.229.16
1177,-2962,1647315666.331088000,151.101.229.16
1178,66,1647315666.331168000,192.168.10.155
1179,-13240,1647315666.331834000,151.101.229.16
1180,66,1647315666.331907000,192.168.10.155
1181,-16503,1647315666.332194000,151.101.229.16
1182,66,1647315666.332224000,192.168.10.155
1183,-3296,1647315666.332533000,151.101.229.16
1184,66,1647315666.332555000,192.168.10.155
1185,-60,1647315666.339284000,52.119.174.17
1186,-60,1647315666.341701000,52.119.174.17
1187,-1514,1647315666.342749000,52.119.174.17
1188,54,1647315666.342775000,192.168.10.155
1189,-1514,1647315666.342860000,52.119.174.17
1190,54,1647315666.342866000,192.168.10.155
1191,-3047,1647315666.343663000,52.119.174.17
1192,54,1647315666.343672000,192.168.10.155
1193,180,1647315666.351181000,192.168.10.155
1194,222,1647315666.361041000,192.168.10.155
1195,202,1647315666.363247000,192.168.10.155
1196,155,1647315666.370632000,192.168.10.155
1197,-66,1647315666.372005000,151.101.229.16
1198,-1514,1647315666.372007000,151.101.229.16
1199,66,1647315666.372039000,192.168.10.155
1200,-3173,1647315666.373635000,151.101.229.16
1201,-66,1647315666.373636000,151.101.229.16
1202,66,1647315666.373659000,192.168.10.155
1203,-7818,1647315666.374460000,151.101.229.16
1204,66,1647315666.374480000,192.168.10.155
1205,157,1647315666.381579000,192.168.10.155
1206,-66,1647315666.381789000,151.101.229.16
1207,-995,1647315666.381791000,151.101.229.16
1208,258,1647315666.386983000,192.168.10.155
1209,883,1647315666.387041000,192.168.10.155
1210,-66,1647315666.390995000,151.101.229.16
1211,-1514,1647315666.391782000,151.101.229.16
1212,66,1647315666.391795000,192.168.10.155
1213,-1514,1647315666.391890000,151.101.229.16
1214,-13128,1647315666.393065000,151.101.229.16
1215,66,1647315666.393084000,192.168.10.155
1216,-16503,1647315666.393143000,151.101.229.16
1217,66,1647315666.393150000,192.168.10.155
1218,-24934,1647315666.396307000,151.101.229.16
1219,66,1647315666.396340000,192.168.10.155
1220,-66,1647315666.396432000,162.219.225.115
1221,-66,1647315666.396433000,162.219.225.115
1222,-101,1647315666.396543000,162.219.225.115
1223,66,1647315666.396551000,192.168.10.155
1224,-66,1647315666.401082000,54.240.248.156
1225,54,1647315666.401168000,192.168.10.155
1226,-66,1647315666.403242000,54.240.248.156
1227,54,1647315666.403270000,192.168.10.155
1228,571,1647315666.414307000,192.168.10.155
1229,571,1647315666.419985000,192.168.10.155
1230,-105,1647315666.455272000,52.119.174.17
1231,54,1647315666.455291000,192.168.10.155
1232,524,1647315666.455541000,192.168.10.155
1233,156,1647315666.509911000,192.168.10.155
1234,157,1647315666.514024000,192.168.10.155
1235,-66,1647315666.520615000,151.101.229.16
1236,201,1647315666.520775000,192.168.10.155
1237,337,1647315666.522953000,192.168.10.155
1238,-2962,1647315666.524557000,151.101.229.16
1239,310,1647315666.524581000,192.168.10.155
1240,-13161,1647315666.525650000,151.101.229.16
1241,-16503,1647315666.525700000,151.101.229.16
1242,-938,1647315666.525711000,151.101.229.16
1243,-60,1647315666.525711000,54.240.248.156
1244,-60,1647315666.525712000,54.240.248.156
1245,-66,1647315666.529769000,151.101.229.16
1246,-1514,1647315666.529898000,151.101.229.16
1247,-14692,1647315666.531184000,151.101.229.16
1248,-4723,1647315666.531208000,151.101.229.16
1249,66,1647315666.531592000,192.168.10.155
1250,-2386,1647315666.546341000,162.219.225.115
1251,-1514,1647315666.546343000,162.219.225.115
1252,66,1647315666.546368000,192.168.10.155
1253,66,1647315666.546398000,192.168.10.155
1254,-1295,1647315666.548951000,162.219.225.115
1255,-97,1647315666.548952000,162.219.225.115
1256,-60,1647315666.548952000,54.240.248.156
1257,-66,1647315666.548953000,151.101.229.16
1258,66,1647315666.549001000,192.168.10.155
1259,66,1647315666.549060000,192.168.10.155
1260,-5942,1647315666.549392000,54.240.248.156
1261,-66,1647315666.549393000,151.101.229.16
1262,-66,1647315666.549393000,151.101.229.16
1263,-9263,1647315666.549400000,151.101.229.16
1264,54,1647315666.549421000,192.168.10.155
1265,66,1647315666.549447000,192.168.10.155
1266,-960,1647315666.549498000,151.101.229.16
1267,-1498,1647315666.549499000,151.101.229.16
1268,-14577,1647315666.549502000,151.101.229.16
1269,-12346,1647315666.549532000,151.101.229.16
1270,-60,1647315666.549563000,54.240.248.156
1271,-5942,1647315666.549565000,54.240.248.156
1272,54,1647315666.549572000,192.168.10.155
1273,66,1647315666.549836000,192.168.10.155
1274,180,1647315666.557787000,192.168.10.155
1275,180,1647315666.569371000,192.168.10.155
1276,-503,1647315666.584954000,52.119.174.17
1277,54,1647315666.585014000,192.168.10.155
1278,74,1647315666.629799000,192.168.10.155
1279,74,1647315666.629917000,192.168.10.155
1280,-105,1647315666.680267000,54.240.248.156
1281,54,1647315666.680287000,192.168.10.155
1282,593,1647315666.680624000,192.168.10.155
1283,-105,1647315666.691443000,54.240.248.156
1284,54,1647315666.691458000,192.168.10.155
1285,351,1647315666.727348000,192.168.10.155
1286,-66,1647315666.737087000,151.101.229.16
1287,-1514,1647315666.737295000,151.101.229.16
1288,66,1647315666.737310000,192.168.10.155
1289,-5858,1647315666.739814000,151.101.229.16
1290,66,1647315666.739831000,192.168.10.155
1291,-8775,1647315666.740196000,151.101.229.16
1292,-16503,1647315666.740200000,151.101.229.16
1293,66,1647315666.740213000,192.168.10.155
1294,66,1647315666.740228000,192.168.10.155
1295,-21786,1647315666.740302000,151.101.229.16
1296,66,1647315666.740312000,192.168.10.155
1297,-11220,1647315666.741611000,151.101.229.16
1298,66,1647315666.741629000,192.168.10.155
1299,-16503,1647315666.741701000,151.101.229.16
1300,66,1647315666.741709000,192.168.10.155
1301,-30479,1647315666.741786000,151.101.229.16
1302,66,1647315666.741790000,192.168.10.155
1303,-66,1647315666.745240000,52.119.175.30
1304,54,1647315666.745279000,192.168.10.155
1305,571,1647315666.750827000,192.168.10.155
1306,-66,1647315666.751107000,52.119.175.30
1307,54,1647315666.751181000,192.168.10.155
1308,571,1647315666.755186000,192.168.10.155
1309,74,1647315666.793043000,192.168.10.155
1310,-689,1647315666.811345000,54.240.248.156
1311,54,1647315666.811383000,192.168.10.155
1312,739,1647315666.813266000,192.168.10.155
1313,-60,1647315666.862226000,52.119.175.30
1314,-60,1647315666.867635000,52.119.175.30
1315,-2974,1647315666.869712000,52.119.175.30
1316,54,1647315666.869744000,192.168.10.155
1317,-3041,1647315666.870431000,52.119.175.30
1318,54,1647315666.870446000,192.168.10.155
1319,-60,1647315666.873824000,52.119.175.30
1320,180,1647315666.876454000,192.168.10.155
1321,-60,1647315666.876732000,52.119.175.30
1322,-1514,1647315666.878345000,52.119.175.30
1323,54,1647315666.878366000,192.168.10.155
1324,-1514,1647315666.878428000,52.119.175.30
1325,54,1647315666.878435000,192.168.10.155
1326,-3041,1647315666.880283000,52.119.175.30
1327,54,1647315666.880305000,192.168.10.155
1328,456,1647315666.880672000,192.168.10.155
1329,180,1647315666.885526000,192.168.10.155
1330,699,1647315666.885970000,192.168.10.155
1331,160,1647315666.886545000,192.168.10.155
1332,-66,1647315666.890105000,151.101.229.16
1333,-1514,1647315666.890219000,151.101.229.16
1334,-2962,1647315666.892216000,151.101.229.16
1335,66,1647315666.892228000,192.168.10.155
1336,-11762,1647315666.892384000,151.101.229.16
1337,-10202,1647315666.892408000,151.101.229.16
1338,66,1647315666.892418000,192.168.10.155
1339,66,1647315666.892674000,192.168.10.155
1340,-6367,1647315666.894216000,151.101.229.16
1341,-30474,1647315666.894220000,151.101.229.16
1342,66,1647315666.894232000,192.168.10.155
1343,-30474,1647315666.894301000,151.101.229.16
1344,66,1647315666.894441000,192.168.10.155
1345,-9692,1647315666.897971000,151.101.229.16
1346,66,1647315666.898036000,192.168.10.155
1347,-66,1647315666.898754000,151.101.229.16
1348,-16024,1647315666.898760000,151.101.229.16
1349,-13307,1647315666.898805000,151.101.229.16
1350,-66,1647315666.898824000,151.101.229.16
1351,-3048,1647315666.898825000,151.101.229.16
1352,66,1647315666.898869000,192.168.10.155
1353,-66,1647315666.915773000,52.119.175.30
1354,54,1647315666.915802000,192.168.10.155
1355,571,1647315666.923233000,192.168.10.155
1356,-696,1647315666.944094000,54.240.248.156
1357,54,1647315666.987496000,192.168.10.155
1358,-105,1647315666.992633000,52.119.175.30
1359,54,1647315666.992654000,192.168.10.155
1360,719,1647315666.992976000,192.168.10.155
1361,-105,1647315667.007063000,52.119.175.30
1362,54,1647315667.007084000,192.168.10.155
1363,718,1647315667.007440000,192.168.10.155
1364,158,1647315667.039708000,192.168.10.155
1365,157,1647315667.042074000,192.168.10.155
1366,158,1647315667.042864000,192.168.10.155
1367,249,1647315667.043341000,192.168.10.155
1368,-60,1647315667.044215000,52.119.175.30
1369,157,1647315667.047698000,192.168.10.155
1370,158,1647315667.047984000,192.168.10.155
1371,-60,1647315667.049078000,52.119.175.30
1372,-5961,1647315667.049080000,52.119.175.30
1373,54,1647315667.049113000,192.168.10.155
1374,-66,1647315667.052088000,151.101.229.16
1375,-1514,1647315667.052092000,151.101.229.16
1376,-14597,1647315667.053554000,151.101.229.16
1377,-802,1647315667.053603000,151.101.229.16
1378,-66,1647315667.053603000,151.101.229.16
1379,-16084,1647315667.053605000,151.101.229.16
1380,-12247,1647315667.053640000,151.101.229.16
1381,-66,1647315667.053669000,151.101.229.16
1382,-16023,1647315667.053673000,151.101.229.16
1383,-4410,1647315667.053691000,151.101.229.16
1384,-1506,1647315667.053861000,151.101.229.16
1385,-66,1647315667.056344000,151.101.229.16
1386,-1514,1647315667.056450000,151.101.229.16
1387,-2962,1647315667.058409000,151.101.229.16
1388,-11678,1647315667.058500000,151.101.229.16
1389,180,1647315667.058661000,192.168.10.155
1390,66,1647315667.058935000,192.168.10.155
1391,-1678,1647315667.060188000,151.101.229.16
1392,-16032,1647315667.060191000,151.101.229.16
1393,66,1647315667.060209000,192.168.10.155
1394,-1790,1647315667.060272000,151.101.229.16
1395,-66,1647315667.060272000,151.101.229.16
1396,-66,1647315667.060272000,151.101.229.16
1397,-16033,1647315667.060281000,151.101.229.16
1398,-29581,1647315667.060347000,151.101.229.16
1399,-4410,1647315667.060361000,151.101.229.16
1400,-3218,1647315667.060397000,151.101.229.16
1401,66,1647315667.060509000,192.168.10.155
1402,160,1647315667.075373000,192.168.10.155
1403,-66,1647315667.084091000,151.101.229.16
1404,-2962,1647315667.086192000,151.101.229.16
1405,66,1647315667.086227000,192.168.10.155
1406,-13170,1647315667.088921000,151.101.229.16
1407,-2223,1647315667.088940000,151.101.229.16
1408,66,1647315667.088958000,192.168.10.155
1409,-4434,1647315667.138886000,52.119.175.30
1410,54,1647315667.138906000,192.168.10.155
1411,-10274,1647315667.141558000,52.119.175.30
1412,54,1647315667.141567000,192.168.10.155
1413,-4434,1647315667.158484000,52.119.175.30
1414,54,1647315667.158512000,192.168.10.155
1415,-9395,1647315667.159640000,52.119.175.30
1416,54,1647315667.159650000,192.168.10.155
1417,-105,1647315667.183858000,52.119.175.30
1418,54,1647315667.183876000,192.168.10.155
1419,718,1647315667.184444000,192.168.10.155
1420,177,1647315667.223068000,192.168.10.155
1421,-66,1647315667.233141000,151.101.229.16
1422,-2006,1647315667.233142000,151.101.229.16
1423,66,1647315667.233166000,192.168.10.155
1424,-4434,1647315667.256402000,52.119.175.30
1425,54,1647315667.256417000,192.168.10.155
1426,-2072,1647315667.257383000,52.119.175.30
1427,54,1647315667.257403000,192.168.10.155
1428,161,1647315667.269010000,192.168.10.155
1429,-66,1647315667.278101000,151.101.229.16
1430,739,1647315667.278737000,192.168.10.155
1431,-253,1647315667.278840000,151.101.229.16
1432,-1514,1647315667.278841000,151.101.229.16
1433,66,1647315667.279001000,192.168.10.155
1434,-2770,1647315667.279454000,151.101.229.16
1435,66,1647315667.279475000,192.168.10.155
1436,-2974,1647315667.284123000,52.119.175.30
1437,54,1647315667.284144000,192.168.10.155
1438,-5873,1647315667.285159000,52.119.175.30
1439,54,1647315667.285178000,192.168.10.155
1440,229,1647315667.317596000,192.168.10.155
1441,161,1647315667.319359000,192.168.10.155
1442,-66,1647315667.327060000,151.101.229.16
1443,-2962,1647315667.328046000,151.101.229.16
1444,-2657,1647315667.328485000,151.101.229.16
1445,-66,1647315667.328488000,151.101.229.16
1446,66,1647315667.329314000,192.168.10.155
1447,-1514,1647315667.329448000,151.101.229.16
1448,-1514,1647315667.329520000,151.101.229.16
1449,66,1647315667.329588000,192.168.10.155
1450,-5309,1647315667.329878000,151.101.229.16
1451,66,1647315667.330364000,192.168.10.155
1452,205,1647315667.332891000,192.168.10.155
1453,74,1647315667.340685000,192.168.10.155
1454,-2974,1647315667.342704000,52.119.175.30
1455,54,1647315667.342729000,192.168.10.155
1456,-1797,1647315667.344201000,52.119.175.30
1457,-66,1647315667.344202000,151.101.229.16
1458,-16129,1647315667.344206000,151.101.229.16
1459,54,1647315667.344229000,192.168.10.155
1460,-1655,1647315667.344263000,151.101.229.16
1461,-8814,1647315667.344265000,52.119.175.30
1462,54,1647315667.344272000,192.168.10.155
1463,66,1647315667.344337000,192.168.10.155
1464,739,1647315667.353464000,192.168.10.155
1465,-696,1647315667.410214000,54.240.248.156
1466,54,1647315667.410246000,192.168.10.155
1467,-66,1647315667.445875000,52.94.176.92
1468,54,1647315667.445916000,192.168.10.155
1469,571,1647315667.447724000,192.168.10.155
1470,-1514,1647315667.465321000,52.119.175.30
1471,54,1647315667.465334000,192.168.10.155
1472,-1514,1647315667.467053000,52.119.175.30
1473,54,1647315667.467084000,192.168.10.155
1474,74,1647315667.467604000,192.168.10.155
1475,-3399,1647315667.472441000,52.119.175.30
1476,54,1647315667.472454000,192.168.10.155
1477,-696,1647315667.482337000,54.240.248.156
1478,54,1647315667.482362000,192.168.10.155
1479,162,1647315667.488163000,192.168.10.155
1480,-66,1647315667.499173000,151.101.229.16
1481,-1514,1647315667.499175000,151.101.229.16
1482,-2523,1647315667.502271000,151.101.229.16
1483,66,1647315667.502338000,192.168.10.155
1484,739,1647315667.509051000,192.168.10.155
1485,-60,1647315667.555065000,52.94.176.92
1486,-60,1647315667.555066000,52.94.176.92
1487,-2974,1647315667.556759000,52.94.176.92
1488,54,1647315667.556779000,192.168.10.155
1489,-3170,1647315667.558278000,52.94.176.92
1490,54,1647315667.558290000,192.168.10.155
1491,180,1647315667.563534000,192.168.10.155
1492,-66,1647315667.589290000,52.119.169.237
1493,54,1647315667.589321000,192.168.10.155
1494,571,1647315667.591807000,192.168.10.155
1495,160,1647315667.600020000,192.168.10.155
1496,-66,1647315667.609925000,151.101.229.16
1497,-1514,1647315667.610537000,151.101.229.16
1498,-1514,1647315667.610690000,151.101.229.16
1499,66,1647315667.610713000,192.168.10.155
1500,-11444,1647315667.611062000,151.101.229.16
1501,66,1647315667.611083000,192.168.10.155
1502,-696,1647315667.639661000,54.240.248.156
1503,54,1647315667.639684000,192.168.10.155
1504,1514,1647315667.641732000,192.168.10.155
1505,498,1647315667.641753000,192.168.10.155
1506,1514,1647315667.644202000,192.168.10.155
1507,909,1647315667.644224000,192.168.10.155
1508,1391,1647315667.644626000,192.168.10.155
1509,-66,1647315667.650987000,162.219.225.115
1510,74,1647315667.656738000,192.168.10.155
1511,149,1647315667.664590000,192.168.10.155
1512,74,1647315667.667194000,192.168.10.155
1513,-105,1647315667.667772000,52.94.176.92
1514,54,1647315667.667790000,192.168.10.155
1515,1514,1647315667.668129000,192.168.10.155
1516,1514,1647315667.668141000,192.168.10.155
1517,248,1647315667.668478000,192.168.10.155
1518,-74,1647315667.669591000,54.239.163.138
1519,66,1647315667.669615000,192.168.10.155
1520,583,1647315667.673682000,192.168.10.155
1521,-66,1647315667.673721000,151.101.229.16
1522,-2962,1647315667.674693000,151.101.229.16
1523,66,1647315667.674714000,192.168.10.155
1524,680,1647315667.675217000,192.168.10.155
1525,-1740,1647315667.675573000,151.101.229.16
1526,66,1647315667.675590000,192.168.10.155
1527,-66,1647315667.679014000,54.239.163.138
1528,-1494,1647315667.679015000,54.239.163.138
1529,66,1647315667.679042000,192.168.10.155
1530,-2922,1647315667.680148000,54.239.163.138
1531,-1756,1647315667.680149000,54.239.163.138
1532,66,1647315667.680165000,192.168.10.155
1533,66,1647315667.680181000,192.168.10.155
1534,105,1647315667.682837000,192.168.10.155
1535,105,1647315667.682926000,192.168.10.155
1536,112,1647315667.683041000,192.168.10.155
1537,85,1647315667.683175000,192.168.10.155
1538,54,1647315667.683192000,192.168.10.155
1539,85,1647315667.683314000,192.168.10.155
1540,54,1647315667.683328000,192.168.10.155
1541,85,1647315667.683557000,192.168.10.155
1542,54,1647315667.683571000,192.168.10.155
1543,85,1647315667.683692000,192.168.10.155
1544,54,1647315667.683705000,192.168.10.155
1545,85,1647315667.683846000,192.168.10.155
1546,54,1647315667.683856000,192.168.10.155
1547,85,1647315667.684173000,192.168.10.155
1548,54,1647315667.684183000,192.168.10.155
1549,97,1647315667.684351000,192.168.10.155
1550,66,1647315667.684362000,192.168.10.155
1551,90,1647315667.685383000,192.168.10.155
1552,66,1647315667.685414000,192.168.10.155
1553,90,1647315667.685773000,192.168.10.155
1554,66,1647315667.685803000,192.168.10.155
1555,97,1647315667.686016000,192.168.10.155
1556,66,1647315667.686033000,192.168.10.155
1557,-66,1647315667.686662000,54.230.130.62
1558,-66,1647315667.687155000,54.230.130.93
1559,66,1647315667.687211000,192.168.10.155
1560,-66,1647315667.687253000,162.219.225.115
1561,-66,1647315667.688420000,54.230.130.62
1562,-66,1647315667.690310000,54.230.130.62
1563,66,1647315667.690346000,192.168.10.155
1564,74,1647315667.693323000,192.168.10.155
1565,130,1647315667.693902000,192.168.10.155
1566,-66,1647315667.693989000,151.101.229.16
1567,-66,1647315667.693990000,151.101.229.16
1568,-66,1647315667.694553000,151.101.229.16
1569,-66,1647315667.694553000,151.101.229.16
1570,-90,1647315667.694554000,151.101.229.16
1571,236,1647315667.694557000,192.168.10.155
1572,54,1647315667.694589000,192.168.10.155
1573,385,1647315667.694598000,192.168.10.155
1574,-66,1647315667.696125000,151.101.229.16
1575,-66,1647315667.696126000,151.101.229.16
1576,-90,1647315667.696126000,151.101.229.16
1577,-66,1647315667.696126000,151.101.229.16
1578,-66,1647315667.696127000,151.101.229.16
1579,54,1647315667.696147000,192.168.10.155
1580,54,1647315667.696190000,192.168.10.155
1581,54,1647315667.696207000,192.168.10.155
1582,54,1647315667.696214000,192.168.10.155
1583,-66,1647315667.697106000,54.239.163.138
1584,-128,1647315667.697111000,54.239.163.138
1585,66,1647315667.697188000,192.168.10.155
1586,97,1647315667.697664000,192.168.10.155
1587,-66,1647315667.697771000,54.239.163.138
1588,-66,1647315667.697774000,54.239.163.138
1589,-97,1647315667.697775000,54.239.163.138
1590,66,1647315667.697844000,192.168.10.155
1591,-9714,1647315667.698717000,54.239.163.138
1592,66,1647315667.698737000,192.168.10.155
1593,105,1647315667.699392000,192.168.10.155
1594,90,1647315667.699520000,192.168.10.155
1595,-66,1647315667.700296000,54.239.163.138
1596,-60,1647315667.701041000,52.119.169.237
1597,-66,1647315667.701518000,54.239.163.138
1598,-66,1647315667.702084000,54.239.163.138
1599,66,1647315667.702100000,192.168.10.155
1600,-60,1647315667.703852000,52.119.169.237
1601,-1514,1647315667.705578000,52.119.169.237
1602,54,1647315667.705595000,192.168.10.155
1603,-1514,1647315667.705669000,52.119.169.237
1604,54,1647315667.705679000,192.168.10.155
1605,-3105,1647315667.706311000,52.119.169.237
1606,54,1647315667.706324000,192.168.10.155
1607,180,1647315667.714667000,192.168.10.155
1608,74,1647315667.726578000,192.168.10.155
1609,74,1647315667.730373000,192.168.10.155
1610,74,1647315667.731421000,192.168.10.155
1611,74,1647315667.736422000,192.168.10.155
1612,-74,1647315667.740198000,162.219.225.115
1613,66,1647315667.740227000,192.168.10.155
1614,-66,1647315667.741941000,44.233.46.194
1615,-235,1647315667.744166000,44.233.46.194
1616,-104,1647315667.744167000,44.233.46.194
1617,66,1647315667.744190000,192.168.10.155
1618,66,1647315667.744214000,192.168.10.155
1619,583,1647315667.748505000,192.168.10.155
1620,-235,1647315667.761967000,44.233.46.194
1621,-104,1647315667.761968000,44.233.46.194
1622,66,1647315667.761988000,192.168.10.155
1623,66,1647315667.762010000,192.168.10.155
1624,112,1647315667.762250000,192.168.10.155
1625,97,1647315667.762497000,192.168.10.155
1626,-319,1647315667.764025000,162.219.225.115
1627,66,1647315667.764039000,192.168.10.155
1628,-66,1647315667.764613000,162.219.225.115
1629,74,1647315667.764772000,192.168.10.155
1630,-1514,1647315667.766029000,162.219.225.115
1631,66,1647315667.766039000,192.168.10.155
1632,-1514,1647315667.766137000,162.219.225.115
1633,66,1647315667.766141000,192.168.10.155
1634,-2694,1647315667.767830000,162.219.225.115
1635,66,1647315667.767841000,192.168.10.155
1636,-60,1647315667.771743000,52.94.176.92
1637,130,1647315667.772217000,192.168.10.155
1638,236,1647315667.773755000,192.168.10.155
1639,-66,1647315667.773890000,52.94.176.92
1640,54,1647315667.773918000,192.168.10.155
1641,1514,1647315667.774047000,192.168.10.155
1642,484,1647315667.774055000,192.168.10.155
1643,713,1647315667.774801000,192.168.10.155
1644,571,1647315667.776743000,192.168.10.155
1645,74,1647315667.777330000,192.168.10.155
1646,669,1647315667.779881000,192.168.10.155
1647,668,1647315667.780204000,192.168.10.155
1648,-66,1647315667.781689000,162.219.225.115
1649,-66,1647315667.783846000,162.219.225.115
1650,-66,1647315667.783847000,162.219.225.115
1651,-66,1647315667.783848000,162.219.225.115
1652,-125,1647315667.784649000,162.219.225.115
1653,-681,1647315667.784651000,52.94.176.92
1654,66,1647315667.784665000,192.168.10.155
1655,54,1647315667.784690000,192.168.10.155
1656,97,1647315667.784712000,192.168.10.155
1657,85,1647315667.784952000,192.168.10.155
1658,54,1647315667.784966000,192.168.10.155
1659,-66,1647315667.785252000,162.219.225.115
1660,-60,1647315667.787604000,52.119.174.17
1661,54,1647315667.787627000,192.168.10.155
1662,74,1647315667.787975000,192.168.10.155
1663,-66,1647315667.789162000,162.219.225.115
1664,-66,1647315667.789258000,162.219.225.115
1665,340,1647315667.790954000,192.168.10.155
1666,-66,1647315667.796736000,162.219.225.115
1667,-74,1647315667.797713000,151.101.229.16
1668,66,1647315667.797737000,192.168.10.155
1669,583,1647315667.799583000,192.168.10.155
1670,-60,1647315667.799635000,52.119.175.30
1671,54,1647315667.799654000,192.168.10.155
1672,-66,1647315667.800583000,162.219.225.115
1673,283,1647315667.803197000,192.168.10.155
1674,-60,1647315667.804251000,52.119.175.30
1675,54,1647315667.804271000,192.168.10.155
1676,-60,1647315667.805073000,54.240.248.156
1677,54,1647315667.805082000,192.168.10.155
1678,-60,1647315667.805186000,52.119.175.30
1679,54,1647315667.805193000,192.168.10.155
1680,-60,1647315667.806356000,54.240.248.156
1681,-60,1647315667.806356000,54.240.248.156
1682,54,1647315667.806373000,192.168.10.155
1683,-66,1647315667.809937000,151.101.229.16
1684,-2962,1647315667.811770000,151.101.229.16
1685,66,1647315667.811786000,192.168.10.155
1686,-2601,1647315667.811811000,151.101.229.16
1687,66,1647315667.811817000,192.168.10.155
1688,-66,1647315667.812965000,162.219.225.115
1689,-74,1647315667.812966000,44.233.46.194
1690,66,1647315667.812994000,192.168.10.155
1691,583,1647315667.815245000,192.168.10.155
1692,74,1647315667.816303000,192.168.10.155
1693,130,1647315667.817853000,192.168.10.155
1694,236,1647315667.818490000,192.168.10.155
1695,494,1647315667.819792000,192.168.10.155
1696,-105,1647315667.828855000,52.119.169.237
1697,-66,1647315667.828856000,151.101.229.16
1698,-66,1647315667.828856000,151.101.229.16
1699,54,1647315667.828877000,192.168.10.155
1700,617,1647315667.829227000,192.168.10.155
1701,-125,1647315667.829990000,151.101.229.16
1702,-66,1647315667.829991000,151.101.229.16
1703,-1514,1647315667.829991000,151.101.229.16
1704,66,1647315667.830010000,192.168.10.155
1705,66,1647315667.830038000,192.168.10.155
1706,97,1647315667.830098000,192.168.10.155
1707,-4410,1647315667.832430000,151.101.229.16
1708,-745,1647315667.832431000,151.101.229.16
1709,-5858,1647315667.832432000,151.101.229.16
1710,66,1647315667.832452000,192.168.10.155
1711,66,1647315667.832479000,192.168.10.155
1712,66,1647315667.832492000,192.168.10.155
1713,-5350,1647315667.832523000,151.101.229.16
1714,66,1647315667.832529000,192.168.10.155
1715,-66,1647315667.838959000,52.119.175.30
1716,54,1647315667.838990000,192.168.10.155
1717,-66,1647315667.841020000,52.119.175.30
1718,54,1647315667.841045000,192.168.10.155
1719,-66,1647315667.841572000,151.101.229.16
1720,571,1647315667.842834000,192.168.10.155
1721,571,1647315667.846833000,192.168.10.155
1722,-66,1647315667.849823000,52.119.175.30
1723,54,1647315667.849854000,192.168.10.155
1724,571,1647315667.853286000,192.168.10.155
1725,-66,1647315667.860406000,44.233.46.194
1726,-66,1647315667.868092000,44.233.46.194
1727,66,1647315667.868112000,192.168.10.155
1728,74,1647315667.868710000,192.168.10.155
1729,-66,1647315667.880707000,52.119.175.30
1730,54,1647315667.880738000,192.168.10.155
1731,-66,1647315667.881559000,52.119.175.30
1732,54,1647315667.881582000,192.168.10.155
1733,571,1647315667.885229000,192.168.10.155
1734,571,1647315667.888955000,192.168.10.155
1735,-60,1647315667.889085000,52.94.176.92
1736,54,1647315667.889104000,192.168.10.155
1737,-60,1647315667.891626000,52.94.176.92
1738,-60,1647315667.894163000,52.94.176.92
1739,-1514,1647315667.896077000,52.94.176.92
1740,54,1647315667.896102000,192.168.10.155
1741,-1514,1647315667.896173000,52.94.176.92
1742,54,1647315667.896179000,192.168.10.155
1743,-3170,1647315667.896951000,52.94.176.92
1744,54,1647315667.896961000,192.168.10.155
1745,-475,1647315667.898514000,162.219.225.115
1746,66,1647315667.898528000,192.168.10.155
1747,180,1647315667.902611000,192.168.10.155
1748,-211,1647315667.918590000,162.219.225.115
1749,66,1647315667.918605000,192.168.10.155
1750,-2295,1647315667.919603000,162.219.225.115
1751,-97,1647315667.919604000,162.219.225.115
1752,66,1647315667.919784000,192.168.10.155
1753,-1703,1647315667.927281000,162.219.225.115
1754,66,1647315667.927306000,192.168.10.155
1755,-97,1647315667.927705000,162.219.225.115
1756,66,1647315667.927750000,192.168.10.155
1757,-66,1647315667.930786000,52.94.176.92
1758,54,1647315667.930807000,192.168.10.155
1759,571,1647315667.933833000,192.168.10.155
1760,-1783,1647315667.935249000,162.219.225.115
1761,-97,1647315667.935250000,162.219.225.115
1762,66,1647315667.935297000,192.168.10.155
1763,-66,1647315667.935540000,44.233.46.194
1764,-1514,1647315667.937099000,44.233.46.194
1765,66,1647315667.937117000,192.168.10.155
1766,-1514,1647315667.937189000,44.233.46.194
1767,66,1647315667.937195000,192.168.10.155
1768,-2615,1647315667.937849000,44.233.46.194
1769,66,1647315667.937859000,192.168.10.155
1770,192,1647315667.945193000,192.168.10.155
1771,-60,1647315667.946017000,52.119.175.30
1772,-439,1647315667.947188000,52.119.169.237
1773,54,1647315667.947233000,192.168.10.155
1774,-60,1647315667.949460000,52.119.175.30
1775,85,1647315667.951395000,192.168.10.155
1776,54,1647315667.951430000,192.168.10.155
1777,-60,1647315667.951903000,52.119.175.30
1778,74,1647315667.953202000,192.168.10.155
1779,-60,1647315667.955879000,52.119.175.30
1780,-1514,1647315667.955881000,52.119.175.30
1781,54,1647315667.955926000,192.168.10.155
1782,-4501,1647315667.956399000,52.119.175.30
1783,-5961,1647315667.956401000,52.119.175.30
1784,54,1647315667.956410000,192.168.10.155
1785,54,1647315667.956424000,192.168.10.155
1786,180,1647315667.971084000,192.168.10.155
1787,-60,1647315667.974838000,52.119.175.30
1788,-60,1647315667.974839000,52.119.175.30
1789,-66,1647315667.975996000,52.119.175.30
1790,-5961,1647315667.976001000,52.119.175.30
1791,54,1647315667.976072000,192.168.10.155
1792,54,1647315667.976125000,192.168.10.155
1793,180,1647315667.979149000,192.168.10.155
1794,-60,1647315667.984123000,52.119.175.30
1795,-60,1647315667.988776000,52.119.175.30
1796,-2974,1647315667.990554000,52.119.175.30
1797,54,1647315667.990598000,192.168.10.155
1798,-1514,1647315667.990643000,52.119.175.30
1799,54,1647315667.990654000,192.168.10.155
1800,-1581,1647315667.990876000,52.119.175.30
1801,54,1647315667.990886000,192.168.10.155
1802,180,1647315667.992134000,192.168.10.155
1803,571,1647315667.999808000,192.168.10.155
1804,-60,1647315668.000530000,52.119.175.30
1805,180,1647315668.006049000,192.168.10.155
1806,-60,1647315668.007588000,52.119.175.30
1807,-60,1647315668.007675000,52.119.175.30
1808,74,1647315668.009346000,192.168.10.155
1809,-1514,1647315668.009529000,52.119.175.30
1810,54,1647315668.009542000,192.168.10.155
1811,-1514,1647315668.009644000,52.119.175.30
1812,54,1647315668.009648000,192.168.10.155
1813,-3041,1647315668.010390000,52.119.175.30
1814,54,1647315668.010440000,192.168.10.155
1815,180,1647315668.018252000,192.168.10.155
1816,-105,1647315668.020505000,52.94.176.92
1817,54,1647315668.020574000,192.168.10.155
1818,1514,1647315668.025025000,192.168.10.155
1819,1206,1647315668.025046000,192.168.10.155
1820,-60,1647315668.042036000,52.94.176.92
1821,-60,1647315668.044610000,52.94.176.92
1822,-2974,1647315668.046995000,52.94.176.92
1823,54,1647315668.047011000,192.168.10.155
1824,-3170,1647315668.047404000,52.94.176.92
1825,54,1647315668.047416000,192.168.10.155
1826,180,1647315668.052900000,192.168.10.155
1827,-60,1647315668.064115000,52.119.169.237
1828,54,1647315668.064151000,192.168.10.155
1829,-324,1647315668.065721000,44.233.46.194
1830,-135,1647315668.065722000,44.233.46.194
1831,66,1647315668.065751000,192.168.10.155
1832,66,1647315668.065771000,192.168.10.155
1833,243,1647315668.068798000,192.168.10.155
1834,1136,1647315668.069264000,192.168.10.155
1835,801,1647315668.069850000,192.168.10.155
1836,819,1647315668.070070000,192.168.10.155
1837,816,1647315668.070528000,192.168.10.155
1838,1120,1647315668.070897000,192.168.10.155
1839,464,1647315668.071704000,192.168.10.155
1840,-66,1647315668.072273000,52.94.176.92
1841,54,1647315668.072299000,192.168.10.155
1842,969,1647315668.072428000,192.168.10.155
1843,523,1647315668.072941000,192.168.10.155
1844,817,1647315668.073109000,192.168.10.155
1845,571,1647315668.076661000,192.168.10.155
1846,-105,1647315668.078694000,52.119.175.30
1847,54,1647315668.078725000,192.168.10.155
1848,600,1647315668.079080000,192.168.10.155
1849,-60,1647315668.079225000,52.119.175.30
1850,-105,1647315668.088852000,52.119.175.30
1851,54,1647315668.088873000,192.168.10.155
1852,566,1647315668.089470000,192.168.10.155
1853,-60,1647315668.105067000,52.119.175.30
1854,-1514,1647315668.105305000,52.119.175.30
1855,54,1647315668.105317000,192.168.10.155
1856,-4501,1647315668.105685000,52.119.175.30
1857,54,1647315668.105695000,192.168.10.155
1858,-105,1647315668.110518000,52.119.175.30
1859,54,1647315668.110538000,192.168.10.155
1860,-105,1647315668.113304000,52.119.175.30
1861,54,1647315668.113330000,192.168.10.155
1862,180,1647315668.115102000,192.168.10.155
1863,600,1647315668.116635000,192.168.10.155
1864,567,1647315668.116768000,192.168.10.155
1865,278,1647315668.121249000,192.168.10.155
1866,-66,1647315668.123184000,52.94.176.92
1867,54,1647315668.123212000,192.168.10.155
1868,171,1647315668.125329000,192.168.10.155
1869,-66,1647315668.131309000,151.101.229.16
1870,-5858,1647315668.131528000,151.101.229.16
1871,66,1647315668.131543000,192.168.10.155
1872,-5858,1647315668.132336000,151.101.229.16
1873,66,1647315668.132394000,192.168.10.155
1874,571,1647315668.133101000,192.168.10.155
1875,-4656,1647315668.136754000,151.101.229.16
1876,66,1647315668.136779000,192.168.10.155
1877,-5858,1647315668.137622000,151.101.229.16
1878,-5858,1647315668.137623000,151.101.229.16
1879,66,1647315668.137640000,192.168.10.155
1880,66,1647315668.137653000,192.168.10.155
1881,-5858,1647315668.137677000,151.101.229.16
1882,-5858,1647315668.137678000,151.101.229.16
1883,66,1647315668.137683000,192.168.10.155
1884,66,1647315668.137688000,192.168.10.155
1885,-2962,1647315668.137696000,151.101.229.16
1886,-66,1647315668.137697000,151.101.229.16
1887,66,1647315668.137699000,192.168.10.155
1888,-105,1647315668.139022000,52.119.175.30
1889,54,1647315668.139045000,192.168.10.155
1890,-2962,1647315668.142332000,151.101.229.16
1891,66,1647315668.142349000,192.168.10.155
1892,567,1647315668.142592000,192.168.10.155
1893,-4410,1647315668.142999000,151.101.229.16
1894,-8754,1647315668.143001000,151.101.229.16
1895,66,1647315668.143012000,192.168.10.155
1896,66,1647315668.143026000,192.168.10.155
1897,-60,1647315668.143030000,52.94.176.92
1898,-1514,1647315668.143031000,151.101.229.16
1899,66,1647315668.143045000,192.168.10.155
1900,-2962,1647315668.146768000,151.101.229.16
1901,66,1647315668.146784000,192.168.10.155
1902,-5858,1647315668.147758000,151.101.229.16
1903,66,1647315668.147773000,192.168.10.155
1904,-2962,1647315668.154354000,151.101.229.16
1905,66,1647315668.154370000,192.168.10.155
1906,-2962,1647315668.159960000,151.101.229.16
1907,66,1647315668.159979000,192.168.10.155
1908,-8754,1647315668.160461000,151.101.229.16
1909,-8754,1647315668.160464000,151.101.229.16
1910,66,1647315668.160482000,192.168.10.155
1911,66,1647315668.160498000,192.168.10.155
1912,-14546,1647315668.160532000,151.101.229.16
1913,66,1647315668.160539000,192.168.10.155
1914,-14546,1647315668.160573000,151.101.229.16
1915,66,1647315668.160579000,192.168.10.155
1916,-2962,1647315668.160611000,151.101.229.16
1917,-15994,1647315668.160614000,151.101.229.16
1918,66,1647315668.160619000,192.168.10.155
1919,66,1647315668.160625000,192.168.10.155
1920,-15994,1647315668.162356000,151.101.229.16
1921,66,1647315668.162371000,192.168.10.155
1922,-18890,1647315668.162418000,151.101.229.16
1923,66,1647315668.162422000,192.168.10.155
1924,-4826,1647315668.162439000,151.101.229.16
1925,-681,1647315668.162440000,52.94.176.92
1926,66,1647315668.162448000,192.168.10.155
1927,54,1647315668.162455000,192.168.10.155
1928,1514,1647315668.162904000,192.168.10.155
1929,1514,1647315668.162913000,192.168.10.155
1930,1514,1647315668.162924000,192.168.10.155
1931,1514,1647315668.162927000,192.168.10.155
1932,1514,1647315668.163370000,192.168.10.155
1933,1514,1647315668.163378000,192.168.10.155
1934,1514,1647315668.163387000,192.168.10.155
1935,1514,1647315668.163390000,192.168.10.155
1936,-105,1647315668.165154000,52.94.176.92
1937,-1514,1647315668.165155000,151.101.229.16
1938,54,1647315668.165179000,192.168.10.155
1939,66,1647315668.165197000,192.168.10.155
1940,-5858,1647315668.168156000,151.101.229.16
1941,66,1647315668.168176000,192.168.10.155
1942,1514,1647315668.168512000,192.168.10.155
1943,1514,1647315668.168523000,192.168.10.155
1944,-1098,1647315668.169547000,151.101.229.16
1945,66,1647315668.169565000,192.168.10.155
1946,-1514,1647315668.169643000,151.101.229.16
1947,66,1647315668.169650000,192.168.10.155
1948,-17442,1647315668.170915000,151.101.229.16
1949,66,1647315668.170932000,192.168.10.155
1950,-1195,1647315668.171136000,151.101.229.16
1951,66,1647315668.171144000,192.168.10.155
1952,-1514,1647315668.185968000,162.219.225.115
1953,66,1647315668.185988000,192.168.10.155
1954,-698,1647315668.186026000,162.219.225.115
1955,-97,1647315668.186027000,162.219.225.115
1956,66,1647315668.186034000,192.168.10.155
1957,66,1647315668.186040000,192.168.10.155
1958,105,1647315668.186383000,192.168.10.155
1959,90,1647315668.186549000,192.168.10.155
1960,-66,1647315668.189560000,44.233.46.194
1961,-104,1647315668.189560000,44.233.46.194
1962,1514,1647315668.189593000,192.168.10.155
1963,1514,1647315668.189607000,192.168.10.155
1964,1514,1647315668.189614000,192.168.10.155
1965,1514,1647315668.189617000,192.168.10.155
1966,66,1647315668.189642000,192.168.10.155
1967,-60,1647315668.190634000,52.94.176.92
1968,-66,1647315668.190635000,44.233.46.194
1969,1514,1647315668.191074000,192.168.10.155
1970,1514,1647315668.191083000,192.168.10.155
1971,1514,1647315668.191092000,192.168.10.155
1972,1514,1647315668.191095000,192.168.10.155
1973,-66,1647315668.191858000,44.233.46.194
1974,-236,1647315668.191858000,44.233.46.194
1975,-104,1647315668.191859000,44.233.46.194
1976,1514,1647315668.191874000,192.168.10.155
1977,1514,1647315668.191887000,192.168.10.155
1978,1514,1647315668.191890000,192.168.10.155
1979,66,1647315668.192057000,192.168.10.155
1980,-235,1647315668.193575000,44.233.46.194
1981,-104,1647315668.193575000,44.233.46.194
1982,-235,1647315668.193576000,44.233.46.194
1983,-104,1647315668.193576000,44.233.46.194
1984,1514,1647315668.193609000,192.168.10.155
1985,1514,1647315668.193623000,192.168.10.155
1986,66,1647315668.193886000,192.168.10.155
1987,-235,1647315668.195799000,44.233.46.194
1988,-104,1647315668.195799000,44.233.46.194
1989,-235,1647315668.195800000,44.233.46.194
1990,-66,1647315668.195800000,44.233.46.194
1991,-60,1647315668.195800000,52.94.176.92
1992,1514,1647315668.195835000,192.168.10.155
1993,1514,1647315668.195848000,192.168.10.155
1994,1514,1647315668.195865000,192.168.10.155
1995,1514,1647315668.195867000,192.168.10.155
1996,-533,1647315668.196496000,52.119.175.30
1997,-66,1647315668.196496000,162.219.225.115
1998,-66,1647315668.196497000,162.219.225.115
1999,-90,1647315668.196497000,162.219.225.115
2000,-66,1647315668.196497000,162.219.225.115
2001,-4434,1647315668.196498000,52.94.176.92
2002,54,1647315668.196510000,192.168.10.155
2003,54,1647315668.196543000,192.168.10.155
2004,54,1647315668.196553000,192.168.10.155
2005,54,1647315668.196559000,192.168.10.155
2006,-1710,1647315668.196573000,52.94.176.92
2007,54,1647315668.196577000,192.168.10.155
2008,1514,1647315668.196975000,192.168.10.155
2009,1514,1647315668.196990000,192.168.10.155
2010,1514,1647315668.196994000,192.168.10.155
2011,-540,1647315668.208464000,52.119.175.30
2012,54,1647315668.208485000,192.168.10.155
2013,-105,1647315668.218492000,52.119.175.30
2014,54,1647315668.218514000,192.168.10.155
2015,180,1647315668.224948000,192.168.10.155
2016,755,1647315668.225100000,192.168.10.155
2017,105,1647315668.225816000,192.168.10.155
2018,85,1647315668.225967000,192.168.10.155
2019,54,1647315668.225988000,192.168.10.155
2020,90,1647315668.227882000,192.168.10.155
2021,66,1647315668.227917000,192.168.10.155
2022,85,1647315668.228072000,192.168.10.155
2023,54,1647315668.228796000,192.168.10.155
2024,567,1647315668.231503000,192.168.10.155
2025,74,1647315668.232026000,192.168.10.155
2026,-533,1647315668.234499000,52.119.175.30
2027,54,1647315668.234522000,192.168.10.155
2028,-66,1647315668.234573000,151.101.229.16
2029,85,1647315668.237727000,192.168.10.155
2030,54,1647315668.237761000,192.168.10.155
2031,74,1647315668.238032000,192.168.10.155
2032,-60,1647315668.238583000,52.94.176.92
2033,-66,1647315668.238585000,151.101.229.16
2034,-90,1647315668.239156000,151.101.229.16
2035,-66,1647315668.239157000,151.101.229.16
2036,-66,1647315668.239157000,151.101.229.16
2037,54,1647315668.239177000,192.168.10.155
2038,54,1647315668.239195000,192.168.10.155
2039,54,1647315668.239199000,192.168.10.155
2040,-540,1647315668.242601000,52.119.175.30
2041,54,1647315668.242624000,192.168.10.155
2042,85,1647315668.243289000,192.168.10.155
2043,54,1647315668.243314000,192.168.10.155
2044,74,1647315668.243580000,192.168.10.155
2045,-60,1647315668.249487000,52.94.176.92
2046,-1514,1647315668.249488000,52.94.176.92
2047,54,1647315668.249521000,192.168.10.155
2048,-4630,1647315668.250231000,52.94.176.92
2049,54,1647315668.250248000,192.168.10.155
2050,180,1647315668.260906000,192.168.10.155
2051,74,1647315668.269832000,192.168.10.155
2052,74,1647315668.269944000,192.168.10.155
2053,-540,1647315668.270150000,52.119.175.30
2054,54,1647315668.270169000,192.168.10.155
2055,85,1647315668.270876000,192.168.10.155
2056,54,1647315668.270900000,192.168.10.155
2057,74,1647315668.279747000,192.168.10.155
2058,-74,1647315668.280312000,162.219.225.115
2059,-60,1647315668.280313000,52.94.176.92
2060,66,1647315668.280339000,192.168.10.155
2061,1514,1647315668.280365000,192.168.10.155
2062,1514,1647315668.280369000,192.168.10.155
2063,1514,1647315668.280376000,192.168.10.155
2064,1514,1647315668.280378000,192.168.10.155
2065,-60,1647315668.281020000,52.94.176.92
2066,1514,1647315668.281035000,192.168.10.155
2067,1514,1647315668.281041000,192.168.10.155
2068,1514,1647315668.281377000,192.168.10.155
2069,583,1647315668.284156000,192.168.10.155
2070,-60,1647315668.286318000,52.94.176.92
2071,-60,1647315668.286320000,52.94.176.92
2072,1514,1647315668.286359000,192.168.10.155
2073,1514,1647315668.286374000,192.168.10.155
2074,1514,1647315668.286381000,192.168.10.155
2075,1514,1647315668.286384000,192.168.10.155
2076,-60,1647315668.286951000,52.94.176.92
2077,1514,1647315668.287339000,192.168.10.155
2078,1514,1647315668.287352000,192.168.10.155
2079,1514,1647315668.287360000,192.168.10.155
2080,1514,1647315668.287362000,192.168.10.155
2081,1514,1647315668.287731000,192.168.10.155
2082,1514,1647315668.287738000,192.168.10.155
2083,1514,1647315668.288139000,192.168.10.155
2084,1514,1647315668.288156000,192.168.10.155
2085,1514,1647315668.288159000,192.168.10.155
2086,-66,1647315668.293952000,162.219.225.115
2087,-1514,1647315668.296488000,162.219.225.115
2088,66,1647315668.296513000,192.168.10.155
2089,-1514,1647315668.296566000,162.219.225.115
2090,66,1647315668.296572000,192.168.10.155
2091,-2694,1647315668.297195000,162.219.225.115
2092,66,1647315668.297206000,192.168.10.155
2093,130,1647315668.304914000,192.168.10.155
2094,236,1647315668.305504000,192.168.10.155
2095,-66,1647315668.312796000,44.233.46.194
2096,-66,1647315668.312797000,44.233.46.194
