index,size,time,ip
0,236,1649204044.853912000,10.11.219.6
1,554,1649204044.853945000,10.11.219.6
2,130,1649204044.854165000,10.11.219.6
3,561,1649204044.854332000,10.11.219.6
4,97,1649204044.854529000,10.11.219.6
5,499,1649204044.854579000,10.11.219.6
6,-66,1649204044.857132000,18.65.110.227
7,-66,1649204044.857133000,18.65.110.227
8,-97,1649204044.857134000,18.65.110.227
9,-66,1649204044.857134000,18.65.123.80
10,-66,1649204044.857134000,18.65.116.118
11,-66,1649204044.857134000,18.65.110.227
12,-66,1649204044.857135000,18.65.123.80
13,66,1649204044.857155000,10.11.219.6
14,-83,1649204044.859600000,18.65.116.118
15,-610,1649204044.859601000,18.65.123.80
16,-90,1649204044.859602000,18.65.123.80
17,-1434,1649204044.859603000,18.65.116.118
18,78,1649204044.859622000,10.11.219.6
19,66,1649204044.859642000,10.11.219.6
20,66,1649204044.859658000,10.11.219.6
21,90,1649204044.860059000,10.11.219.6
22,66,1649204044.860081000,10.11.219.6
23,-54,1649204044.862884000,18.65.123.80
24,74,1649204044.864810000,10.11.219.6
25,-74,1649204044.868385000,18.65.123.80
26,66,1649204044.868413000,10.11.219.6
27,583,1649204044.871499000,10.11.219.6
28,74,1649204044.872148000,10.11.219.6
29,-66,1649204044.875040000,18.65.123.80
30,-74,1649204044.875041000,18.65.116.99
31,-2802,1649204044.875042000,18.65.123.80
32,66,1649204044.875078000,10.11.219.6
33,66,1649204044.875098000,10.11.219.6
34,282,1649204044.876007000,10.11.219.6
35,-1328,1649204044.877039000,18.65.123.80
36,66,1649204044.877055000,10.11.219.6
37,-66,1649204044.879084000,18.65.116.99
38,-2802,1649204044.880399000,18.65.116.99
39,66,1649204044.880448000,10.11.219.6
40,-1229,1649204044.881305000,18.65.116.99
41,66,1649204044.881338000,10.11.219.6
42,159,1649204044.882666000,10.11.219.6
43,130,1649204044.882816000,10.11.219.6
44,500,1649204044.883100000,10.11.219.6
45,-66,1649204044.885456000,18.65.116.99
46,-66,1649204044.885456000,18.65.123.80
47,-237,1649204044.885457000,18.65.116.99
48,-135,1649204044.885457000,18.65.116.99
49,-66,1649204044.885457000,18.65.123.80
50,66,1649204044.885478000,10.11.219.6
51,66,1649204044.885500000,10.11.219.6
52,243,1649204044.885860000,10.11.219.6
53,104,1649204044.886208000,10.11.219.6
54,-610,1649204044.886819000,18.65.123.80
55,-90,1649204044.886819000,18.65.123.80
56,66,1649204044.886830000,10.11.219.6
57,90,1649204044.886987000,10.11.219.6
58,66,1649204044.887001000,10.11.219.6
59,-66,1649204044.889837000,18.65.116.99
60,-104,1649204044.889838000,18.65.116.99
61,-66,1649204044.889838000,18.65.116.99
62,66,1649204044.889853000,10.11.219.6
63,-54,1649204044.890944000,18.65.123.80
64,-66,1649204044.912187000,35.162.162.226
65,74,1649204044.920406000,10.11.219.6
66,-74,1649204044.923246000,18.65.123.80
67,66,1649204044.923262000,10.11.219.6
68,583,1649204044.925315000,10.11.219.6
69,-66,1649204044.928892000,18.65.123.80
70,-2802,1649204044.928893000,18.65.123.80
71,66,1649204044.928914000,10.11.219.6
72,-1328,1649204044.929895000,18.65.123.80
73,66,1649204044.929917000,10.11.219.6
74,130,1649204044.931953000,10.11.219.6
75,494,1649204044.932072000,10.11.219.6
76,-66,1649204044.934235000,18.65.123.80
77,-66,1649204044.935755000,18.65.123.80
78,-5538,1649204044.935757000,18.65.123.80
79,-366,1649204044.935757000,18.65.123.80
80,-1434,1649204044.935758000,18.65.123.80
81,-90,1649204044.935758000,18.65.123.80
82,66,1649204044.935778000,10.11.219.6
83,78,1649204044.935800000,10.11.219.6
84,66,1649204044.935808000,10.11.219.6
85,90,1649204044.936097000,10.11.219.6
86,66,1649204044.936125000,10.11.219.6
87,-54,1649204044.938482000,18.65.123.80
88,74,1649204044.938628000,10.11.219.6
89,-74,1649204044.941881000,18.65.123.80
90,66,1649204044.941933000,10.11.219.6
91,583,1649204044.946236000,10.11.219.6
92,-66,1649204044.949418000,18.65.123.80
93,-2802,1649204044.950637000,18.65.123.80
94,66,1649204044.950644000,10.11.219.6
95,-1328,1649204044.951859000,18.65.123.80
96,66,1649204044.951865000,10.11.219.6
97,130,1649204044.954476000,10.11.219.6
98,495,1649204044.954634000,10.11.219.6
99,-66,1649204044.957095000,18.65.123.80
100,-66,1649204044.957096000,18.65.123.80
101,-642,1649204044.958180000,18.65.123.80
102,-90,1649204044.958180000,18.65.123.80
103,66,1649204044.958193000,10.11.219.6
104,90,1649204044.958783000,10.11.219.6
105,66,1649204044.958816000,10.11.219.6
106,-54,1649204044.961348000,18.65.123.80
107,74,1649204044.962872000,10.11.219.6
108,-74,1649204044.965644000,18.65.123.80
109,66,1649204044.965674000,10.11.219.6
110,583,1649204044.968262000,10.11.219.6
111,-66,1649204044.972227000,18.65.123.80
112,-2802,1649204044.972228000,18.65.123.80
113,66,1649204044.972250000,10.11.219.6
114,-1328,1649204044.973201000,18.65.123.80
115,66,1649204044.973225000,10.11.219.6
116,130,1649204044.976209000,10.11.219.6
117,500,1649204044.976419000,10.11.219.6
118,-66,1649204044.978405000,18.65.123.80
119,-66,1649204044.979647000,18.65.123.80
120,-8274,1649204044.979649000,18.65.123.80
121,66,1649204044.979673000,10.11.219.6
122,-8264,1649204044.981169000,18.65.123.80
123,-2802,1649204044.981171000,18.65.123.80
124,66,1649204044.981192000,10.11.219.6
125,66,1649204044.981225000,10.11.219.6
126,-12378,1649204044.981404000,18.65.123.80
127,66,1649204044.981418000,10.11.219.6
128,-6906,1649204044.981450000,18.65.123.80
129,66,1649204044.981454000,10.11.219.6
130,-9642,1649204044.984295000,18.65.123.80
131,66,1649204044.984305000,10.11.219.6
132,-6906,1649204044.985961000,18.65.123.80
133,-15114,1649204044.985965000,18.65.123.80
134,66,1649204044.985980000,10.11.219.6
135,66,1649204044.986001000,10.11.219.6
136,-4314,1649204044.986039000,18.65.123.80
137,66,1649204044.986046000,10.11.219.6
138,90,1649204044.986319000,10.11.219.6
139,66,1649204044.986351000,10.11.219.6
140,74,1649204044.989471000,10.11.219.6
141,-54,1649204044.989521000,18.65.123.80
142,-74,1649204044.992900000,18.65.123.80
143,66,1649204044.992929000,10.11.219.6
144,583,1649204044.997305000,10.11.219.6
145,-66,1649204045.000246000,18.65.123.80
146,-2802,1649204045.001500000,18.65.123.80
147,66,1649204045.001509000,10.11.219.6
148,-1328,1649204045.002485000,18.65.123.80
149,66,1649204045.002498000,10.11.219.6
150,130,1649204045.005483000,10.11.219.6
151,501,1649204045.005678000,10.11.219.6
152,-66,1649204045.007775000,18.65.123.80
153,-66,1649204045.010039000,18.65.123.80
154,-675,1649204045.010042000,18.65.123.80
155,-90,1649204045.010042000,18.65.123.80
156,66,1649204045.010120000,10.11.219.6
157,90,1649204045.011088000,10.11.219.6
158,66,1649204045.011133000,10.11.219.6
159,-54,1649204045.014946000,18.65.123.80
160,74,1649204045.015908000,10.11.219.6
161,-74,1649204045.018781000,18.65.123.80
162,66,1649204045.018804000,10.11.219.6
163,583,1649204045.021052000,10.11.219.6
164,-66,1649204045.024450000,18.65.123.80
165,-2802,1649204045.025615000,18.65.123.80
166,66,1649204045.025627000,10.11.219.6
167,-1328,1649204045.026606000,18.65.123.80
168,66,1649204045.026637000,10.11.219.6
169,130,1649204045.032813000,10.11.219.6
170,508,1649204045.033004000,10.11.219.6
171,-66,1649204045.035099000,18.65.123.80
172,-66,1649204045.036385000,18.65.123.80
173,-4102,1649204045.036386000,18.65.123.80
174,-90,1649204045.036387000,18.65.123.80
175,66,1649204045.036403000,10.11.219.6
176,90,1649204045.036692000,10.11.219.6
177,66,1649204045.036777000,10.11.219.6
178,74,1649204045.038714000,10.11.219.6
179,-54,1649204045.039359000,18.65.123.80
180,-74,1649204045.041531000,18.65.123.80
181,66,1649204045.041572000,10.11.219.6
182,583,1649204045.046582000,10.11.219.6
183,-66,1649204045.050232000,18.65.123.80
184,-2802,1649204045.050233000,18.65.123.80
185,66,1649204045.050253000,10.11.219.6
186,-1328,1649204045.051212000,18.65.123.80
187,66,1649204045.051233000,10.11.219.6
188,130,1649204045.054566000,10.11.219.6
189,506,1649204045.054727000,10.11.219.6
190,-66,1649204045.057726000,18.65.123.80
191,-66,1649204045.057727000,18.65.123.80
192,-1434,1649204045.057727000,18.65.123.80
193,-86,1649204045.057728000,18.65.123.80
194,-1434,1649204045.057728000,18.65.123.80
195,66,1649204045.057746000,10.11.219.6
196,78,1649204045.057763000,10.11.219.6
197,66,1649204045.057772000,10.11.219.6
198,90,1649204045.057951000,10.11.219.6
199,66,1649204045.057969000,10.11.219.6
200,-90,1649204045.058648000,18.65.123.80
201,54,1649204045.058682000,10.11.219.6
202,74,1649204045.060650000,10.11.219.6
203,-74,1649204045.064110000,18.65.123.80
204,-1172,1649204045.064111000,18.65.110.227
205,66,1649204045.064179000,10.11.219.6
206,66,1649204045.064244000,10.11.219.6
207,583,1649204045.068992000,10.11.219.6
208,-5538,1649204045.070723000,18.65.110.227
209,66,1649204045.070742000,10.11.219.6
210,-4170,1649204045.071828000,18.65.110.227
211,-792,1649204045.071828000,18.65.110.227
212,-1434,1649204045.071828000,18.65.110.227
213,66,1649204045.071835000,10.11.219.6
214,78,1649204045.071846000,10.11.219.6
215,66,1649204045.071853000,10.11.219.6
216,-66,1649204045.072714000,18.65.123.80
217,-2802,1649204045.072716000,18.65.123.80
218,66,1649204045.072737000,10.11.219.6
219,-1328,1649204045.073696000,18.65.123.80
220,66,1649204045.073715000,10.11.219.6
221,130,1649204045.083741000,10.11.219.6
222,518,1649204045.083943000,10.11.219.6
223,-66,1649204045.086429000,18.65.123.80
224,-66,1649204045.086429000,18.65.123.80
225,-996,1649204045.087562000,18.65.123.80
226,-90,1649204045.087563000,18.65.123.80
227,66,1649204045.087578000,10.11.219.6
228,90,1649204045.087789000,10.11.219.6
229,66,1649204045.087811000,10.11.219.6
230,-54,1649204045.090658000,18.65.123.80
231,74,1649204045.091604000,10.11.219.6
232,-74,1649204045.096105000,18.65.123.80
233,66,1649204045.096202000,10.11.219.6
234,583,1649204045.098892000,10.11.219.6
235,-66,1649204045.102621000,18.65.123.80
236,-2802,1649204045.102622000,18.65.123.80
237,66,1649204045.102645000,10.11.219.6
238,-1328,1649204045.104670000,18.65.123.80
239,66,1649204045.104693000,10.11.219.6
240,130,1649204045.106841000,10.11.219.6
241,518,1649204045.106971000,10.11.219.6
242,-66,1649204045.110114000,18.65.123.80
243,-66,1649204045.110118000,18.65.123.80
244,-675,1649204045.110118000,18.65.123.80
245,-90,1649204045.110119000,18.65.123.80
246,66,1649204045.110199000,10.11.219.6
247,90,1649204045.110504000,10.11.219.6
248,66,1649204045.110523000,10.11.219.6
249,-54,1649204045.113237000,18.65.123.80
250,74,1649204045.147317000,10.11.219.6
251,74,1649204045.148028000,10.11.219.6
252,74,1649204045.148092000,10.11.219.6
253,74,1649204045.148130000,10.11.219.6
254,74,1649204045.148164000,10.11.219.6
255,74,1649204045.148226000,10.11.219.6
256,-74,1649204045.150646000,18.65.123.80
257,66,1649204045.150671000,10.11.219.6
258,547,1649204045.150750000,10.11.219.6
259,583,1649204045.152499000,10.11.219.6
260,-66,1649204045.156163000,18.65.123.80
261,-2802,1649204045.156164000,18.65.123.80
262,66,1649204045.156179000,10.11.219.6
263,-1328,1649204045.158195000,18.65.123.80
264,66,1649204045.158213000,10.11.219.6
265,-74,1649204045.159217000,151.101.229.16
266,66,1649204045.159251000,10.11.219.6
267,-74,1649204045.159805000,151.101.229.16
268,-74,1649204045.159806000,151.101.229.16
269,-74,1649204045.159806000,151.101.229.16
270,-74,1649204045.159806000,151.101.229.16
271,66,1649204045.159831000,10.11.219.6
272,66,1649204045.159845000,10.11.219.6
273,66,1649204045.159850000,10.11.219.6
274,66,1649204045.159855000,10.11.219.6
275,-1069,1649204045.164732000,18.65.116.118
276,66,1649204045.164830000,10.11.219.6
277,583,1649204045.165451000,10.11.219.6
278,583,1649204045.169809000,10.11.219.6
279,583,1649204045.171662000,10.11.219.6
280,583,1649204045.173424000,10.11.219.6
281,583,1649204045.175377000,10.11.219.6
282,570,1649204045.176243000,10.11.219.6
283,-66,1649204045.177431000,151.101.229.16
284,-4170,1649204045.178575000,151.101.229.16
285,-1393,1649204045.178577000,151.101.229.16
286,66,1649204045.178655000,10.11.219.6
287,66,1649204045.178726000,10.11.219.6
288,-467,1649204045.179631000,18.65.116.118
289,-1434,1649204045.179632000,18.65.116.118
290,78,1649204045.179652000,10.11.219.6
291,66,1649204045.179664000,10.11.219.6
292,130,1649204045.180023000,10.11.219.6
293,517,1649204045.181160000,10.11.219.6
294,-66,1649204045.181734000,151.101.229.16
295,-4170,1649204045.182839000,151.101.229.16
296,-1393,1649204045.182840000,151.101.229.16
297,66,1649204045.182855000,10.11.219.6
298,66,1649204045.182868000,10.11.219.6
299,130,1649204045.183519000,10.11.219.6
300,-66,1649204045.183820000,151.101.229.16
301,-66,1649204045.183821000,18.65.123.80
302,-66,1649204045.183821000,18.65.123.80
303,-772,1649204045.183821000,18.65.123.80
304,66,1649204045.183838000,10.11.219.6
305,-90,1649204045.184620000,18.65.123.80
306,-2802,1649204045.184621000,151.101.229.16
307,-1434,1649204045.184622000,151.101.229.16
308,66,1649204045.184645000,10.11.219.6
309,66,1649204045.184657000,10.11.219.6
310,-1393,1649204045.185242000,151.101.229.16
311,-66,1649204045.185242000,151.101.229.16
312,66,1649204045.185254000,10.11.219.6
313,236,1649204045.185898000,10.11.219.6
314,547,1649204045.185933000,10.11.219.6
315,-2802,1649204045.186485000,151.101.229.16
316,-2761,1649204045.186486000,151.101.229.16
317,66,1649204045.186502000,10.11.219.6
318,66,1649204045.186522000,10.11.219.6
319,-66,1649204045.187259000,151.101.229.16
320,-2802,1649204045.188364000,151.101.229.16
321,66,1649204045.188370000,10.11.219.6
322,90,1649204045.188864000,10.11.219.6
323,66,1649204045.188878000,10.11.219.6
324,-2761,1649204045.189685000,151.101.229.16
325,66,1649204045.189692000,10.11.219.6
326,-54,1649204045.191673000,18.65.123.80
327,-66,1649204045.195089000,151.101.229.16
328,130,1649204045.195249000,10.11.219.6
329,130,1649204045.197492000,10.11.219.6
330,236,1649204045.198099000,10.11.219.6
331,394,1649204045.198118000,10.11.219.6
332,253,1649204045.199076000,10.11.219.6
333,178,1649204045.199311000,10.11.219.6
334,130,1649204045.199496000,10.11.219.6
335,90,1649204045.199761000,10.11.219.6
336,130,1649204045.199942000,10.11.219.6
337,253,1649204045.200096000,10.11.219.6
338,-66,1649204045.200341000,151.101.229.16
339,-66,1649204045.200342000,151.101.229.16
340,-125,1649204045.200342000,151.101.229.16
341,-4170,1649204045.200347000,151.101.229.16
342,-4170,1649204045.200348000,151.101.229.16
343,66,1649204045.200369000,10.11.219.6
344,66,1649204045.200382000,10.11.219.6
345,66,1649204045.200388000,10.11.219.6
346,-4170,1649204045.200402000,151.101.229.16
347,-1434,1649204045.200403000,151.101.229.16
348,66,1649204045.200407000,10.11.219.6
349,66,1649204045.200414000,10.11.219.6
350,443,1649204045.200576000,10.11.219.6
351,253,1649204045.200664000,10.11.219.6
352,97,1649204045.200698000,10.11.219.6
353,90,1649204045.201292000,10.11.219.6
354,66,1649204045.201312000,10.11.219.6
355,684,1649204045.201627000,10.11.219.6
356,-2753,1649204045.201839000,151.101.229.16
357,-4170,1649204045.201840000,151.101.229.16
358,66,1649204045.201851000,10.11.219.6
359,66,1649204045.201859000,10.11.219.6
360,90,1649204045.202055000,10.11.219.6
361,66,1649204045.202072000,10.11.219.6
362,-4170,1649204045.203515000,151.101.229.16
363,-4170,1649204045.203516000,151.101.229.16
364,-2802,1649204045.203517000,151.101.229.16
365,66,1649204045.203526000,10.11.219.6
366,66,1649204045.203545000,10.11.219.6
367,66,1649204045.203568000,10.11.219.6
368,-1434,1649204045.204398000,151.101.229.16
369,-4170,1649204045.204399000,151.101.229.16
370,66,1649204045.204407000,10.11.219.6
371,-2802,1649204045.205173000,151.101.229.16
372,66,1649204045.205179000,10.11.219.6
373,-66,1649204045.206103000,151.101.229.16
374,-66,1649204045.208180000,151.101.229.16
375,-66,1649204045.210790000,151.101.229.16
376,-66,1649204045.210791000,151.101.229.16
377,-125,1649204045.210791000,151.101.229.16
378,-4170,1649204045.210792000,151.101.229.16
379,66,1649204045.210817000,10.11.219.6
380,66,1649204045.210836000,10.11.219.6
381,-4170,1649204045.210849000,151.101.229.16
382,66,1649204045.210978000,10.11.219.6
383,97,1649204045.211022000,10.11.219.6
384,-4170,1649204045.211966000,151.101.229.16
385,-66,1649204045.211966000,151.101.229.16
386,-66,1649204045.211967000,151.101.229.16
387,-66,1649204045.211967000,151.101.229.16
388,-125,1649204045.211967000,151.101.229.16
389,-125,1649204045.211968000,151.101.229.16
390,66,1649204045.211992000,10.11.219.6
391,54,1649204045.212036000,10.11.219.6
392,54,1649204045.212055000,10.11.219.6
393,-66,1649204045.212072000,151.101.229.16
394,-66,1649204045.212073000,151.101.229.16
395,-90,1649204045.212073000,151.101.229.16
396,-66,1649204045.212073000,151.101.229.16
397,-2802,1649204045.212074000,151.101.229.16
398,-66,1649204045.212074000,151.101.229.16
399,-125,1649204045.212075000,151.101.229.16
400,54,1649204045.212083000,10.11.219.6
401,54,1649204045.212089000,10.11.219.6
402,54,1649204045.212093000,10.11.219.6
403,66,1649204045.212099000,10.11.219.6
404,54,1649204045.212112000,10.11.219.6
405,-2802,1649204045.214830000,151.101.229.16
406,-424,1649204045.214831000,151.101.229.16
407,-1434,1649204045.214832000,151.101.229.16
408,66,1649204045.214858000,10.11.219.6
409,78,1649204045.214886000,10.11.219.6
410,66,1649204045.214891000,10.11.219.6
411,-4116,1649204045.214990000,151.101.229.16
412,-66,1649204045.214991000,151.101.229.16
413,-4170,1649204045.214991000,151.101.229.16
414,-66,1649204045.214991000,151.101.229.16
415,66,1649204045.214996000,10.11.219.6
416,66,1649204045.215005000,10.11.219.6
417,-66,1649204045.215016000,151.101.229.16
418,-66,1649204045.215017000,151.101.229.16
419,-90,1649204045.215017000,151.101.229.16
420,-66,1649204045.215017000,151.101.229.16
421,-66,1649204045.215017000,151.101.229.16
422,-66,1649204045.215018000,151.101.229.16
423,-90,1649204045.215018000,151.101.229.16
424,-66,1649204045.215018000,151.101.229.16
425,54,1649204045.215027000,10.11.219.6
426,54,1649204045.215035000,10.11.219.6
427,54,1649204045.215038000,10.11.219.6
428,54,1649204045.215041000,10.11.219.6
429,54,1649204045.215044000,10.11.219.6
430,54,1649204045.215047000,10.11.219.6
431,54,1649204045.215049000,10.11.219.6
432,54,1649204045.215052000,10.11.219.6
433,-4170,1649204045.215070000,151.101.229.16
434,-8274,1649204045.215071000,151.101.229.16
435,66,1649204045.215075000,10.11.219.6
436,66,1649204045.215079000,10.11.219.6
437,-2802,1649204045.215948000,151.101.229.16
438,66,1649204045.215962000,10.11.219.6
439,-5278,1649204045.217925000,151.101.229.16
440,-66,1649204045.217925000,151.101.229.16
441,-66,1649204045.217925000,151.101.229.16
442,-4170,1649204045.217926000,151.101.229.16
443,66,1649204045.217943000,10.11.219.6
444,66,1649204045.217965000,10.11.219.6
445,-8274,1649204045.217987000,151.101.229.16
446,-1434,1649204045.217988000,151.101.229.16
447,66,1649204045.217990000,10.11.219.6
448,-2802,1649204045.218307000,151.101.229.16
449,-4170,1649204045.218308000,151.101.229.16
450,-1434,1649204045.218308000,151.101.229.16
451,-1208,1649204045.218309000,151.101.229.16
452,-4170,1649204045.218310000,151.101.229.16
453,66,1649204045.218317000,10.11.219.6
454,66,1649204045.218332000,10.11.219.6
455,78,1649204045.218339000,10.11.219.6
456,-1434,1649204045.218347000,151.101.229.16
457,66,1649204045.218350000,10.11.219.6
458,66,1649204045.218695000,10.11.219.6
459,-4170,1649204045.219159000,151.101.229.16
460,66,1649204045.219173000,10.11.219.6
461,-2802,1649204045.222482000,151.101.229.16
462,66,1649204045.222497000,10.11.219.6
463,-4170,1649204045.222535000,151.101.229.16
464,66,1649204045.222551000,10.11.219.6
465,-4170,1649204045.223454000,151.101.229.16
466,-401,1649204045.223455000,18.65.110.227
467,66,1649204045.223469000,10.11.219.6
468,66,1649204045.223485000,10.11.219.6
469,-4170,1649204045.224497000,151.101.229.16
470,-66,1649204045.224497000,151.101.229.16
471,66,1649204045.224507000,10.11.219.6
472,-4170,1649204045.225583000,151.101.229.16
473,66,1649204045.225602000,10.11.219.6
474,-2802,1649204045.227691000,18.65.110.227
475,66,1649204045.227702000,10.11.219.6
476,-11924,1649204045.227861000,18.65.110.227
477,66,1649204045.227872000,10.11.219.6
478,-713,1649204045.227898000,18.65.110.227
479,-4170,1649204045.227899000,151.101.229.16
480,-4170,1649204045.227899000,151.101.229.16
481,-1434,1649204045.227900000,18.65.110.227
482,78,1649204045.227907000,10.11.219.6
483,66,1649204045.227911000,10.11.219.6
484,66,1649204045.227914000,10.11.219.6
485,66,1649204045.227917000,10.11.219.6
486,-4170,1649204045.229051000,151.101.229.16
487,-4170,1649204045.229052000,151.101.229.16
488,66,1649204045.229065000,10.11.219.6
489,66,1649204045.229077000,10.11.219.6
490,-4170,1649204045.229973000,151.101.229.16
491,66,1649204045.230004000,10.11.219.6
492,-4170,1649204045.231140000,151.101.229.16
493,-2802,1649204045.231142000,151.101.229.16
494,66,1649204045.231154000,10.11.219.6
495,66,1649204045.231172000,10.11.219.6
496,-4170,1649204045.232043000,151.101.229.16
497,66,1649204045.232049000,10.11.219.6
498,-5538,1649204045.233843000,151.101.229.16
499,-5538,1649204045.233844000,151.101.229.16
500,66,1649204045.233855000,10.11.219.6
501,66,1649204045.233869000,10.11.219.6
502,-3775,1649204045.234644000,151.101.229.16
503,66,1649204045.234652000,10.11.219.6
504,-5538,1649204045.321718000,18.65.110.227
505,66,1649204045.321732000,10.11.219.6
506,-3620,1649204045.321912000,18.65.110.227
507,66,1649204045.321918000,10.11.219.6
508,-6906,1649204045.326521000,18.65.110.227
509,-890,1649204045.326525000,18.65.110.227
510,-1434,1649204045.326528000,18.65.110.227
511,-1434,1649204045.326529000,18.65.110.227
512,66,1649204045.326587000,10.11.219.6
513,78,1649204045.326650000,10.11.219.6
514,66,1649204045.326666000,10.11.219.6
515,-15104,1649204045.326740000,18.65.110.227
516,-5326,1649204045.326763000,18.65.110.227
517,66,1649204045.326784000,10.11.219.6
518,-11010,1649204045.328259000,18.65.110.227
519,66,1649204045.328270000,10.11.219.6
520,-5528,1649204045.329185000,18.65.110.227
521,-341,1649204045.329186000,18.65.110.227
522,-1434,1649204045.329186000,18.65.110.227
523,66,1649204045.329197000,10.11.219.6
524,78,1649204045.329212000,10.11.219.6
525,66,1649204045.329220000,10.11.219.6
526,-5538,1649204045.420148000,18.65.110.227
527,66,1649204045.420169000,10.11.219.6
528,-1434,1649204045.420602000,18.65.110.227
529,-890,1649204045.420602000,18.65.110.227
530,-1434,1649204045.420603000,18.65.110.227
531,66,1649204045.420609000,10.11.219.6
532,78,1649204045.420619000,10.11.219.6
533,66,1649204045.420626000,10.11.219.6
534,-2802,1649204045.422807000,18.65.110.227
535,66,1649204045.422814000,10.11.219.6
536,-13736,1649204045.423143000,18.65.110.227
537,66,1649204045.423154000,10.11.219.6
538,-347,1649204045.423186000,18.65.110.227
539,-1434,1649204045.423186000,18.65.110.227
540,-9642,1649204045.423189000,18.65.110.227
541,78,1649204045.423198000,10.11.219.6
542,66,1649204045.423205000,10.11.219.6
543,66,1649204045.423210000,10.11.219.6
544,-459,1649204045.423219000,18.65.110.227
545,-1434,1649204045.423220000,18.65.110.227
546,78,1649204045.423224000,10.11.219.6
547,66,1649204045.423231000,10.11.219.6
548,-9092,1649204045.424291000,18.65.110.227
549,-1434,1649204045.424292000,18.65.110.227
550,66,1649204045.424299000,10.11.219.6
551,66,1649204045.424313000,10.11.219.6
552,-17668,1649204045.426282000,18.65.110.227
553,66,1649204045.426356000,10.11.219.6
554,174,1649204045.431933000,10.11.219.6
555,190,1649204045.435349000,10.11.219.6
556,169,1649204045.436424000,10.11.219.6
557,623,1649204045.437084000,10.11.219.6
558,207,1649204045.438020000,10.11.219.6
559,1180,1649204045.439538000,10.11.219.6
560,188,1649204045.439888000,10.11.219.6
561,181,1649204045.440156000,10.11.219.6
562,180,1649204045.440541000,10.11.219.6
563,183,1649204045.441091000,10.11.219.6
564,-66,1649204045.443663000,151.101.229.16
565,-2802,1649204045.443665000,151.101.229.16
566,414,1649204045.443689000,10.11.219.6
567,66,1649204045.443712000,10.11.219.6
568,-5356,1649204045.443736000,151.101.229.16
569,66,1649204045.443748000,10.11.219.6
570,-66,1649204045.446518000,151.101.229.16
571,-691,1649204045.446519000,151.101.229.16
572,66,1649204045.446594000,10.11.219.6
573,-66,1649204045.447466000,151.101.229.16
574,176,1649204045.448399000,10.11.219.6
575,184,1649204045.448963000,10.11.219.6
576,-5167,1649204045.449149000,151.101.229.16
577,-5538,1649204045.449150000,151.101.229.16
578,66,1649204045.449163000,10.11.219.6
579,66,1649204045.449180000,10.11.219.6
580,-6906,1649204045.449452000,151.101.229.16
581,66,1649204045.449457000,10.11.219.6
582,211,1649204045.451569000,10.11.219.6
583,-3668,1649204045.452212000,151.101.229.16
584,-12378,1649204045.452215000,151.101.229.16
585,66,1649204045.452227000,10.11.219.6
586,66,1649204045.452243000,10.11.219.6
587,-8274,1649204045.452267000,151.101.229.16
588,66,1649204045.452273000,10.11.219.6
589,198,1649204045.453140000,10.11.219.6
590,-4170,1649204045.455078000,151.101.229.16
591,-66,1649204045.455078000,151.101.229.16
592,-1434,1649204045.455078000,151.101.229.16
593,66,1649204045.455088000,10.11.219.6
594,-11010,1649204045.455776000,151.101.229.16
595,66,1649204045.455780000,10.11.219.6
596,-12378,1649204045.455811000,151.101.229.16
597,66,1649204045.455815000,10.11.219.6
598,-66,1649204045.455834000,151.101.229.16
599,-66,1649204045.455835000,151.101.229.16
600,-8274,1649204045.455836000,151.101.229.16
601,66,1649204045.455863000,10.11.219.6
602,-4170,1649204045.457933000,151.101.229.16
603,-66,1649204045.457933000,151.101.229.16
604,-12378,1649204045.457936000,151.101.229.16
605,66,1649204045.457947000,10.11.219.6
606,66,1649204045.457972000,10.11.219.6
607,-66,1649204045.457988000,151.101.229.16
608,-8274,1649204045.457990000,151.101.229.16
609,66,1649204045.457999000,10.11.219.6
610,-4170,1649204045.458263000,151.101.229.16
611,-5538,1649204045.458265000,151.101.229.16
612,66,1649204045.458272000,10.11.219.6
613,66,1649204045.458285000,10.11.219.6
614,-6906,1649204045.460273000,151.101.229.16
615,-66,1649204045.460273000,151.101.229.16
616,-2802,1649204045.460274000,151.101.229.16
617,66,1649204045.460292000,10.11.219.6
618,66,1649204045.460327000,10.11.219.6
619,-12378,1649204045.460363000,151.101.229.16
620,66,1649204045.460366000,10.11.219.6
621,-4170,1649204045.460377000,151.101.229.16
622,66,1649204045.460393000,10.11.219.6
623,-8274,1649204045.460672000,151.101.229.16
624,66,1649204045.460680000,10.11.219.6
625,-5538,1649204045.462071000,151.101.229.16
626,66,1649204045.462089000,10.11.219.6
627,-2802,1649204045.464195000,151.101.229.16
628,-66,1649204045.464196000,151.101.229.16
629,-12378,1649204045.464202000,151.101.229.16
630,66,1649204045.464257000,10.11.219.6
631,66,1649204045.464305000,10.11.219.6
632,-12378,1649204045.464347000,151.101.229.16
633,66,1649204045.464351000,10.11.219.6
634,-6906,1649204045.464385000,151.101.229.16
635,66,1649204045.464388000,10.11.219.6
636,74,1649204045.465782000,10.11.219.6
637,-66,1649204045.466127000,151.101.229.16
638,-66,1649204045.466128000,151.101.229.16
639,-2802,1649204045.466128000,151.101.229.16
640,66,1649204045.466145000,10.11.219.6
641,-2802,1649204045.468302000,151.101.229.16
642,66,1649204045.468312000,10.11.219.6
643,-6906,1649204045.468625000,151.101.229.16
644,-2802,1649204045.468625000,151.101.229.16
645,-1434,1649204045.468626000,151.101.229.16
646,66,1649204045.468631000,10.11.219.6
647,66,1649204045.468638000,10.11.219.6
648,66,1649204045.468641000,10.11.219.6
649,-6906,1649204045.470930000,151.101.229.16
650,-1340,1649204045.470930000,151.101.229.16
651,-9642,1649204045.470931000,151.101.229.16
652,66,1649204045.470942000,10.11.219.6
653,78,1649204045.470959000,10.11.219.6
654,66,1649204045.470961000,10.11.219.6
655,-1434,1649204045.470984000,151.101.229.16
656,-2802,1649204045.470984000,151.101.229.16
657,-421,1649204045.470985000,151.101.229.16
658,-12378,1649204045.470987000,151.101.229.16
659,66,1649204045.470990000,10.11.219.6
660,66,1649204045.470993000,10.11.219.6
661,78,1649204045.470996000,10.11.219.6
662,66,1649204045.470999000,10.11.219.6
663,-1434,1649204045.471009000,151.101.229.16
664,-8274,1649204045.471010000,151.101.229.16
665,66,1649204045.471013000,10.11.219.6
666,66,1649204045.471016000,10.11.219.6
667,-4170,1649204045.471509000,151.101.229.16
668,-6906,1649204045.471510000,151.101.229.16
669,66,1649204045.471522000,10.11.219.6
670,66,1649204045.471536000,10.11.219.6
671,-5538,1649204045.475341000,151.101.229.16
672,66,1649204045.475364000,10.11.219.6
673,-2802,1649204045.476095000,151.101.229.16
674,-12378,1649204045.476098000,151.101.229.16
675,66,1649204045.476116000,10.11.219.6
676,66,1649204045.476139000,10.11.219.6
677,-12378,1649204045.476169000,151.101.229.16
678,66,1649204045.476174000,10.11.219.6
679,-12378,1649204045.479445000,151.101.229.16
680,66,1649204045.479492000,10.11.219.6
681,-1434,1649204045.479556000,151.101.229.16
682,-11010,1649204045.480056000,151.101.229.16
683,66,1649204045.480088000,10.11.219.6
684,-15114,1649204045.480217000,151.101.229.16
685,-1434,1649204045.480229000,151.101.229.16
686,66,1649204045.480331000,10.11.219.6
687,-19218,1649204045.482401000,151.101.229.16
688,-5538,1649204045.482415000,151.101.229.16
689,66,1649204045.482437000,10.11.219.6
690,-13746,1649204045.482975000,151.101.229.16
691,66,1649204045.482984000,10.11.219.6
692,-4170,1649204045.484632000,151.101.229.16
693,-12378,1649204045.484634000,151.101.229.16
694,66,1649204045.484661000,10.11.219.6
695,66,1649204045.484748000,10.11.219.6
696,-8274,1649204045.485295000,151.101.229.16
697,-13746,1649204045.485297000,151.101.229.16
698,66,1649204045.485306000,10.11.219.6
699,66,1649204045.485353000,10.11.219.6
700,-15114,1649204045.487186000,151.101.229.16
701,66,1649204045.487198000,10.11.219.6
702,-12378,1649204045.487234000,151.101.229.16
703,66,1649204045.487248000,10.11.219.6
704,-11010,1649204045.487755000,151.101.229.16
705,66,1649204045.487768000,10.11.219.6
706,-6906,1649204045.489696000,151.101.229.16
707,-5538,1649204045.489698000,151.101.229.16
708,66,1649204045.489713000,10.11.219.6
709,66,1649204045.489738000,10.11.219.6
710,-12378,1649204045.489767000,151.101.229.16
711,66,1649204045.489770000,10.11.219.6
712,-13746,1649204045.490263000,151.101.229.16
713,66,1649204045.490268000,10.11.219.6
714,-4170,1649204045.492609000,151.101.229.16
715,-19218,1649204045.492620000,151.101.229.16
716,66,1649204045.492674000,10.11.219.6
717,66,1649204045.492770000,10.11.219.6
718,-4170,1649204045.492806000,151.101.229.16
719,66,1649204045.492812000,10.11.219.6
720,-11010,1649204045.493049000,151.101.229.16
721,66,1649204045.493068000,10.11.219.6
722,-26058,1649204045.495017000,151.101.229.16
723,66,1649204045.495031000,10.11.219.6
724,-4170,1649204045.495747000,151.101.229.16
725,-8274,1649204045.495754000,151.101.229.16
726,66,1649204045.495810000,10.11.219.6
727,66,1649204045.495859000,10.11.219.6
728,-2802,1649204045.497616000,151.101.229.16
729,66,1649204045.497628000,10.11.219.6
730,-17850,1649204045.498404000,151.101.229.16
731,66,1649204045.498411000,10.11.219.6
732,-5538,1649204045.498440000,151.101.229.16
733,-12378,1649204045.498443000,151.101.229.16
734,66,1649204045.498449000,10.11.219.6
735,66,1649204045.498453000,10.11.219.6
736,-17850,1649204045.500640000,151.101.229.16
737,66,1649204045.500652000,10.11.219.6
738,-8274,1649204045.500684000,151.101.229.16
739,66,1649204045.500694000,10.11.219.6
740,-11010,1649204045.501116000,151.101.229.16
741,66,1649204045.501132000,10.11.219.6
742,-11010,1649204045.503020000,151.101.229.16
743,66,1649204045.503028000,10.11.219.6
744,-4170,1649204045.503058000,151.101.229.16
745,-12378,1649204045.503059000,151.101.229.16
746,66,1649204045.503066000,10.11.219.6
747,66,1649204045.503070000,10.11.219.6
748,-11010,1649204045.503587000,151.101.229.16
749,66,1649204045.503595000,10.11.219.6
750,-2802,1649204045.505570000,151.101.229.16
751,66,1649204045.505583000,10.11.219.6
752,-4170,1649204045.506281000,151.101.229.16
753,-30162,1649204045.506286000,151.101.229.16
754,66,1649204045.506295000,10.11.219.6
755,66,1649204045.506307000,10.11.219.6
756,-4170,1649204045.507173000,151.101.229.16
757,-6906,1649204045.507175000,151.101.229.16
758,66,1649204045.507193000,10.11.219.6
759,66,1649204045.507221000,10.11.219.6
760,-5538,1649204045.511480000,151.101.229.16
761,66,1649204045.511497000,10.11.219.6
762,-17850,1649204045.512393000,151.101.229.16
763,-13746,1649204045.512529000,151.101.229.16
764,66,1649204045.512613000,10.11.219.6
765,-2802,1649204045.513475000,151.101.229.16
766,-381,1649204045.513476000,151.101.229.16
767,-1434,1649204045.513477000,151.101.229.16
768,78,1649204045.513500000,10.11.219.6
769,66,1649204045.513516000,10.11.219.6
770,169,1649204045.520090000,10.11.219.6
771,200,1649204045.524268000,10.11.219.6
772,74,1649204045.524323000,10.11.219.6
773,-66,1649204045.531205000,151.101.229.16
774,-2802,1649204045.533042000,151.101.229.16
775,66,1649204045.533050000,10.11.219.6
776,-5131,1649204045.533082000,151.101.229.16
777,66,1649204045.533099000,10.11.219.6
778,-66,1649204045.536398000,151.101.229.16
779,-2802,1649204045.536398000,151.101.229.16
780,66,1649204045.536415000,10.11.219.6
781,-1082,1649204045.536485000,18.65.110.227
782,-11010,1649204045.536487000,151.101.229.16
783,66,1649204045.536492000,10.11.219.6
784,66,1649204045.536500000,10.11.219.6
785,-74,1649204045.536505000,151.101.229.16
786,66,1649204045.536515000,10.11.219.6
787,-2400,1649204045.538444000,151.101.229.16
788,-13746,1649204045.538446000,151.101.229.16
789,66,1649204045.538457000,10.11.219.6
790,66,1649204045.538472000,10.11.219.6
791,-11010,1649204045.538492000,151.101.229.16
792,66,1649204045.538497000,10.11.219.6
793,-2802,1649204045.538506000,151.101.229.16
794,66,1649204045.538508000,10.11.219.6
795,583,1649204045.539904000,10.11.219.6
796,-1305,1649204045.540510000,18.65.110.227
797,-7917,1649204045.540512000,151.101.229.16
798,-2802,1649204045.540512000,18.65.110.227
799,66,1649204045.540530000,10.11.219.6
800,66,1649204045.540545000,10.11.219.6
801,66,1649204045.540550000,10.11.219.6
802,-4170,1649204045.542142000,18.65.110.227
803,-884,1649204045.542143000,18.65.110.227
804,-1434,1649204045.542143000,18.65.110.227
805,-11010,1649204045.542146000,18.65.110.227
806,66,1649204045.542163000,10.11.219.6
807,78,1649204045.542187000,10.11.219.6
808,66,1649204045.542194000,10.11.219.6
809,66,1649204045.542199000,10.11.219.6
810,-216,1649204045.542205000,18.65.110.227
811,-1434,1649204045.542205000,18.65.110.227
812,78,1649204045.542208000,10.11.219.6
813,66,1649204045.542220000,10.11.219.6
814,-66,1649204045.552257000,151.101.229.16
815,-4170,1649204045.554831000,151.101.229.16
816,-1377,1649204045.554831000,151.101.229.16
817,66,1649204045.554858000,10.11.219.6
818,66,1649204045.554880000,10.11.219.6
819,-2802,1649204045.557221000,18.65.110.227
820,66,1649204045.557238000,10.11.219.6
821,-8274,1649204045.557292000,18.65.110.227
822,-1171,1649204045.557293000,18.65.110.227
823,-1434,1649204045.557298000,18.65.110.227
824,66,1649204045.557306000,10.11.219.6
825,78,1649204045.557318000,10.11.219.6
826,66,1649204045.557324000,10.11.219.6
827,130,1649204045.562860000,10.11.219.6
828,253,1649204045.563385000,10.11.219.6
829,90,1649204045.564570000,10.11.219.6
830,66,1649204045.564591000,10.11.219.6
831,-1104,1649204045.570520000,18.65.110.227
832,66,1649204045.570533000,10.11.219.6
833,-66,1649204045.575026000,151.101.229.16
834,-66,1649204045.575027000,151.101.229.16
835,-125,1649204045.575027000,151.101.229.16
836,54,1649204045.575080000,10.11.219.6
837,-66,1649204045.576113000,151.101.229.16
838,-90,1649204045.576114000,151.101.229.16
839,-66,1649204045.576114000,151.101.229.16
840,-66,1649204045.576114000,151.101.229.16
841,54,1649204045.576147000,10.11.219.6
842,54,1649204045.576177000,10.11.219.6
843,54,1649204045.576183000,10.11.219.6
844,54,1649204045.576186000,10.11.219.6
845,-74,1649204045.580440000,52.36.17.87
846,-383,1649204045.580442000,18.65.110.227
847,66,1649204045.580517000,10.11.219.6
848,66,1649204045.580577000,10.11.219.6
849,583,1649204045.583777000,10.11.219.6
850,156,1649204045.586790000,10.11.219.6
851,246,1649204045.587071000,10.11.219.6
852,193,1649204045.588575000,10.11.219.6
853,152,1649204045.592518000,10.11.219.6
854,-66,1649204045.598323000,151.101.229.16
855,-66,1649204045.598323000,151.101.229.16
856,-516,1649204045.598323000,151.101.229.16
857,-1434,1649204045.598324000,151.101.229.16
858,78,1649204045.598345000,10.11.219.6
859,66,1649204045.598364000,10.11.219.6
860,-1374,1649204045.599417000,151.101.229.16
861,-1145,1649204045.599418000,151.101.229.16
862,-66,1649204045.599418000,151.101.229.16
863,66,1649204045.599432000,10.11.219.6
864,66,1649204045.599447000,10.11.219.6
865,-11010,1649204045.601122000,151.101.229.16
866,-565,1649204045.601143000,151.101.229.16
867,-1434,1649204045.601144000,151.101.229.16
868,78,1649204045.601160000,10.11.219.6
869,66,1649204045.601182000,10.11.219.6
870,155,1649204045.603551000,10.11.219.6
871,-66,1649204045.603956000,151.101.229.16
872,-2655,1649204045.603957000,151.101.229.16
873,66,1649204045.603971000,10.11.219.6
874,155,1649204045.604257000,10.11.219.6
875,-66,1649204045.614716000,151.101.229.16
876,-66,1649204045.614717000,151.101.229.16
877,-6906,1649204045.618600000,151.101.229.16
878,-241,1649204045.618601000,151.101.229.16
879,-1434,1649204045.618601000,151.101.229.16
880,-16081,1649204045.618603000,151.101.229.16
881,66,1649204045.618619000,10.11.219.6
882,78,1649204045.618643000,10.11.219.6
883,66,1649204045.618649000,10.11.219.6
884,66,1649204045.618653000,10.11.219.6
885,-4170,1649204045.618673000,151.101.229.16
886,-398,1649204045.618673000,151.101.229.16
887,-1434,1649204045.618674000,151.101.229.16
888,66,1649204045.618682000,10.11.219.6
889,78,1649204045.618691000,10.11.219.6
890,66,1649204045.618695000,10.11.219.6
891,-66,1649204045.698257000,52.36.17.87
892,-1407,1649204045.701873000,52.36.17.87
893,-4170,1649204045.701874000,52.36.17.87
894,78,1649204045.701887000,10.11.219.6
895,66,1649204045.701912000,10.11.219.6
896,192,1649204045.705479000,10.11.219.6
897,-324,1649204045.819598000,52.36.17.87
898,-135,1649204045.819599000,52.36.17.87
899,66,1649204045.819617000,10.11.219.6
900,66,1649204045.819631000,10.11.219.6
901,243,1649204045.855089000,10.11.219.6
902,507,1649204045.855113000,10.11.219.6
903,104,1649204045.855581000,10.11.219.6
904,-125,1649204045.863452000,18.65.110.227
905,66,1649204045.863467000,10.11.219.6
906,-463,1649204045.865702000,18.65.110.227
907,-382,1649204045.865703000,18.65.110.227
908,-1434,1649204045.865703000,18.65.110.227
909,66,1649204045.865726000,10.11.219.6
910,78,1649204045.865746000,10.11.219.6
911,66,1649204045.865757000,10.11.219.6
912,-9642,1649204045.867343000,18.65.110.227
913,-1059,1649204045.867345000,18.65.110.227
914,66,1649204045.867388000,10.11.219.6
915,78,1649204045.867416000,10.11.219.6
916,-1434,1649204045.867430000,18.65.110.227
917,66,1649204045.867436000,10.11.219.6
918,-8274,1649204045.869411000,18.65.110.227
919,66,1649204045.869431000,10.11.219.6
920,-2747,1649204045.869462000,18.65.110.227
921,66,1649204045.869466000,10.11.219.6
922,-2802,1649204045.878406000,18.65.110.227
923,66,1649204045.878423000,10.11.219.6
924,-4170,1649204045.878463000,18.65.110.227
925,-884,1649204045.878464000,18.65.110.227
926,-1434,1649204045.878465000,18.65.110.227
927,66,1649204045.878473000,10.11.219.6
928,78,1649204045.878482000,10.11.219.6
929,66,1649204045.878488000,10.11.219.6
930,-16472,1649204045.881156000,18.65.110.227
931,66,1649204045.881173000,10.11.219.6
932,-347,1649204045.881195000,18.65.110.227
933,-1434,1649204045.881196000,18.65.110.227
934,-9149,1649204045.881197000,18.65.110.227
935,78,1649204045.881205000,10.11.219.6
936,66,1649204045.881213000,10.11.219.6
937,66,1649204045.881218000,10.11.219.6
938,157,1649204045.883138000,10.11.219.6
939,156,1649204045.883664000,10.11.219.6
940,-622,1649204045.884363000,18.65.110.227
941,-1434,1649204045.884364000,18.65.110.227
942,78,1649204045.884379000,10.11.219.6
943,66,1649204045.884399000,10.11.219.6
944,156,1649204045.885155000,10.11.219.6
945,247,1649204045.885446000,10.11.219.6
946,156,1649204045.885791000,10.11.219.6
947,155,1649204045.888462000,10.11.219.6
948,198,1649204045.888909000,10.11.219.6
949,74,1649204045.888972000,10.11.219.6
950,-585,1649204045.893232000,18.65.110.227
951,66,1649204045.893305000,10.11.219.6
952,-66,1649204045.894180000,151.101.229.16
953,-66,1649204045.894182000,151.101.229.16
954,-1086,1649204045.895396000,151.101.229.16
955,-1067,1649204045.895399000,151.101.229.16
956,66,1649204045.895473000,10.11.219.6
957,-66,1649204045.896517000,151.101.229.16
958,-1061,1649204045.897699000,151.101.229.16
959,-66,1649204045.898712000,151.101.229.16
960,-66,1649204045.898713000,151.101.229.16
961,189,1649204045.899122000,10.11.219.6
962,-1152,1649204045.899952000,151.101.229.16
963,-804,1649204045.899953000,151.101.229.16
964,-66,1649204045.899953000,151.101.229.16
965,-856,1649204045.899953000,151.101.229.16
966,-66,1649204045.899954000,151.101.229.16
967,-547,1649204045.899954000,151.101.229.16
968,-321,1649204045.899954000,151.101.229.16
969,66,1649204045.899978000,10.11.219.6
970,66,1649204045.900003000,10.11.219.6
971,169,1649204045.900564000,10.11.219.6
972,-74,1649204045.900790000,151.101.229.16
973,66,1649204045.900812000,10.11.219.6
974,-543,1649204045.903043000,18.65.110.227
975,-1434,1649204045.903044000,18.65.110.227
976,78,1649204045.903064000,10.11.219.6
977,66,1649204045.903081000,10.11.219.6
978,583,1649204045.905948000,10.11.219.6
979,183,1649204045.906142000,10.11.219.6
980,181,1649204045.907019000,10.11.219.6
981,169,1649204045.908885000,10.11.219.6
982,-66,1649204045.910602000,151.101.229.16
983,-2216,1649204045.910603000,151.101.229.16
984,66,1649204045.910657000,10.11.219.6
985,-66,1649204045.911500000,151.101.229.16
986,-5122,1649204045.912952000,151.101.229.16
987,66,1649204045.913152000,10.11.219.6
988,-66,1649204045.916849000,151.101.229.16
989,-66,1649204045.918188000,151.101.229.16
990,-2802,1649204045.918189000,151.101.229.16
991,-216,1649204045.918190000,151.101.229.16
992,-1434,1649204045.918190000,151.101.229.16
993,-66,1649204045.918190000,151.101.229.16
994,66,1649204045.918216000,10.11.219.6
995,78,1649204045.918241000,10.11.219.6
996,66,1649204045.918249000,10.11.219.6
997,-13746,1649204045.919605000,151.101.229.16
998,-932,1649204045.922207000,151.101.229.16
999,-1434,1649204045.922208000,151.101.229.16
1000,-1434,1649204045.922208000,151.101.229.16
1001,78,1649204045.922227000,10.11.219.6
1002,66,1649204045.922246000,10.11.219.6
1003,-15135,1649204045.922411000,151.101.229.16
1004,-4170,1649204045.922435000,151.101.229.16
1005,-1393,1649204045.922436000,151.101.229.16
1006,-2802,1649204045.922436000,151.101.229.16
1007,66,1649204045.922443000,10.11.219.6
1008,66,1649204045.922451000,10.11.219.6
1009,66,1649204045.923469000,10.11.219.6
1010,-13746,1649204045.924045000,151.101.229.16
1011,-395,1649204045.924069000,151.101.229.16
1012,-1434,1649204045.924069000,151.101.229.16
1013,-66,1649204045.924070000,151.101.229.16
1014,-2802,1649204045.924070000,151.101.229.16
1015,-210,1649204045.924071000,151.101.229.16
1016,-1434,1649204045.924071000,151.101.229.16
1017,78,1649204045.924084000,10.11.219.6
1018,66,1649204045.924100000,10.11.219.6
1019,78,1649204045.924110000,10.11.219.6
1020,66,1649204045.924115000,10.11.219.6
1021,130,1649204045.931259000,10.11.219.6
1022,253,1649204045.931537000,10.11.219.6
1023,90,1649204045.932251000,10.11.219.6
1024,-446,1649204045.932976000,18.65.110.227
1025,66,1649204045.932994000,10.11.219.6
1026,-66,1649204045.942753000,151.101.229.16
1027,-66,1649204045.942754000,151.101.229.16
1028,-125,1649204045.943660000,151.101.229.16
1029,-66,1649204045.943660000,151.101.229.16
1030,-90,1649204045.943660000,151.101.229.16
1031,-66,1649204045.943660000,151.101.229.16
1032,54,1649204045.943678000,10.11.219.6
1033,54,1649204045.943696000,10.11.219.6
1034,54,1649204045.943699000,10.11.219.6
1035,54,1649204045.943701000,10.11.219.6
1036,155,1649204045.945289000,10.11.219.6
1037,-66,1649204045.957292000,151.101.229.16
1038,-5538,1649204045.957293000,151.101.229.16
1039,66,1649204045.957327000,10.11.219.6
1040,-5538,1649204045.957362000,151.101.229.16
1041,66,1649204045.957367000,10.11.219.6
1042,-5194,1649204045.957887000,151.101.229.16
1043,-595,1649204045.957892000,151.101.229.16
1044,66,1649204045.957911000,10.11.219.6
1045,-339,1649204045.962064000,18.65.110.227
1046,66,1649204045.962090000,10.11.219.6
1047,-66,1649204045.968758000,52.36.17.87
1048,-104,1649204045.968759000,52.36.17.87
1049,66,1649204045.968783000,10.11.219.6
1050,-236,1649204045.971958000,52.36.17.87
1051,-104,1649204045.971959000,52.36.17.87
1052,66,1649204045.971977000,10.11.219.6
1053,66,1649204045.971997000,10.11.219.6
1054,66,1649204046.000757000,10.11.219.6
1055,-595,1649204046.005156000,151.101.229.16
1056,78,1649204046.005178000,10.11.219.6
1057,194,1649204046.268229000,10.11.219.6
1058,181,1649204046.268681000,10.11.219.6
1059,-66,1649204046.282228000,151.101.229.16
1060,-66,1649204046.282229000,151.101.229.16
1061,-12378,1649204046.282231000,151.101.229.16
1062,66,1649204046.282273000,10.11.219.6
1063,-3758,1649204046.282341000,151.101.229.16
1064,-12378,1649204046.282344000,151.101.229.16
1065,66,1649204046.282351000,10.11.219.6
1066,66,1649204046.282369000,10.11.219.6
1067,-2802,1649204046.284879000,151.101.229.16
1068,66,1649204046.284903000,10.11.219.6
1069,-9642,1649204046.285010000,151.101.229.16
1070,-6906,1649204046.285012000,151.101.229.16
1071,66,1649204046.285023000,10.11.219.6
1072,66,1649204046.285043000,10.11.219.6
1073,-5538,1649204046.286068000,151.101.229.16
1074,-2802,1649204046.286069000,151.101.229.16
1075,-519,1649204046.286070000,151.101.229.16
1076,-1434,1649204046.286070000,151.101.229.16
1077,66,1649204046.286088000,10.11.219.6
1078,66,1649204046.286108000,10.11.219.6
1079,78,1649204046.286117000,10.11.219.6
1080,66,1649204046.286124000,10.11.219.6
1081,828,1649204046.310419000,10.11.219.6
1082,137,1649204046.310752000,10.11.219.6
1083,-66,1649204046.312893000,18.65.110.227
1084,-66,1649204046.313848000,18.65.110.227
1085,157,1649204046.316470000,10.11.219.6
1086,-66,1649204046.327725000,151.101.229.16
1087,-2802,1649204046.330298000,151.101.229.16
1088,66,1649204046.330313000,10.11.219.6
1089,-12378,1649204046.330517000,151.101.229.16
1090,66,1649204046.330523000,10.11.219.6
1091,-1007,1649204046.330565000,151.101.229.16
1092,-15114,1649204046.330567000,151.101.229.16
1093,66,1649204046.330573000,10.11.219.6
1094,66,1649204046.330583000,10.11.219.6
1095,-842,1649204046.331150000,151.101.229.16
1096,-1434,1649204046.331151000,151.101.229.16
1097,78,1649204046.331163000,10.11.219.6
1098,66,1649204046.331177000,10.11.219.6
1099,188,1649204046.419945000,10.11.219.6
1100,-66,1649204046.433450000,151.101.229.16
1101,-348,1649204046.433452000,151.101.229.16
1102,-1434,1649204046.433452000,151.101.229.16
1103,78,1649204046.433484000,10.11.219.6
1104,66,1649204046.433513000,10.11.219.6
1105,155,1649204046.434134000,10.11.219.6
1106,-66,1649204046.445805000,151.101.229.16
1107,-1133,1649204046.445807000,151.101.229.16
1108,66,1649204046.445883000,10.11.219.6
1109,-589,1649204046.452116000,18.65.110.227
1110,66,1649204046.452132000,10.11.219.6
1111,-2802,1649204046.453685000,18.65.110.227
1112,-845,1649204046.453686000,18.65.110.227
1113,-1434,1649204046.453687000,18.65.110.227
1114,66,1649204046.453702000,10.11.219.6
1115,78,1649204046.453739000,10.11.219.6
1116,66,1649204046.453746000,10.11.219.6
1117,-1434,1649204046.464238000,18.65.110.227
1118,-927,1649204046.464239000,18.65.110.227
1119,-1434,1649204046.464240000,18.65.110.227
1120,66,1649204046.464259000,10.11.219.6
1121,78,1649204046.464294000,10.11.219.6
1122,66,1649204046.464302000,10.11.219.6
1123,164,1649204046.470441000,10.11.219.6
1124,164,1649204046.471136000,10.11.219.6
1125,164,1649204046.472483000,10.11.219.6
1126,-1351,1649204046.472944000,18.65.110.227
1127,-5378,1649204046.472946000,18.65.110.227
1128,66,1649204046.472962000,10.11.219.6
1129,66,1649204046.472976000,10.11.219.6
1130,262,1649204046.473138000,10.11.219.6
1131,164,1649204046.473503000,10.11.219.6
1132,152,1649204046.480512000,10.11.219.6
1133,-66,1649204046.481170000,151.101.229.16
1134,-66,1649204046.482497000,151.101.229.16
1135,-3991,1649204046.482497000,151.101.229.16
1136,66,1649204046.482516000,10.11.219.6
1137,-3895,1649204046.483809000,18.65.110.227
1138,-4031,1649204046.483810000,151.101.229.16
1139,-66,1649204046.483811000,151.101.229.16
1140,66,1649204046.483829000,10.11.219.6
1141,66,1649204046.483852000,10.11.219.6
1142,-66,1649204046.486395000,151.101.229.16
1143,-66,1649204046.486396000,151.101.229.16
1144,-910,1649204046.486397000,151.101.229.16
1145,-1434,1649204046.486397000,151.101.229.16
1146,-3863,1649204046.486398000,151.101.229.16
1147,-3742,1649204046.486399000,151.101.229.16
1148,78,1649204046.486425000,10.11.219.6
1149,66,1649204046.486448000,10.11.219.6
1150,-1434,1649204046.486464000,151.101.229.16
1151,-914,1649204046.486464000,151.101.229.16
1152,-1434,1649204046.486465000,151.101.229.16
1153,66,1649204046.486472000,10.11.219.6
1154,78,1649204046.486483000,10.11.219.6
1155,66,1649204046.486486000,10.11.219.6
1156,-66,1649204046.491404000,151.101.229.16
1157,-5538,1649204046.493020000,151.101.229.16
1158,-263,1649204046.493021000,151.101.229.16
1159,-1434,1649204046.493021000,151.101.229.16
1160,78,1649204046.493045000,10.11.219.6
1161,66,1649204046.493065000,10.11.219.6
1162,160,1649204046.522540000,10.11.219.6
1163,160,1649204046.528321000,10.11.219.6
1164,160,1649204046.529201000,10.11.219.6
1165,253,1649204046.529477000,10.11.219.6
1166,159,1649204046.529909000,10.11.219.6
1167,160,1649204046.530180000,10.11.219.6
1168,254,1649204046.530501000,10.11.219.6
1169,161,1649204046.530932000,10.11.219.6
1170,-66,1649204046.534329000,151.101.229.16
1171,-2802,1649204046.534330000,151.101.229.16
1172,66,1649204046.534389000,10.11.219.6
1173,-1579,1649204046.535291000,151.101.229.16
1174,66,1649204046.535297000,10.11.219.6
1175,-66,1649204046.539387000,151.101.229.16
1176,-66,1649204046.540717000,151.101.229.16
1177,-2802,1649204046.540719000,151.101.229.16
1178,-136,1649204046.540719000,151.101.229.16
1179,-1434,1649204046.540719000,151.101.229.16
1180,-66,1649204046.540720000,151.101.229.16
1181,-66,1649204046.540720000,151.101.229.16
1182,78,1649204046.540751000,10.11.219.6
1183,66,1649204046.540776000,10.11.219.6
1184,-2802,1649204046.542234000,151.101.229.16
1185,-172,1649204046.542237000,151.101.229.16
1186,-1434,1649204046.542239000,151.101.229.16
1187,-66,1649204046.542240000,151.101.229.16
1188,-66,1649204046.542241000,151.101.229.16
1189,-5538,1649204046.542243000,151.101.229.16
1190,66,1649204046.542322000,10.11.219.6
1191,78,1649204046.542472000,10.11.219.6
1192,66,1649204046.542499000,10.11.219.6
1193,-921,1649204046.542557000,151.101.229.16
1194,-1434,1649204046.542559000,151.101.229.16
1195,78,1649204046.542582000,10.11.219.6
1196,66,1649204046.542604000,10.11.219.6
1197,-5361,1649204046.543833000,151.101.229.16
1198,-66,1649204046.543835000,151.101.229.16
1199,-2802,1649204046.543839000,151.101.229.16
1200,-2946,1649204046.545163000,151.101.229.16
1201,-1434,1649204046.545165000,151.101.229.16
1202,-190,1649204046.545165000,151.101.229.16
1203,-1434,1649204046.545170000,151.101.229.16
1204,-6625,1649204046.545176000,151.101.229.16
1205,78,1649204046.545242000,10.11.219.6
1206,66,1649204046.545288000,10.11.219.6
1207,-3623,1649204046.545350000,151.101.229.16
1208,66,1649204046.547722000,10.11.219.6
1209,251,1649204046.549551000,10.11.219.6
1210,-1273,1649204046.555434000,18.65.110.227
1211,66,1649204046.555454000,10.11.219.6
1212,-66,1649204046.562116000,151.101.229.16
1213,-8274,1649204046.562130000,151.101.229.16
1214,-7826,1649204046.562271000,151.101.229.16
1215,66,1649204046.562379000,10.11.219.6
1216,-958,1649204046.563186000,151.101.229.16
1217,-2213,1649204046.563190000,18.65.110.227
1218,66,1649204046.563236000,10.11.219.6
1219,-348,1649204046.568315000,18.65.110.227
1220,-1434,1649204046.568316000,18.65.110.227
1221,78,1649204046.568336000,10.11.219.6
1222,66,1649204046.568368000,10.11.219.6
1223,-2802,1649204046.578659000,18.65.110.227
1224,-230,1649204046.578662000,18.65.110.227
1225,-1434,1649204046.578662000,18.65.110.227
1226,66,1649204046.578723000,10.11.219.6
1227,78,1649204046.578805000,10.11.219.6
1228,66,1649204046.578823000,10.11.219.6
1229,-597,1649204046.584301000,18.65.110.227
1230,-97,1649204046.584302000,18.65.110.227
1231,66,1649204046.584319000,10.11.219.6
1232,66,1649204046.584338000,10.11.219.6
1233,-2802,1649204046.595991000,18.65.110.227
1234,66,1649204046.596008000,10.11.219.6
1235,-2727,1649204046.596455000,18.65.110.227
1236,66,1649204046.596464000,10.11.219.6
1237,-3752,1649204046.605794000,18.65.110.227
1238,66,1649204046.605823000,10.11.219.6
1239,66,1649204046.608726000,10.11.219.6
1240,-958,1649204046.614345000,151.101.229.16
1241,78,1649204046.614362000,10.11.219.6
1242,-10753,1649204046.619837000,18.65.110.227
1243,66,1649204046.619862000,10.11.219.6
1244,-670,1649204046.623219000,18.65.110.227
1245,-2261,1649204046.623220000,18.65.110.227
1246,-2802,1649204046.623221000,18.65.110.227
1247,66,1649204046.623244000,10.11.219.6
1248,66,1649204046.623279000,10.11.219.6
1249,66,1649204046.623285000,10.11.219.6
1250,-1434,1649204046.623300000,18.65.110.227
1251,66,1649204046.623304000,10.11.219.6
1252,-738,1649204046.624146000,18.65.110.227
1253,-1434,1649204046.624147000,18.65.110.227
1254,-2322,1649204046.624147000,18.65.110.227
1255,78,1649204046.624164000,10.11.219.6
1256,66,1649204046.624189000,10.11.219.6
1257,66,1649204046.624194000,10.11.219.6
1258,-5538,1649204046.644564000,18.65.110.227
1259,66,1649204046.644587000,10.11.219.6
1260,-3620,1649204046.644819000,18.65.110.227
1261,-12378,1649204046.644831000,18.65.110.227
1262,66,1649204046.644873000,10.11.219.6
1263,-388,1649204046.644912000,18.65.110.227
1264,-1434,1649204046.644914000,18.65.110.227
1265,66,1649204046.644930000,10.11.219.6
1266,78,1649204046.644983000,10.11.219.6
1267,66,1649204046.644995000,10.11.219.6
1268,164,1649204046.652417000,10.11.219.6
1269,160,1649204046.653934000,10.11.219.6
1270,159,1649204046.654814000,10.11.219.6
1271,-66,1649204046.664287000,151.101.229.16
1272,-495,1649204046.664288000,151.101.229.16
1273,66,1649204046.664311000,10.11.219.6
1274,-66,1649204046.664896000,151.101.229.16
1275,-413,1649204046.666275000,151.101.229.16
1276,-66,1649204046.666276000,151.101.229.16
1277,66,1649204046.666298000,10.11.219.6
1278,-1434,1649204046.667288000,151.101.229.16
1279,-746,1649204046.667289000,151.101.229.16
1280,-1434,1649204046.667289000,151.101.229.16
1281,66,1649204046.667304000,10.11.219.6
1282,78,1649204046.667328000,10.11.219.6
1283,66,1649204046.667335000,10.11.219.6
1284,161,1649204046.673189000,10.11.219.6
1285,254,1649204046.673435000,10.11.219.6
1286,160,1649204046.678294000,10.11.219.6
1287,160,1649204046.679172000,10.11.219.6
1288,184,1649204046.679428000,10.11.219.6
1289,178,1649204046.680029000,10.11.219.6
1290,239,1649204046.680885000,10.11.219.6
1291,167,1649204046.681195000,10.11.219.6
1292,168,1649204046.681957000,10.11.219.6
1293,168,1649204046.682992000,10.11.219.6
1294,168,1649204046.683976000,10.11.219.6
1295,154,1649204046.684336000,10.11.219.6
1296,-66,1649204046.684572000,151.101.229.16
1297,-66,1649204046.684573000,151.101.229.16
1298,153,1649204046.685124000,10.11.219.6
1299,154,1649204046.685278000,10.11.219.6
1300,153,1649204046.685813000,10.11.219.6
1301,241,1649204046.685965000,10.11.219.6
1302,153,1649204046.686480000,10.11.219.6
1303,240,1649204046.687204000,10.11.219.6
1304,-2802,1649204046.687388000,151.101.229.16
1305,-361,1649204046.687389000,151.101.229.16
1306,-1434,1649204046.687390000,151.101.229.16
1307,153,1649204046.687415000,10.11.219.6
1308,78,1649204046.687434000,10.11.219.6
1309,66,1649204046.687449000,10.11.219.6
1310,153,1649204046.687757000,10.11.219.6
1311,-1434,1649204046.688857000,151.101.229.16
1312,-667,1649204046.688858000,151.101.229.16
1313,-1434,1649204046.688858000,151.101.229.16
1314,-6187,1649204046.688861000,151.101.229.16
1315,78,1649204046.688886000,10.11.219.6
1316,66,1649204046.688901000,10.11.219.6
1317,66,1649204046.688936000,10.11.219.6
1318,-66,1649204046.690248000,151.101.229.16
1319,-66,1649204046.690249000,151.101.229.16
1320,-2802,1649204046.692141000,151.101.229.16
1321,-643,1649204046.692142000,151.101.229.16
1322,-66,1649204046.692142000,151.101.229.16
1323,-242,1649204046.692143000,151.101.229.16
1324,-1434,1649204046.692143000,151.101.229.16
1325,66,1649204046.692171000,10.11.219.6
1326,78,1649204046.692202000,10.11.219.6
1327,66,1649204046.692221000,10.11.219.6
1328,-15114,1649204046.692340000,151.101.229.16
1329,-87,1649204046.692371000,151.101.229.16
1330,-4170,1649204046.692372000,151.101.229.16
1331,-188,1649204046.692372000,151.101.229.16
1332,-1434,1649204046.692373000,151.101.229.16
1333,-1434,1649204046.692373000,151.101.229.16
1334,-1434,1649204046.692374000,151.101.229.16
1335,78,1649204046.692381000,10.11.219.6
1336,66,1649204046.692390000,10.11.219.6
1337,78,1649204046.692394000,10.11.219.6
1338,66,1649204046.692399000,10.11.219.6
1339,66,1649204046.692403000,10.11.219.6
1340,-2802,1649204046.693307000,151.101.229.16
1341,-678,1649204046.693308000,151.101.229.16
1342,-66,1649204046.693308000,151.101.229.16
1343,-66,1649204046.693308000,151.101.229.16
1344,-1434,1649204046.693309000,151.101.229.16
1345,78,1649204046.693333000,10.11.219.6
1346,66,1649204046.693361000,10.11.219.6
1347,-5538,1649204046.695417000,151.101.229.16
1348,-935,1649204046.695418000,151.101.229.16
1349,-1434,1649204046.695419000,151.101.229.16
1350,-1434,1649204046.695419000,151.101.229.16
1351,-301,1649204046.695420000,151.101.229.16
1352,66,1649204046.695445000,10.11.219.6
1353,78,1649204046.695474000,10.11.219.6
1354,66,1649204046.695480000,10.11.219.6
1355,78,1649204046.695485000,10.11.219.6
1356,-1434,1649204046.695521000,151.101.229.16
1357,-66,1649204046.695521000,151.101.229.16
1358,-8132,1649204046.695523000,151.101.229.16
1359,66,1649204046.695528000,10.11.219.6
1360,-66,1649204046.695537000,151.101.229.16
1361,-66,1649204046.697318000,151.101.229.16
1362,153,1649204046.697318000,10.11.219.6
1363,-7986,1649204046.697327000,151.101.229.16
1364,-66,1649204046.697327000,151.101.229.16
1365,-66,1649204046.697445000,151.101.229.16
1366,-2802,1649204046.697450000,151.101.229.16
1367,-969,1649204046.697452000,151.101.229.16
1368,-1434,1649204046.697453000,151.101.229.16
1369,-1434,1649204046.697454000,151.101.229.16
1370,78,1649204046.697499000,10.11.219.6
1371,66,1649204046.697534000,10.11.219.6
1372,222,1649204046.697930000,10.11.219.6
1373,154,1649204046.698725000,10.11.219.6
1374,-9499,1649204046.699756000,151.101.229.16
1375,-66,1649204046.699758000,151.101.229.16
1376,-3661,1649204046.699875000,151.101.229.16
1377,-1434,1649204046.699879000,151.101.229.16
1378,-797,1649204046.699881000,151.101.229.16
1379,-1434,1649204046.699882000,151.101.229.16
1380,-66,1649204046.699883000,151.101.229.16
1381,-66,1649204046.699883000,151.101.229.16
1382,78,1649204046.699927000,10.11.219.6
1383,66,1649204046.699970000,10.11.219.6
1384,-66,1649204046.700020000,151.101.229.16
1385,-66,1649204046.700020000,151.101.229.16
1386,-66,1649204046.700021000,151.101.229.16
1387,-66,1649204046.700021000,151.101.229.16
1388,-66,1649204046.700021000,151.101.229.16
1389,-3897,1649204046.701528000,151.101.229.16
1390,-1749,1649204046.701529000,151.101.229.16
1391,-2802,1649204046.701530000,151.101.229.16
1392,-923,1649204046.701531000,151.101.229.16
1393,66,1649204046.701577000,10.11.219.6
1394,78,1649204046.701673000,10.11.219.6
1395,-1434,1649204046.701760000,151.101.229.16
1396,-1434,1649204046.701762000,151.101.229.16
1397,-675,1649204046.701763000,151.101.229.16
1398,-1434,1649204046.701765000,151.101.229.16
1399,-3677,1649204046.701768000,151.101.229.16
1400,-2802,1649204046.701771000,151.101.229.16
1401,66,1649204046.701794000,10.11.219.6
1402,78,1649204046.701817000,10.11.219.6
1403,66,1649204046.701822000,10.11.219.6
1404,-771,1649204046.701873000,151.101.229.16
1405,-1434,1649204046.701874000,151.101.229.16
1406,-2802,1649204046.701878000,151.101.229.16
1407,-765,1649204046.701880000,151.101.229.16
1408,-1434,1649204046.701880000,151.101.229.16
1409,78,1649204046.701890000,10.11.219.6
1410,66,1649204046.701908000,10.11.219.6
1411,78,1649204046.701915000,10.11.219.6
1412,66,1649204046.701922000,10.11.219.6
1413,-66,1649204046.708275000,151.101.229.16
1414,-192,1649204046.710085000,151.101.229.16
1415,-66,1649204046.710086000,151.101.229.16
1416,-2802,1649204046.710087000,151.101.229.16
1417,-385,1649204046.710088000,151.101.229.16
1418,-1434,1649204046.710088000,151.101.229.16
1419,-1434,1649204046.710089000,151.101.229.16
1420,78,1649204046.710119000,10.11.219.6
1421,78,1649204046.710157000,10.11.219.6
1422,66,1649204046.710167000,10.11.219.6
1423,66,1649204046.710172000,10.11.219.6
1424,-66,1649204046.710711000,151.101.229.16
1425,-290,1649204046.711765000,151.101.229.16
1426,-1434,1649204046.711766000,151.101.229.16
1427,78,1649204046.711797000,10.11.219.6
1428,66,1649204046.711827000,10.11.219.6
1429,166,1649204046.731061000,10.11.219.6
1430,-66,1649204046.742886000,151.101.229.16
1431,-1067,1649204046.742886000,151.101.229.16
1432,155,1649204046.749085000,10.11.219.6
1433,-66,1649204046.761131000,151.101.229.16
1434,-76,1649204046.761132000,151.101.229.16
1435,-1434,1649204046.761133000,151.101.229.16
1436,78,1649204046.761156000,10.11.219.6
1437,66,1649204046.761178000,10.11.219.6
1438,-686,1649204046.763133000,18.65.110.227
1439,66,1649204046.763178000,10.11.219.6
1440,180,1649204046.768401000,10.11.219.6
1441,-2802,1649204046.773052000,18.65.110.227
1442,66,1649204046.773068000,10.11.219.6
1443,-2802,1649204046.773105000,18.65.110.227
1444,-400,1649204046.773105000,18.65.110.227
1445,-1434,1649204046.773106000,18.65.110.227
1446,66,1649204046.773116000,10.11.219.6
1447,78,1649204046.773130000,10.11.219.6
1448,66,1649204046.773143000,10.11.219.6
1449,-66,1649204046.779111000,151.101.229.16
1450,-1422,1649204046.781431000,151.101.229.16
1451,-311,1649204046.786771000,18.65.110.227
1452,66,1649204046.786788000,10.11.219.6
1453,240,1649204046.787970000,10.11.219.6
1454,-5538,1649204046.793134000,18.65.110.227
1455,66,1649204046.793150000,10.11.219.6
1456,-3620,1649204046.793177000,18.65.110.227
1457,66,1649204046.793184000,10.11.219.6
1458,-16472,1649204046.794847000,18.65.110.227
1459,66,1649204046.794860000,10.11.219.6
1460,-100,1649204046.794898000,18.65.110.227
1461,-5538,1649204046.794899000,18.65.110.227
1462,66,1649204046.794909000,10.11.219.6
1463,66,1649204046.794922000,10.11.219.6
1464,-2562,1649204046.795000000,18.65.110.227
1465,-97,1649204046.795001000,18.65.110.227
1466,66,1649204046.795008000,10.11.219.6
1467,66,1649204046.795015000,10.11.219.6
1468,-66,1649204046.798949000,151.101.229.16
1469,-5538,1649204046.800768000,151.101.229.16
1470,66,1649204046.800840000,10.11.219.6
1471,-6906,1649204046.800854000,151.101.229.16
1472,-685,1649204046.800856000,151.101.229.16
1473,-1434,1649204046.800856000,151.101.229.16
1474,66,1649204046.800877000,10.11.219.6
1475,78,1649204046.800884000,10.11.219.6
1476,66,1649204046.800891000,10.11.219.6
1477,177,1649204046.805059000,10.11.219.6
1478,-66,1649204046.815965000,151.101.229.16
1479,-9152,1649204046.817692000,151.101.229.16
1480,66,1649204046.817939000,10.11.219.6
1481,74,1649204046.821711000,10.11.219.6
1482,171,1649204046.916266000,10.11.219.6
1483,-66,1649204046.927767000,151.101.229.16
1484,-373,1649204046.927768000,151.101.229.16
1485,66,1649204046.927837000,10.11.219.6
1486,-66,1649204046.943802000,52.119.167.229
1487,54,1649204046.943836000,10.11.219.6
1488,571,1649204046.946372000,10.11.219.6
1489,157,1649204046.982106000,10.11.219.6
1490,-66,1649204046.993209000,151.101.229.16
1491,-5538,1649204046.995682000,151.101.229.16
1492,66,1649204046.995757000,10.11.219.6
1493,-10626,1649204046.996104000,151.101.229.16
1494,-15114,1649204046.996146000,151.101.229.16
1495,-87,1649204046.996157000,151.101.229.16
1496,-1434,1649204046.996157000,151.101.229.16
1497,78,1649204046.996168000,10.11.219.6
1498,66,1649204046.996185000,10.11.219.6
1499,-11010,1649204046.997917000,151.101.229.16
1500,66,1649204046.997937000,10.11.219.6
1501,-20586,1649204046.998479000,151.101.229.16
1502,-108,1649204046.998501000,151.101.229.16
1503,-1434,1649204046.998502000,151.101.229.16
1504,-2802,1649204046.998503000,151.101.229.16
1505,78,1649204046.998515000,10.11.219.6
1506,66,1649204046.998531000,10.11.219.6
1507,66,1649204046.998586000,10.11.219.6
1508,-8274,1649204047.000881000,151.101.229.16
1509,66,1649204047.000899000,10.11.219.6
1510,-13746,1649204047.001295000,151.101.229.16
1511,-691,1649204047.001311000,151.101.229.16
1512,-1434,1649204047.001312000,151.101.229.16
1513,78,1649204047.001324000,10.11.219.6
1514,66,1649204047.001344000,10.11.219.6
1515,-54,1649204047.064552000,52.119.167.229
1516,-54,1649204047.067710000,52.119.167.229
1517,-5956,1649204047.070258000,52.119.167.229
1518,54,1649204047.070282000,10.11.219.6
1519,180,1649204047.074259000,10.11.219.6
1520,189,1649204047.102830000,10.11.219.6
1521,-66,1649204047.106406000,18.65.110.227
1522,-3064,1649204047.106407000,18.65.110.227
1523,66,1649204047.106427000,10.11.219.6
1524,-105,1649204047.195995000,52.119.167.229
1525,54,1649204047.196031000,10.11.219.6
1526,524,1649204047.196355000,10.11.219.6
1527,178,1649204047.259753000,10.11.219.6
1528,198,1649204047.262846000,10.11.219.6
1529,202,1649204047.264075000,10.11.219.6
1530,74,1649204047.264153000,10.11.219.6
1531,74,1649204047.264268000,10.11.219.6
1532,197,1649204047.264391000,10.11.219.6
1533,-66,1649204047.271787000,151.101.229.16
1534,-997,1649204047.271788000,151.101.229.16
1535,66,1649204047.271809000,10.11.219.6
1536,-66,1649204047.273744000,151.101.229.16
1537,-66,1649204047.274959000,151.101.229.16
1538,-1072,1649204047.274961000,151.101.229.16
1539,-66,1649204047.274961000,151.101.229.16
1540,66,1649204047.275045000,10.11.219.6
1541,-871,1649204047.276249000,151.101.229.16
1542,-74,1649204047.276250000,151.101.229.16
1543,-74,1649204047.276251000,151.101.229.16
1544,-1124,1649204047.276251000,151.101.229.16
1545,66,1649204047.276270000,10.11.219.6
1546,66,1649204047.276302000,10.11.219.6
1547,66,1649204047.276314000,10.11.219.6
1548,66,1649204047.276320000,10.11.219.6
1549,583,1649204047.281665000,10.11.219.6
1550,583,1649204047.284818000,10.11.219.6
1551,-66,1649204047.293679000,151.101.229.16
1552,-4170,1649204047.295501000,151.101.229.16
1553,-1393,1649204047.295502000,151.101.229.16
1554,66,1649204047.295562000,10.11.219.6
1555,66,1649204047.295608000,10.11.219.6
1556,-66,1649204047.296835000,151.101.229.16
1557,-2802,1649204047.298255000,151.101.229.16
1558,-2761,1649204047.298256000,151.101.229.16
1559,66,1649204047.298268000,10.11.219.6
1560,66,1649204047.298287000,10.11.219.6
1561,130,1649204047.299783000,10.11.219.6
1562,253,1649204047.300235000,10.11.219.6
1563,90,1649204047.300849000,10.11.219.6
1564,66,1649204047.300871000,10.11.219.6
1565,130,1649204047.302984000,10.11.219.6
1566,253,1649204047.303240000,10.11.219.6
1567,90,1649204047.303823000,10.11.219.6
1568,66,1649204047.303844000,10.11.219.6
1569,281,1649204047.310271000,10.11.219.6
1570,-66,1649204047.310296000,151.101.229.16
1571,-66,1649204047.311389000,151.101.229.16
1572,-125,1649204047.311389000,151.101.229.16
1573,-66,1649204047.311390000,151.101.229.16
1574,54,1649204047.311504000,10.11.219.6
1575,54,1649204047.311589000,10.11.219.6
1576,-90,1649204047.312403000,151.101.229.16
1577,-66,1649204047.312405000,151.101.229.16
1578,-66,1649204047.312406000,151.101.229.16
1579,54,1649204047.312418000,10.11.219.6
1580,54,1649204047.312427000,10.11.219.6
1581,54,1649204047.312430000,10.11.219.6
1582,-66,1649204047.313454000,151.101.229.16
1583,-66,1649204047.314529000,151.101.229.16
1584,179,1649204047.315480000,10.11.219.6
1585,-66,1649204047.315621000,151.101.229.16
1586,-66,1649204047.315622000,151.101.229.16
1587,-90,1649204047.315622000,151.101.229.16
1588,-66,1649204047.315623000,151.101.229.16
1589,54,1649204047.315652000,10.11.219.6
1590,54,1649204047.315662000,10.11.219.6
1591,179,1649204047.318742000,10.11.219.6
1592,351,1649204047.320341000,10.11.219.6
1593,-66,1649204047.320907000,151.101.229.16
1594,-5538,1649204047.322638000,151.101.229.16
1595,-2802,1649204047.322661000,151.101.229.16
1596,66,1649204047.322687000,10.11.219.6
1597,-1434,1649204047.323378000,151.101.229.16
1598,-67,1649204047.323378000,151.101.229.16
1599,-1434,1649204047.323379000,151.101.229.16
1600,78,1649204047.323407000,10.11.219.6
1601,66,1649204047.323426000,10.11.219.6
1602,-66,1649204047.326349000,151.101.229.16
1603,-10436,1649204047.328146000,151.101.229.16
1604,66,1649204047.328609000,10.11.219.6
1605,-66,1649204047.329539000,151.101.229.16
1606,-8274,1649204047.331220000,151.101.229.16
1607,-860,1649204047.331221000,151.101.229.16
1608,-1434,1649204047.331222000,151.101.229.16
1609,66,1649204047.331239000,10.11.219.6
1610,78,1649204047.331264000,10.11.219.6
1611,66,1649204047.331274000,10.11.219.6
1612,-66,1649204047.331882000,151.101.229.16
1613,-2802,1649204047.331883000,151.101.229.16
1614,66,1649204047.331937000,10.11.219.6
1615,-11010,1649204047.334050000,151.101.229.16
1616,-2338,1649204047.336030000,151.101.229.16
1617,-15114,1649204047.336033000,151.101.229.16
1618,-87,1649204047.336067000,151.101.229.16
1619,-1434,1649204047.336068000,151.101.229.16
1620,-9642,1649204047.336070000,151.101.229.16
1621,78,1649204047.336084000,10.11.219.6
1622,66,1649204047.336110000,10.11.219.6
1623,-17850,1649204047.336183000,151.101.229.16
1624,-4170,1649204047.337843000,151.101.229.16
1625,-108,1649204047.337844000,151.101.229.16
1626,-1434,1649204047.337844000,151.101.229.16
1627,-21954,1649204047.337847000,151.101.229.16
1628,78,1649204047.337872000,10.11.219.6
1629,66,1649204047.337888000,10.11.219.6
1630,-11010,1649204047.338273000,151.101.229.16
1631,-8274,1649204047.340260000,151.101.229.16
1632,-2802,1649204047.340291000,151.101.229.16
1633,-1434,1649204047.340291000,151.101.229.16
1634,-977,1649204047.340292000,151.101.229.16
1635,-1434,1649204047.340292000,151.101.229.16
1636,78,1649204047.340307000,10.11.219.6
1637,66,1649204047.340327000,10.11.219.6
1638,-503,1649204047.343822000,52.119.167.229
1639,54,1649204047.343848000,10.11.219.6
1640,179,1649204047.362363000,10.11.219.6
1641,179,1649204047.362996000,10.11.219.6
1642,-66,1649204047.374907000,151.101.229.16
1643,-5538,1649204047.374909000,151.101.229.16
1644,-4964,1649204047.374992000,151.101.229.16
1645,-66,1649204047.374993000,151.101.229.16
1646,66,1649204047.375055000,10.11.219.6
1647,-8274,1649204047.376001000,151.101.229.16
1648,-860,1649204047.376002000,151.101.229.16
1649,-1434,1649204047.376003000,151.101.229.16
1650,66,1649204047.376025000,10.11.219.6
1651,78,1649204047.376062000,10.11.219.6
1652,66,1649204047.376073000,10.11.219.6
1653,163,1649204047.412599000,10.11.219.6
1654,-66,1649204047.423696000,151.101.229.16
1655,-940,1649204047.424898000,151.101.229.16
1656,152,1649204047.436040000,10.11.219.6
1657,178,1649204047.444792000,10.11.219.6
1658,147,1649204047.445277000,10.11.219.6
1659,148,1649204047.445360000,10.11.219.6
1660,149,1649204047.445555000,10.11.219.6
1661,-66,1649204047.455304000,151.101.229.16
1662,-2522,1649204047.455305000,151.101.229.16
1663,66,1649204047.455384000,10.11.219.6
1664,-66,1649204047.456411000,151.101.229.16
1665,-66,1649204047.456412000,151.101.229.16
1666,-5330,1649204047.456414000,151.101.229.16
1667,-66,1649204047.456415000,151.101.229.16
1668,-66,1649204047.456415000,151.101.229.16
1669,66,1649204047.456678000,10.11.219.6
1670,-4675,1649204047.458714000,151.101.229.16
1671,-287,1649204047.458715000,151.101.229.16
1672,-15114,1649204047.458719000,151.101.229.16
1673,66,1649204047.458752000,10.11.219.6
1674,-87,1649204047.458814000,151.101.229.16
1675,-1434,1649204047.458815000,151.101.229.16
1676,-5538,1649204047.458817000,151.101.229.16
1677,78,1649204047.458827000,10.11.219.6
1678,66,1649204047.458839000,10.11.219.6
1679,-6906,1649204047.458938000,151.101.229.16
1680,66,1649204047.458962000,10.11.219.6
1681,-2802,1649204047.459739000,151.101.229.16
1682,-87,1649204047.459740000,151.101.229.16
1683,-1434,1649204047.459740000,151.101.229.16
1684,66,1649204047.459756000,10.11.219.6
1685,78,1649204047.459783000,10.11.219.6
1686,66,1649204047.459791000,10.11.219.6
1687,-21903,1649204047.461973000,151.101.229.16
1688,-2802,1649204047.462050000,151.101.229.16
1689,-12378,1649204047.462381000,151.101.229.16
1690,66,1649204047.462942000,10.11.219.6
1691,-8274,1649204047.464130000,151.101.229.16
1692,-6906,1649204047.464835000,151.101.229.16
1693,-23322,1649204047.464856000,151.101.229.16
1694,-6906,1649204047.465704000,151.101.229.16
1695,-4170,1649204047.465705000,151.101.229.16
1696,66,1649204047.466073000,10.11.219.6
1697,-19218,1649204047.468802000,151.101.229.16
1698,66,1649204047.468818000,10.11.219.6
1699,-6906,1649204047.469013000,151.101.229.16
1700,-5151,1649204047.469015000,151.101.229.16
1701,66,1649204047.469025000,10.11.219.6
1702,66,1649204047.469075000,10.11.219.6
1703,204,1649204047.482417000,10.11.219.6
1704,-66,1649204047.493951000,151.101.229.16
1705,-8274,1649204047.496188000,151.101.229.16
1706,-7876,1649204047.496407000,151.101.229.16
1707,-935,1649204047.496408000,151.101.229.16
1708,66,1649204047.496510000,10.11.219.6
1709,74,1649204047.507703000,10.11.219.6
1710,74,1649204047.518873000,10.11.219.6
1711,74,1649204047.568005000,10.11.219.6
1712,157,1649204047.582948000,10.11.219.6
1713,-66,1649204047.594651000,151.101.229.16
1714,-2802,1649204047.597135000,151.101.229.16
1715,-176,1649204047.597136000,151.101.229.16
1716,-1434,1649204047.597137000,151.101.229.16
1717,78,1649204047.597164000,10.11.219.6
1718,66,1649204047.597187000,10.11.219.6
1719,154,1649204047.618734000,10.11.219.6
1720,152,1649204047.621106000,10.11.219.6
1721,-66,1649204047.630016000,151.101.229.16
1722,-850,1649204047.630017000,151.101.229.16
1723,-66,1649204047.632162000,151.101.229.16
1724,-510,1649204047.632163000,151.101.229.16
1725,66,1649204047.632240000,10.11.219.6
1726,-66,1649204047.635340000,52.119.175.30
1727,54,1649204047.635378000,10.11.219.6
1728,571,1649204047.638980000,10.11.219.6
1729,-66,1649204047.640700000,52.119.175.30
1730,54,1649204047.640747000,10.11.219.6
1731,571,1649204047.644429000,10.11.219.6
1732,74,1649204047.653610000,10.11.219.6
1733,74,1649204047.653697000,10.11.219.6
1734,74,1649204047.667378000,10.11.219.6
1735,74,1649204047.668940000,10.11.219.6
1736,-66,1649204047.686104000,52.119.175.30
1737,54,1649204047.686144000,10.11.219.6
1738,571,1649204047.689549000,10.11.219.6
1739,156,1649204047.691376000,10.11.219.6
1740,-66,1649204047.703532000,151.101.229.16
1741,-2158,1649204047.703534000,151.101.229.16
1742,66,1649204047.703634000,10.11.219.6
1743,74,1649204047.762829000,10.11.219.6
1744,74,1649204047.762907000,10.11.219.6
1745,-54,1649204047.766412000,52.119.175.30
1746,-54,1649204047.766413000,52.119.175.30
1747,-54,1649204047.767472000,52.119.175.30
1748,-54,1649204047.768891000,52.119.175.30
1749,-5950,1649204047.768893000,52.119.175.30
1750,54,1649204047.768920000,10.11.219.6
1751,-5950,1649204047.770057000,52.119.175.30
1752,54,1649204047.770077000,10.11.219.6
1753,-66,1649204047.776395000,54.240.252.146
1754,54,1649204047.776429000,10.11.219.6
1755,180,1649204047.776781000,10.11.219.6
1756,-66,1649204047.780585000,54.240.252.146
1757,54,1649204047.780627000,10.11.219.6
1758,180,1649204047.782341000,10.11.219.6
1759,571,1649204047.786622000,10.11.219.6
1760,571,1649204047.791626000,10.11.219.6
1761,161,1649204047.792374000,10.11.219.6
1762,-66,1649204047.794774000,54.240.252.146
1763,54,1649204047.794857000,10.11.219.6
1764,-66,1649204047.795769000,54.240.252.146
1765,54,1649204047.795793000,10.11.219.6
1766,571,1649204047.797254000,10.11.219.6
1767,571,1649204047.799180000,10.11.219.6
1768,-66,1649204047.803231000,151.101.229.16
1769,-54,1649204047.804422000,52.119.175.30
1770,-142,1649204047.804423000,151.101.229.16
1771,-1434,1649204047.804424000,151.101.229.16
1772,78,1649204047.804441000,10.11.219.6
1773,66,1649204047.804460000,10.11.219.6
1774,-54,1649204047.807556000,52.119.175.30
1775,-2774,1649204047.810023000,52.119.175.30
1776,54,1649204047.810038000,10.11.219.6
1777,-3230,1649204047.810068000,52.119.175.30
1778,54,1649204047.810074000,10.11.219.6
1779,180,1649204047.815650000,10.11.219.6
1780,162,1649204047.831789000,10.11.219.6
1781,-66,1649204047.842891000,151.101.229.16
1782,-1434,1649204047.844287000,151.101.229.16
1783,-256,1649204047.844288000,151.101.229.16
1784,-1434,1649204047.844289000,151.101.229.16
1785,78,1649204047.844314000,10.11.219.6
1786,66,1649204047.844338000,10.11.219.6
1787,-66,1649204047.886794000,54.240.253.31
1788,54,1649204047.886823000,10.11.219.6
1789,-66,1649204047.887835000,54.240.253.31
1790,54,1649204047.887856000,10.11.219.6
1791,571,1649204047.888718000,10.11.219.6
1792,571,1649204047.891591000,10.11.219.6
1793,177,1649204047.896964000,10.11.219.6
1794,-54,1649204047.898525000,54.240.252.146
1795,-105,1649204047.899593000,52.119.175.30
1796,54,1649204047.899603000,10.11.219.6
1797,718,1649204047.899786000,10.11.219.6
1798,157,1649204047.907552000,10.11.219.6
1799,-66,1649204047.908327000,151.101.229.16
1800,-666,1649204047.908328000,151.101.229.16
1801,-1434,1649204047.908329000,151.101.229.16
1802,78,1649204047.908352000,10.11.219.6
1803,66,1649204047.908368000,10.11.219.6
1804,-54,1649204047.909489000,54.240.252.146
1805,-54,1649204047.909490000,54.240.252.146
1806,-2774,1649204047.911834000,54.240.252.146
1807,54,1649204047.911849000,10.11.219.6
1808,-3211,1649204047.911881000,54.240.252.146
1809,-105,1649204047.911881000,52.119.175.30
1810,54,1649204047.911889000,10.11.219.6
1811,54,1649204047.911899000,10.11.219.6
1812,180,1649204047.915020000,10.11.219.6
1813,718,1649204047.915478000,10.11.219.6
1814,-66,1649204047.919026000,151.101.229.16
1815,-54,1649204047.919027000,54.240.252.146
1816,-2774,1649204047.922688000,54.240.252.146
1817,54,1649204047.922700000,10.11.219.6
1818,-3211,1649204047.922754000,54.240.252.146
1819,-1434,1649204047.922755000,151.101.229.16
1820,-143,1649204047.922755000,151.101.229.16
1821,-54,1649204047.922756000,54.240.252.146
1822,-1434,1649204047.922756000,151.101.229.16
1823,54,1649204047.922764000,10.11.219.6
1824,78,1649204047.922772000,10.11.219.6
1825,66,1649204047.922786000,10.11.219.6
1826,-54,1649204047.923279000,54.240.252.146
1827,-54,1649204047.925313000,54.240.252.146
1828,180,1649204047.926236000,10.11.219.6
1829,-54,1649204047.926364000,54.240.252.146
1830,-5931,1649204047.927804000,54.240.252.146
1831,54,1649204047.927823000,10.11.219.6
1832,-5931,1649204047.928867000,54.240.252.146
1833,54,1649204047.928881000,10.11.219.6
1834,180,1649204047.930834000,10.11.219.6
1835,-105,1649204047.932777000,52.119.175.30
1836,54,1649204047.932797000,10.11.219.6
1837,180,1649204047.934190000,10.11.219.6
1838,719,1649204047.935550000,10.11.219.6
1839,74,1649204047.941790000,10.11.219.6
1840,74,1649204047.994875000,10.11.219.6
1841,-54,1649204048.010318000,54.240.253.31
1842,-54,1649204048.011859000,54.240.253.31
1843,-54,1649204048.011859000,54.240.253.31
1844,-2774,1649204048.014010000,54.240.253.31
1845,54,1649204048.014020000,10.11.219.6
1846,-3359,1649204048.014043000,54.240.253.31
1847,54,1649204048.014058000,10.11.219.6
1848,-54,1649204048.015699000,54.240.253.31
1849,180,1649204048.016918000,10.11.219.6
1850,-6079,1649204048.018192000,54.240.253.31
1851,54,1649204048.018205000,10.11.219.6
1852,180,1649204048.020899000,10.11.219.6
1853,-105,1649204048.037151000,54.240.252.146
1854,54,1649204048.037172000,10.11.219.6
1855,593,1649204048.037533000,10.11.219.6
1856,74,1649204048.037744000,10.11.219.6
1857,74,1649204048.038922000,10.11.219.6
1858,-2774,1649204048.048631000,52.119.175.30
1859,54,1649204048.048646000,10.11.219.6
1860,-2774,1649204048.048683000,52.119.175.30
1861,54,1649204048.048686000,10.11.219.6
1862,-8214,1649204048.049300000,52.119.175.30
1863,54,1649204048.049314000,10.11.219.6
1864,-105,1649204048.053670000,54.240.252.146
1865,54,1649204048.053679000,10.11.219.6
1866,593,1649204048.053889000,10.11.219.6
1867,-66,1649204048.059039000,52.119.169.237
1868,-105,1649204048.059040000,54.240.252.146
1869,54,1649204048.059056000,10.11.219.6
1870,54,1649204048.059069000,10.11.219.6
1871,571,1649204048.060973000,10.11.219.6
1872,-105,1649204048.064360000,54.240.252.146
1873,54,1649204048.064375000,10.11.219.6
1874,-2774,1649204048.077479000,52.119.175.30
1875,54,1649204048.077489000,10.11.219.6
1876,-4717,1649204048.077680000,52.119.175.30
1877,-10934,1649204048.077682000,52.119.175.30
1878,54,1649204048.077688000,10.11.219.6
1879,54,1649204048.077693000,10.11.219.6
1880,-8214,1649204048.077695000,52.119.175.30
1881,54,1649204048.077698000,10.11.219.6
1882,-66,1649204048.123308000,54.240.253.31
1883,54,1649204048.123327000,10.11.219.6
1884,571,1649204048.125036000,10.11.219.6
1885,-105,1649204048.139377000,54.240.253.31
1886,54,1649204048.139399000,10.11.219.6
1887,639,1649204048.139730000,10.11.219.6
1888,-105,1649204048.144722000,54.240.253.31
1889,54,1649204048.144739000,10.11.219.6
1890,639,1649204048.145069000,10.11.219.6
1891,-66,1649204048.154417000,54.240.253.31
1892,54,1649204048.154454000,10.11.219.6
1893,-66,1649204048.156484000,54.240.253.31
1894,54,1649204048.156501000,10.11.219.6
1895,571,1649204048.157221000,10.11.219.6
1896,571,1649204048.159740000,10.11.219.6
1897,-689,1649204048.165144000,54.240.252.146
1898,54,1649204048.165172000,10.11.219.6
1899,755,1649204048.166002000,10.11.219.6
1900,-2774,1649204048.172408000,52.119.175.30
1901,54,1649204048.172430000,10.11.219.6
1902,-10934,1649204048.173065000,52.119.175.30
1903,54,1649204048.173082000,10.11.219.6
1904,-54,1649204048.176194000,52.119.169.237
1905,-54,1649204048.178571000,52.119.169.237
1906,-6014,1649204048.180209000,52.119.169.237
1907,54,1649204048.180249000,10.11.219.6
1908,-689,1649204048.187116000,54.240.252.146
1909,54,1649204048.187142000,10.11.219.6
1910,180,1649204048.189620000,10.11.219.6
1911,755,1649204048.191400000,10.11.219.6
1912,-2774,1649204048.194898000,52.119.175.30
1913,54,1649204048.194913000,10.11.219.6
1914,-4134,1649204048.194938000,52.119.175.30
1915,54,1649204048.194941000,10.11.219.6
1916,-20454,1649204048.196374000,52.119.175.30
1917,54,1649204048.196394000,10.11.219.6
1918,-13654,1649204048.208693000,52.119.175.30
1919,54,1649204048.208706000,10.11.219.6
1920,-54,1649204048.251293000,54.240.253.31
1921,-54,1649204048.252316000,54.240.253.31
1922,-6079,1649204048.254911000,54.240.253.31
1923,54,1649204048.254918000,10.11.219.6
1924,180,1649204048.257911000,10.11.219.6
1925,-54,1649204048.271558000,54.240.253.31
1926,-54,1649204048.274811000,54.240.253.31
1927,-54,1649204048.274812000,54.240.253.31
1928,-776,1649204048.274812000,54.240.253.31
1929,54,1649204048.274841000,10.11.219.6
1930,1414,1649204048.275690000,10.11.219.6
1931,1414,1649204048.275696000,10.11.219.6
1932,127,1649204048.276575000,10.11.219.6
1933,-6079,1649204048.277504000,54.240.253.31
1934,-54,1649204048.277504000,54.240.253.31
1935,54,1649204048.277514000,10.11.219.6
1936,-6079,1649204048.279391000,54.240.253.31
1937,54,1649204048.279398000,10.11.219.6
1938,180,1649204048.280255000,10.11.219.6
1939,-756,1649204048.282281000,54.240.253.31
1940,-103,1649204048.282281000,54.240.253.31
1941,54,1649204048.282293000,10.11.219.6
1942,54,1649204048.282300000,10.11.219.6
1943,180,1649204048.283034000,10.11.219.6
1944,1200,1649204048.284509000,10.11.219.6
1945,-696,1649204048.294002000,54.240.252.146
1946,-4134,1649204048.295319000,52.119.175.30
1947,54,1649204048.295334000,10.11.219.6
1948,-10934,1649204048.296773000,52.119.175.30
1949,54,1649204048.296779000,10.11.219.6
1950,-105,1649204048.306029000,52.119.169.237
1951,54,1649204048.306039000,10.11.219.6
1952,585,1649204048.306252000,10.11.219.6
1953,-2774,1649204048.314311000,52.119.175.30
1954,54,1649204048.314317000,10.11.219.6
1955,-12929,1649204048.314420000,52.119.175.30
1956,54,1649204048.314423000,10.11.219.6
1957,-696,1649204048.325758000,54.240.252.146
1958,54,1649204048.336730000,10.11.219.6
1959,-16374,1649204048.338467000,52.119.175.30
1960,54,1649204048.338487000,10.11.219.6
1961,159,1649204048.344797000,10.11.219.6
1962,-66,1649204048.355709000,151.101.229.16
1963,-407,1649204048.356806000,151.101.229.16
1964,54,1649204048.368734000,10.11.219.6
1965,755,1649204048.376316000,10.11.219.6
1966,-105,1649204048.385701000,54.240.253.31
1967,54,1649204048.385721000,10.11.219.6
1968,1330,1649204048.387674000,10.11.219.6
1969,-407,1649204048.393148000,151.101.229.16
1970,78,1649204048.393168000,10.11.219.6
1971,-105,1649204048.396829000,54.240.253.31
1972,54,1649204048.396854000,10.11.219.6
1973,-54,1649204048.399203000,54.240.253.31
1974,-105,1649204048.400260000,54.240.253.31
1975,54,1649204048.400274000,10.11.219.6
1976,-682,1649204048.412033000,54.240.253.31
1977,-2774,1649204048.417530000,52.119.175.30
1978,54,1649204048.417545000,10.11.219.6
1979,-2774,1649204048.420086000,52.119.175.30
1980,54,1649204048.420099000,10.11.219.6
1981,-9574,1649204048.420160000,52.119.175.30
1982,54,1649204048.420165000,10.11.219.6
1983,-682,1649204048.422719000,54.240.253.31
1984,-439,1649204048.429173000,52.119.169.237
1985,54,1649204048.429209000,10.11.219.6
1986,54,1649204048.452766000,10.11.219.6
1987,54,1649204048.464739000,10.11.219.6
1988,161,1649204048.469790000,10.11.219.6
1989,-16374,1649204048.473815000,52.119.175.30
1990,54,1649204048.473826000,10.11.219.6
1991,-66,1649204048.483047000,151.101.229.16
1992,-7001,1649204048.484643000,151.101.229.16
1993,66,1649204048.484684000,10.11.219.6
1994,-696,1649204048.504847000,54.240.252.146
1995,54,1649204048.504879000,10.11.219.6
1996,-659,1649204048.530536000,54.240.253.31
1997,-105,1649204048.530538000,54.240.253.31
1998,54,1649204048.530603000,10.11.219.6
1999,54,1649204048.530646000,10.11.219.6
2000,-2774,1649204048.540316000,52.119.175.30
2001,54,1649204048.540334000,10.11.219.6
2002,-3889,1649204048.542411000,52.119.175.30
2003,54,1649204048.542430000,10.11.219.6
2004,755,1649204048.585947000,10.11.219.6
2005,-5494,1649204048.604341000,52.119.175.30
2006,54,1649204048.604359000,10.11.219.6
2007,-4080,1649204048.604406000,52.119.175.30
2008,54,1649204048.604410000,10.11.219.6
2009,755,1649204048.645278000,10.11.219.6
2010,161,1649204048.687172000,10.11.219.6
2011,-66,1649204048.699543000,151.101.229.16
2012,-6870,1649204048.699544000,151.101.229.16
2013,66,1649204048.699573000,10.11.219.6
2014,-696,1649204048.720444000,54.240.252.146
2015,54,1649204048.720464000,10.11.219.6
2016,1434,1649204048.770928000,10.11.219.6
2017,90,1649204048.770945000,10.11.219.6
2018,1434,1649204048.771754000,10.11.219.6
2019,434,1649204048.771768000,10.11.219.6
2020,1346,1649204048.772693000,10.11.219.6
2021,-696,1649204048.773963000,54.240.252.146
2022,-66,1649204048.773964000,18.65.110.227
2023,54,1649204048.773986000,10.11.219.6
2024,74,1649204048.781004000,10.11.219.6
2025,149,1649204048.823597000,10.11.219.6
2026,74,1649204048.826028000,10.11.219.6
2027,-74,1649204048.828965000,18.65.156.177
2028,66,1649204048.829000000,10.11.219.6
2029,-66,1649204048.834676000,151.101.229.16
2030,583,1649204048.834714000,10.11.219.6
2031,-2802,1649204048.835662000,151.101.229.16
2032,-490,1649204048.835664000,151.101.229.16
2033,-1434,1649204048.835665000,151.101.229.16
2034,78,1649204048.835747000,10.11.219.6
2035,66,1649204048.835795000,10.11.219.6
2036,-66,1649204048.839693000,18.65.156.177
2037,-5538,1649204048.839695000,18.65.156.177
2038,-568,1649204048.839695000,18.65.156.177
2039,66,1649204048.839733000,10.11.219.6
2040,66,1649204048.839771000,10.11.219.6
2041,130,1649204048.848255000,10.11.219.6
2042,-66,1649204048.851235000,18.65.156.177
2043,-128,1649204048.851236000,18.65.156.177
2044,66,1649204048.851262000,10.11.219.6
2045,236,1649204048.851818000,10.11.219.6
2046,385,1649204048.854255000,10.11.219.6
2047,-66,1649204048.854411000,18.65.156.177
2048,-97,1649204048.854412000,18.65.156.177
2049,66,1649204048.854433000,10.11.219.6
2050,97,1649204048.854787000,10.11.219.6
2051,-66,1649204048.856597000,18.65.156.177
2052,-66,1649204048.858263000,18.65.156.177
2053,-8274,1649204048.858265000,18.65.156.177
2054,-150,1649204048.858265000,18.65.156.177
2055,66,1649204048.858292000,10.11.219.6
2056,78,1649204048.858317000,10.11.219.6
2057,-1434,1649204048.858327000,18.65.156.177
2058,66,1649204048.858333000,10.11.219.6
2059,537,1649204048.877444000,10.11.219.6
2060,456,1649204048.880262000,10.11.219.6
2061,-669,1649204048.881234000,18.65.110.227
2062,-97,1649204048.881235000,18.65.110.227
2063,66,1649204048.881259000,10.11.219.6
2064,66,1649204048.881279000,10.11.219.6
2065,442,1649204048.882351000,10.11.219.6
2066,442,1649204048.883267000,10.11.219.6
2067,698,1649204048.885400000,10.11.219.6
2068,-66,1649204048.885465000,52.36.17.87
2069,692,1649204048.885824000,10.11.219.6
2070,-66,1649204048.888717000,18.65.110.227
2071,456,1649204048.889368000,10.11.219.6
2072,456,1649204048.891254000,10.11.219.6
2073,-235,1649204048.891928000,52.36.17.87
2074,-104,1649204048.891929000,52.36.17.87
2075,66,1649204048.891953000,10.11.219.6
2076,66,1649204048.891967000,10.11.219.6
2077,-66,1649204048.903709000,54.240.253.31
2078,54,1649204048.903747000,10.11.219.6
2079,571,1649204048.906152000,10.11.219.6
2080,-235,1649204048.907105000,52.36.17.87
2081,-104,1649204048.907106000,52.36.17.87
2082,66,1649204048.907129000,10.11.219.6
2083,66,1649204048.907154000,10.11.219.6
2084,723,1649204048.910055000,10.11.219.6
2085,600,1649204048.910168000,10.11.219.6
2086,541,1649204048.910316000,10.11.219.6
2087,458,1649204048.910786000,10.11.219.6
2088,566,1649204048.917116000,10.11.219.6
2089,689,1649204048.932691000,10.11.219.6
2090,738,1649204048.934346000,10.11.219.6
2091,688,1649204048.935306000,10.11.219.6
2092,617,1649204048.935609000,10.11.219.6
2093,850,1649204048.936045000,10.11.219.6
2094,456,1649204048.936529000,10.11.219.6
2095,-66,1649204048.936744000,18.65.110.227
2096,819,1649204048.936980000,10.11.219.6
2097,74,1649204048.937331000,10.11.219.6
2098,74,1649204048.937583000,10.11.219.6
2099,148,1649204048.937943000,10.11.219.6
2100,74,1649204048.938461000,10.11.219.6
2101,158,1649204048.939652000,10.11.219.6
2102,157,1649204048.939967000,10.11.219.6
2103,158,1649204048.940026000,10.11.219.6
2104,157,1649204048.941789000,10.11.219.6
2105,158,1649204048.942126000,10.11.219.6
2106,157,1649204048.942505000,10.11.219.6
2107,158,1649204048.942656000,10.11.219.6
2108,-66,1649204048.949092000,151.101.229.16
2109,527,1649204048.949107000,10.11.219.6
2110,-13746,1649204048.951191000,151.101.229.16
2111,66,1649204048.951210000,10.11.219.6
2112,-948,1649204048.951224000,151.101.229.16
2113,-1434,1649204048.951225000,151.101.229.16
2114,78,1649204048.951231000,10.11.219.6
2115,66,1649204048.951235000,10.11.219.6
2116,-15114,1649204048.951651000,151.101.229.16
2117,66,1649204048.951666000,10.11.219.6
2118,-87,1649204048.951695000,151.101.229.16
2119,-1434,1649204048.951695000,151.101.229.16
2120,-1434,1649204048.951696000,151.101.229.16
2121,78,1649204048.951708000,10.11.219.6
2122,66,1649204048.951726000,10.11.219.6
2123,66,1649204048.951813000,10.11.219.6
2124,-15114,1649204048.953755000,151.101.229.16
2125,66,1649204048.953766000,10.11.219.6
2126,-837,1649204048.953789000,151.101.229.16
2127,-1434,1649204048.953790000,151.101.229.16
2128,-66,1649204048.953790000,151.101.229.16
2129,-66,1649204048.953790000,151.101.229.16
2130,-6906,1649204048.953797000,151.101.229.16
2131,78,1649204048.953806000,10.11.219.6
2132,66,1649204048.953813000,10.11.219.6
2133,66,1649204048.953823000,10.11.219.6
2134,-6906,1649204048.955434000,151.101.229.16
2135,-974,1649204048.955435000,151.101.229.16
2136,-1434,1649204048.955436000,151.101.229.16
2137,-802,1649204048.955436000,151.101.229.16
2138,66,1649204048.955457000,10.11.219.6
2139,78,1649204048.955486000,10.11.219.6
2140,66,1649204048.955493000,10.11.219.6
2141,66,1649204048.955498000,10.11.219.6
2142,-66,1649204048.955528000,151.101.229.16
2143,-16070,1649204048.955531000,151.101.229.16
2144,66,1649204048.955540000,10.11.219.6
2145,-12291,1649204048.957801000,151.101.229.16
2146,66,1649204048.957814000,10.11.219.6
2147,-13746,1649204048.957866000,151.101.229.16
2148,66,1649204048.957877000,10.11.219.6
2149,-1045,1649204048.957889000,151.101.229.16
2150,-1434,1649204048.957889000,151.101.229.16
2151,-4170,1649204048.957893000,151.101.229.16
2152,-378,1649204048.957893000,151.101.229.16
2153,-1434,1649204048.957893000,151.101.229.16
2154,78,1649204048.957905000,10.11.219.6
2155,66,1649204048.957920000,10.11.219.6
2156,78,1649204048.957928000,10.11.219.6
2157,66,1649204048.957933000,10.11.219.6
2158,-66,1649204048.958274000,151.101.229.16
2159,-66,1649204048.958274000,151.101.229.16
2160,-11010,1649204048.958277000,151.101.229.16
2161,66,1649204048.958324000,10.11.219.6
2162,-5083,1649204048.960636000,151.101.229.16
2163,-310,1649204048.960636000,151.101.229.16
2164,-1434,1649204048.960637000,151.101.229.16
2165,-13746,1649204048.960639000,151.101.229.16
2166,66,1649204048.960652000,10.11.219.6
2167,78,1649204048.960672000,10.11.219.6
2168,66,1649204048.960679000,10.11.219.6
2169,-947,1649204048.960699000,151.101.229.16
2170,-1434,1649204048.960699000,151.101.229.16
2171,-422,1649204048.960699000,151.101.229.16
2172,-1434,1649204048.960700000,151.101.229.16
2173,-66,1649204048.960700000,151.101.229.16
2174,-66,1649204048.960700000,151.101.229.16
2175,-1434,1649204048.960700000,151.101.229.16
2176,78,1649204048.960714000,10.11.219.6
2177,66,1649204048.960722000,10.11.219.6
2178,78,1649204048.960727000,10.11.219.6
2179,66,1649204048.960732000,10.11.219.6
2180,-11010,1649204048.961094000,151.101.229.16
2181,66,1649204048.961180000,10.11.219.6
2182,-1434,1649204048.963076000,151.101.229.16
2183,-962,1649204048.963080000,151.101.229.16
2184,-1434,1649204048.963081000,151.101.229.16
2185,-13567,1649204048.963083000,151.101.229.16
2186,78,1649204048.963107000,10.11.219.6
2187,66,1649204048.963126000,10.11.219.6
2188,66,1649204048.963146000,10.11.219.6
2189,-9642,1649204048.963150000,151.101.229.16
2190,66,1649204048.963155000,10.11.219.6
2191,-6488,1649204048.963567000,151.101.229.16
2192,-4170,1649204048.963568000,151.101.229.16
2193,66,1649204048.963575000,10.11.219.6
2194,66,1649204048.963585000,10.11.219.6
2195,-1434,1649204048.964768000,151.101.229.16
2196,-728,1649204048.964768000,151.101.229.16
2197,-1434,1649204048.964769000,151.101.229.16
2198,66,1649204048.964781000,10.11.219.6
2199,78,1649204048.964799000,10.11.219.6
2200,66,1649204048.964808000,10.11.219.6
2201,-66,1649204048.992625000,18.65.110.227
2202,-66,1649204048.994744000,52.36.17.87
2203,-235,1649204048.995842000,52.36.17.87
2204,-104,1649204048.995842000,52.36.17.87
2205,66,1649204048.996009000,10.11.219.6
2206,-66,1649204048.997970000,52.36.17.87
2207,-235,1649204049.000116000,52.36.17.87
2208,-104,1649204049.000117000,52.36.17.87
2209,66,1649204049.000352000,10.11.219.6
2210,-235,1649204049.001214000,52.36.17.87
2211,-104,1649204049.001215000,52.36.17.87
2212,66,1649204049.001387000,10.11.219.6
2213,-66,1649204049.005464000,52.36.17.87
2214,-235,1649204049.005465000,52.36.17.87
2215,-104,1649204049.006537000,52.36.17.87
2216,66,1649204049.006594000,10.11.219.6
2217,-235,1649204049.007599000,52.36.17.87
2218,-104,1649204049.007600000,52.36.17.87
2219,66,1649204049.007741000,10.11.219.6
2220,-2242,1649204049.010912000,18.65.110.227
2221,-97,1649204049.010913000,18.65.110.227
2222,66,1649204049.010928000,10.11.219.6
2223,66,1649204049.010950000,10.11.219.6
2224,-2238,1649204049.014181000,18.65.110.227
2225,-97,1649204049.014181000,18.65.110.227
2226,66,1649204049.014196000,10.11.219.6
2227,66,1649204049.014215000,10.11.219.6
2228,-273,1649204049.021630000,52.36.17.87
2229,-66,1649204049.024780000,52.36.17.87
2230,-54,1649204049.026000000,54.240.253.31
2231,-235,1649204049.026965000,52.36.17.87
2232,-104,1649204049.026966000,52.36.17.87
2233,66,1649204049.027157000,10.11.219.6
2234,-235,1649204049.028008000,52.36.17.87
2235,-54,1649204049.029066000,54.240.253.31
2236,-1414,1649204049.030246000,54.240.253.31
2237,54,1649204049.030273000,10.11.219.6
2238,-4719,1649204049.031509000,54.240.253.31
2239,54,1649204049.031517000,10.11.219.6
2240,180,1649204049.035367000,10.11.219.6
2241,-2273,1649204049.041028000,18.65.110.227
2242,-97,1649204049.041029000,18.65.110.227
2243,66,1649204049.041052000,10.11.219.6
2244,66,1649204049.041082000,10.11.219.6
2245,-66,1649204049.050583000,52.36.17.87
2246,-540,1649204049.050584000,52.119.175.30
2247,-66,1649204049.050584000,52.36.17.87
2248,54,1649204049.050614000,10.11.219.6
2249,710,1649204049.050859000,10.11.219.6
2250,-533,1649204049.054885000,52.119.175.30
2251,54,1649204049.054904000,10.11.219.6
2252,600,1649204049.055089000,10.11.219.6
2253,-66,1649204049.060592000,52.119.175.30
2254,-540,1649204049.060594000,52.119.175.30
2255,-66,1649204049.060594000,52.119.175.30
2256,54,1649204049.060678000,10.11.219.6
2257,54,1649204049.060785000,10.11.219.6
2258,54,1649204049.060814000,10.11.219.6
2259,571,1649204049.063751000,10.11.219.6
2260,-2245,1649204049.063805000,18.65.110.227
2261,-97,1649204049.063806000,18.65.110.227
2262,66,1649204049.063824000,10.11.219.6
2263,66,1649204049.063836000,10.11.219.6
2264,600,1649204049.063976000,10.11.219.6
2265,374,1649204049.064170000,10.11.219.6
2266,-66,1649204049.064912000,52.119.175.30
2267,54,1649204049.064941000,10.11.219.6
2268,-66,1649204049.066876000,18.65.110.227
2269,-2239,1649204049.068121000,18.65.110.227
2270,-97,1649204049.068122000,18.65.110.227
2271,66,1649204049.068144000,10.11.219.6
2272,66,1649204049.068717000,10.11.219.6
2273,571,1649204049.069406000,10.11.219.6
2274,425,1649204049.069647000,10.11.219.6
2275,571,1649204049.072844000,10.11.219.6
2276,160,1649204049.092329000,10.11.219.6
2277,-66,1649204049.103563000,151.101.229.16
2278,-5538,1649204049.107623000,151.101.229.16
2279,66,1649204049.107698000,10.11.219.6
2280,-4170,1649204049.107807000,151.101.229.16
2281,-1054,1649204049.107807000,151.101.229.16
2282,-66,1649204049.107808000,52.36.17.87
2283,-1434,1649204049.107808000,151.101.229.16
2284,66,1649204049.107824000,10.11.219.6
2285,78,1649204049.107849000,10.11.219.6
2286,66,1649204049.107870000,10.11.219.6
2287,66,1649204049.108790000,10.11.219.6
2288,-187,1649204049.110128000,52.36.17.87
2289,-1434,1649204049.110130000,52.36.17.87
2290,78,1649204049.110195000,10.11.219.6
2291,66,1649204049.110242000,10.11.219.6
2292,-105,1649204049.158941000,54.240.253.31
2293,54,1649204049.158960000,10.11.219.6
2294,1414,1649204049.159275000,10.11.219.6
2295,1108,1649204049.159286000,10.11.219.6
2296,160,1649204049.170805000,10.11.219.6
2297,-669,1649204049.171788000,18.65.110.227
2298,-97,1649204049.171789000,18.65.110.227
2299,66,1649204049.171799000,10.11.219.6
2300,66,1649204049.171981000,10.11.219.6
2301,74,1649204049.181049000,10.11.219.6
2302,-66,1649204049.182443000,151.101.229.16
2303,-2802,1649204049.184086000,151.101.229.16
2304,66,1649204049.184092000,10.11.219.6
2305,-7880,1649204049.184160000,151.101.229.16
2306,-66,1649204049.184161000,52.36.17.87
2307,-54,1649204049.184161000,52.119.175.30
2308,66,1649204049.184166000,10.11.219.6
2309,-54,1649204049.184593000,52.119.175.30
2310,-235,1649204049.186765000,52.36.17.87
2311,-104,1649204049.186765000,52.36.17.87
2312,-54,1649204049.186766000,52.119.175.30
2313,66,1649204049.187127000,10.11.219.6
2314,-5950,1649204049.189274000,52.119.175.30
2315,54,1649204049.189298000,10.11.219.6
2316,-54,1649204049.192376000,52.119.175.30
2317,-533,1649204049.193549000,52.119.175.30
2318,-54,1649204049.193551000,52.119.175.30
2319,180,1649204049.195000000,10.11.219.6
2320,795,1649204049.195447000,10.11.219.6
2321,-5950,1649204049.196339000,52.119.175.30
2322,54,1649204049.196355000,10.11.219.6
2323,-533,1649204049.198033000,52.119.175.30
2324,180,1649204049.201162000,10.11.219.6
2325,-54,1649204049.201226000,52.119.175.30
2326,567,1649204049.202466000,10.11.219.6
2327,-5950,1649204049.202620000,52.119.175.30
2328,54,1649204049.202634000,10.11.219.6
2329,-2774,1649204049.206197000,52.119.175.30
2330,-6406,1649204049.206281000,52.119.175.30
2331,-4134,1649204049.206282000,52.119.175.30
2332,180,1649204049.208395000,10.11.219.6
2333,54,1649204049.209551000,10.11.219.6
2334,160,1649204049.220069000,10.11.219.6
2335,-66,1649204049.231310000,151.101.229.16
2336,-2802,1649204049.234453000,151.101.229.16
2337,66,1649204049.234464000,10.11.219.6
2338,-6906,1649204049.234525000,151.101.229.16
2339,-930,1649204049.234526000,151.101.229.16
2340,-1434,1649204049.234526000,151.101.229.16
2341,66,1649204049.234535000,10.11.219.6
2342,78,1649204049.234548000,10.11.219.6
2343,66,1649204049.234558000,10.11.219.6
2344,160,1649204049.239080000,10.11.219.6
2345,-66,1649204049.249474000,151.101.229.16
2346,-2802,1649204049.251435000,151.101.229.16
2347,66,1649204049.251444000,10.11.219.6
2348,-5538,1649204049.251504000,151.101.229.16
2349,-384,1649204049.251505000,151.101.229.16
2350,-1434,1649204049.251505000,151.101.229.16
2351,66,1649204049.251513000,10.11.219.6
2352,78,1649204049.251524000,10.11.219.6
2353,66,1649204049.251534000,10.11.219.6
2354,159,1649204049.256683000,10.11.219.6
2355,-66,1649204049.268781000,151.101.229.16
2356,-234,1649204049.268782000,151.101.229.16
2357,-1434,1649204049.268783000,151.101.229.16
2358,66,1649204049.268809000,10.11.219.6
2359,-9385,1649204049.268852000,151.101.229.16
2360,66,1649204049.268857000,10.11.219.6
2361,159,1649204049.278273000,10.11.219.6
2362,-54,1649204049.281872000,54.240.253.31
2363,-66,1649204049.289446000,151.101.229.16
2364,-2802,1649204049.291360000,151.101.229.16
2365,66,1649204049.291386000,10.11.219.6
2366,-11976,1649204049.291448000,151.101.229.16
2367,66,1649204049.291452000,10.11.219.6
2368,-659,1649204049.294742000,54.240.253.31
2369,-105,1649204049.294743000,54.240.253.31
2370,54,1649204049.294767000,10.11.219.6
2371,54,1649204049.294787000,10.11.219.6
2372,160,1649204049.299261000,10.11.219.6
2373,-66,1649204049.310669000,151.101.229.16
2374,-2802,1649204049.312553000,151.101.229.16
2375,66,1649204049.312563000,10.11.219.6
2376,-13225,1649204049.312666000,151.101.229.16
2377,66,1649204049.312669000,10.11.219.6
2378,160,1649204049.317183000,10.11.219.6
2379,-105,1649204049.317305000,52.119.175.30
2380,54,1649204049.317318000,10.11.219.6
2381,567,1649204049.317594000,10.11.219.6
2382,-105,1649204049.325916000,52.119.175.30
2383,54,1649204049.325939000,10.11.219.6
2384,567,1649204049.326666000,10.11.219.6
2385,-66,1649204049.328060000,151.101.229.16
2386,-2802,1649204049.331175000,151.101.229.16
2387,66,1649204049.331192000,10.11.219.6
2388,-11010,1649204049.331283000,151.101.229.16
2389,66,1649204049.331288000,10.11.219.6
2390,-972,1649204049.331304000,151.101.229.16
2391,-1434,1649204049.331304000,151.101.229.16
2392,-1434,1649204049.331305000,151.101.229.16
2393,-108,1649204049.331305000,151.101.229.16
2394,-1434,1649204049.331306000,151.101.229.16
2395,78,1649204049.331314000,10.11.219.6
2396,66,1649204049.331321000,10.11.219.6
2397,78,1649204049.331327000,10.11.219.6
2398,66,1649204049.331335000,10.11.219.6
2399,-17734,1649204049.333388000,52.119.175.30
2400,54,1649204049.333403000,10.11.219.6
2401,-105,1649204049.335589000,52.119.175.30
2402,54,1649204049.335606000,10.11.219.6
2403,160,1649204049.335666000,10.11.219.6
2404,600,1649204049.335919000,10.11.219.6
2405,-540,1649204049.339960000,52.119.175.30
2406,600,1649204049.340687000,10.11.219.6
2407,-66,1649204049.346390000,151.101.229.16
2408,-5538,1649204049.348991000,151.101.229.16
2409,-127,1649204049.348992000,151.101.229.16
2410,78,1649204049.349015000,10.11.219.6
2411,-1434,1649204049.349168000,151.101.229.16
2412,66,1649204049.349180000,10.11.219.6
2413,161,1649204049.353312000,10.11.219.6
2414,-66,1649204049.361417000,52.94.234.174
2415,54,1649204049.361459000,10.11.219.6
2416,-54,1649204049.362489000,52.119.175.30
2417,-66,1649204049.364646000,151.101.229.16
2418,571,1649204049.365394000,10.11.219.6
2419,-9626,1649204049.366548000,151.101.229.16
2420,66,1649204049.366622000,10.11.219.6
2421,159,1649204049.373174000,10.11.219.6
2422,-1098,1649204049.383053000,52.119.175.30
2423,566,1649204049.383442000,10.11.219.6
2424,-66,1649204049.384133000,151.101.229.16
2425,-6906,1649204049.385598000,151.101.229.16
2426,-388,1649204049.385599000,151.101.229.16
2427,-1434,1649204049.385600000,151.101.229.16
2428,78,1649204049.385625000,10.11.219.6
2429,66,1649204049.385648000,10.11.219.6
2430,161,1649204049.396894000,10.11.219.6
2431,-66,1649204049.407631000,151.101.229.16
2432,-8274,1649204049.409427000,151.101.229.16
2433,66,1649204049.409516000,10.11.219.6
2434,-1434,1649204049.409608000,151.101.229.16
2435,-539,1649204049.409609000,151.101.229.16
2436,-1434,1649204049.409610000,151.101.229.16
2437,78,1649204049.409631000,10.11.219.6
2438,66,1649204049.409648000,10.11.219.6
2439,160,1649204049.415402000,10.11.219.6
2440,-66,1649204049.427068000,151.101.229.16
2441,-2802,1649204049.427070000,151.101.229.16
2442,66,1649204049.427185000,10.11.219.6
2443,-6255,1649204049.428268000,151.101.229.16
2444,66,1649204049.428327000,10.11.219.6
2445,160,1649204049.434549000,10.11.219.6
2446,-66,1649204049.446159000,151.101.229.16
2447,-11010,1649204049.448564000,151.101.229.16
2448,-5075,1649204049.448652000,151.101.229.16
2449,-73,1649204049.448652000,151.101.229.16
2450,-1434,1649204049.448653000,151.101.229.16
2451,66,1649204049.448666000,10.11.219.6
2452,78,1649204049.448689000,10.11.219.6
2453,66,1649204049.448694000,10.11.219.6
2454,-540,1649204049.449381000,52.119.175.30
2455,54,1649204049.449406000,10.11.219.6
2456,842,1649204049.449922000,10.11.219.6
2457,-8214,1649204049.456695000,52.119.175.30
2458,54,1649204049.456756000,10.11.219.6
2459,-9574,1649204049.456830000,52.119.175.30
2460,54,1649204049.456838000,10.11.219.6
2461,-540,1649204049.458945000,52.119.175.30
2462,54,1649204049.458981000,10.11.219.6
2463,741,1649204049.459255000,10.11.219.6
2464,160,1649204049.462617000,10.11.219.6
2465,-66,1649204049.473902000,151.101.229.16
2466,-11010,1649204049.475813000,151.101.229.16
2467,-311,1649204049.475837000,151.101.229.16
2468,-533,1649204049.475838000,52.119.175.30
2469,-1434,1649204049.475838000,151.101.229.16
2470,78,1649204049.475861000,10.11.219.6
2471,54,1649204049.475892000,10.11.219.6
2472,66,1649204049.475909000,10.11.219.6
2473,160,1649204049.482016000,10.11.219.6
2474,-533,1649204049.483544000,52.119.175.30
2475,-66,1649204049.493204000,151.101.229.16
2476,-15489,1649204049.496389000,151.101.229.16
2477,66,1649204049.496486000,10.11.219.6
2478,-54,1649204049.501766000,52.119.175.30
2479,-540,1649204049.508177000,52.119.175.30
2480,54,1649204049.524741000,10.11.219.6
2481,-54,1649204049.542370000,52.94.234.174
2482,-54,1649204049.545604000,52.94.234.174
2483,-150,1649204049.547105000,52.94.234.174
2484,-5022,1649204049.547107000,52.94.234.174
2485,-392,1649204049.547109000,52.94.234.174
2486,-63,1649204049.547109000,52.94.234.174
2487,54,1649204049.547136000,10.11.219.6
2488,54,1649204049.547189000,10.11.219.6
2489,54,1649204049.547204000,10.11.219.6
2490,54,1649204049.547216000,10.11.219.6
2491,54,1649204049.548735000,10.11.219.6
2492,204,1649204049.555156000,10.11.219.6
2493,-63,1649204049.576628000,52.94.234.174
2494,66,1649204049.576652000,10.11.219.6
2495,-8214,1649204049.579283000,52.119.175.30
2496,54,1649204049.579310000,10.11.219.6
2497,-10934,1649204049.580569000,52.119.175.30
2498,54,1649204049.580597000,10.11.219.6
2499,-540,1649204049.591151000,52.119.175.30
2500,-54,1649204049.618901000,52.119.175.30
2501,54,1649204049.632735000,10.11.219.6
2502,912,1649204049.635532000,10.11.219.6
2503,-1950,1649204049.671781000,52.119.175.30
2504,54,1649204049.671973000,10.11.219.6
2505,-1130,1649204049.701630000,52.119.175.30
2506,74,1649204049.705705000,10.11.219.6
2507,755,1649204049.732561000,10.11.219.6
2508,676,1649204049.732805000,10.11.219.6
2509,-54,1649204049.734789000,52.94.234.174
2510,-60,1649204049.734790000,52.94.234.174
2511,-123,1649204049.734790000,52.94.234.174
2512,54,1649204049.734807000,10.11.219.6
2513,54,1649204049.734826000,10.11.219.6
2514,507,1649204049.735118000,10.11.219.6
2515,-66,1649204049.735817000,18.65.110.227
2516,161,1649204049.744006000,10.11.219.6
2517,54,1649204049.744722000,10.11.219.6
2518,-66,1649204049.755135000,151.101.229.16
2519,-2802,1649204049.757164000,151.101.229.16
2520,66,1649204049.757250000,10.11.219.6
2521,-1434,1649204049.757333000,151.101.229.16
2522,-546,1649204049.757334000,151.101.229.16
2523,-1434,1649204049.757334000,151.101.229.16
2524,78,1649204049.757353000,10.11.219.6
2525,66,1649204049.757370000,10.11.219.6
2526,-696,1649204049.769032000,54.240.252.146
2527,54,1649204049.769065000,10.11.219.6
2528,543,1649204049.819800000,10.11.219.6
2529,458,1649204049.821785000,10.11.219.6
2530,653,1649204049.826661000,10.11.219.6
2531,620,1649204049.827219000,10.11.219.6
2532,912,1649204049.834342000,10.11.219.6
2533,792,1649204049.857688000,10.11.219.6
2534,795,1649204049.859370000,10.11.219.6
2535,-696,1649204049.859996000,54.240.252.146
2536,54,1649204049.860014000,10.11.219.6
2537,-2381,1649204049.865442000,18.65.110.227
2538,-97,1649204049.865443000,18.65.110.227
2539,66,1649204049.865459000,10.11.219.6
2540,66,1649204049.865481000,10.11.219.6
2541,-66,1649204049.882530000,52.46.154.242
2542,54,1649204049.882571000,10.11.219.6
2543,571,1649204049.886390000,10.11.219.6
2544,794,1649204049.912557000,10.11.219.6
2545,-283,1649204049.914986000,52.94.234.174
2546,54,1649204049.915003000,10.11.219.6
2547,808,1649204049.917928000,10.11.219.6
2548,398,1649204049.923374000,10.11.219.6
2549,1355,1649204049.923420000,10.11.219.6
2550,1434,1649204049.923521000,10.11.219.6
2551,1434,1649204049.923527000,10.11.219.6
2552,1434,1649204049.923530000,10.11.219.6
2553,1434,1649204049.923779000,10.11.219.6
2554,1434,1649204049.923787000,10.11.219.6
2555,1434,1649204049.923790000,10.11.219.6
2556,-66,1649204049.935414000,52.36.17.87
2557,1434,1649204049.935441000,10.11.219.6
2558,1434,1649204049.935453000,10.11.219.6
2559,1434,1649204049.935462000,10.11.219.6
2560,1434,1649204049.935465000,10.11.219.6
2561,-235,1649204049.936377000,52.36.17.87
2562,-104,1649204049.936378000,52.36.17.87
2563,66,1649204049.936386000,10.11.219.6
2564,66,1649204049.936400000,10.11.219.6
2565,-235,1649204049.937439000,52.36.17.87
2566,-104,1649204049.937441000,52.36.17.87
2567,66,1649204049.937455000,10.11.219.6
2568,66,1649204049.937483000,10.11.219.6
2569,74,1649204049.943718000,10.11.219.6
2570,-540,1649204049.957844000,52.119.175.30
2571,54,1649204049.957895000,10.11.219.6
2572,160,1649204049.964289000,10.11.219.6
2573,-696,1649204049.967445000,54.240.252.146
2574,54,1649204049.967474000,10.11.219.6
2575,-533,1649204049.969584000,52.119.175.30
2576,54,1649204049.969619000,10.11.219.6
2577,-66,1649204049.974866000,151.101.229.16
2578,-1664,1649204049.977270000,151.101.229.16
2579,66,1649204049.977344000,10.11.219.6
2580,-54,1649204049.982428000,52.119.175.30
2581,-540,1649204049.982429000,52.119.175.30
2582,54,1649204049.982455000,10.11.219.6
2583,-540,1649204049.990310000,52.119.175.30
2584,808,1649204050.014201000,10.11.219.6
2585,54,1649204050.032797000,10.11.219.6
2586,-66,1649204050.037789000,52.36.17.87
2587,-108,1649204050.037790000,52.36.17.87
2588,-108,1649204050.037790000,52.36.17.87
2589,-66,1649204050.037791000,52.36.17.87
2590,-66,1649204050.037791000,52.36.17.87
2591,1434,1649204050.037819000,10.11.219.6
2592,1434,1649204050.037832000,10.11.219.6
2593,1434,1649204050.037839000,10.11.219.6
2594,1434,1649204050.037841000,10.11.219.6
2595,66,1649204050.037849000,10.11.219.6
2596,66,1649204050.037861000,10.11.219.6
2597,1434,1649204050.038408000,10.11.219.6
2598,1434,1649204050.038416000,10.11.219.6
2599,1434,1649204050.038426000,10.11.219.6
2600,1434,1649204050.038429000,10.11.219.6
2601,1434,1649204050.039006000,10.11.219.6
2602,1434,1649204050.039013000,10.11.219.6
2603,1434,1649204050.039024000,10.11.219.6
2604,1434,1649204050.039027000,10.11.219.6
2605,1434,1649204050.039631000,10.11.219.6
2606,1434,1649204050.039643000,10.11.219.6
2607,-696,1649204050.045567000,54.240.252.146
2608,54,1649204050.045618000,10.11.219.6
2609,-540,1649204050.047666000,52.119.175.30
2610,54,1649204050.047718000,10.11.219.6
2611,-66,1649204050.049837000,52.36.17.87
2612,-66,1649204050.049840000,52.36.17.87
2613,1434,1649204050.049908000,10.11.219.6
2614,1434,1649204050.049938000,10.11.219.6
2615,1434,1649204050.049970000,10.11.219.6
2616,1434,1649204050.049981000,10.11.219.6
2617,1434,1649204050.050496000,10.11.219.6
2618,1434,1649204050.050516000,10.11.219.6
2619,1434,1649204050.050547000,10.11.219.6
2620,1434,1649204050.050558000,10.11.219.6
2621,1434,1649204050.050566000,10.11.219.6
2622,1434,1649204050.051440000,10.11.219.6
2623,-54,1649204050.059922000,52.46.154.242
2624,-74,1649204050.061691000,54.69.142.143
2625,66,1649204050.061717000,10.11.219.6
2626,-54,1649204050.062922000,52.46.154.242
2627,583,1649204050.063817000,10.11.219.6
2628,-6001,1649204050.067712000,52.46.154.242
2629,54,1649204050.067744000,10.11.219.6
2630,180,1649204050.075318000,10.11.219.6
2631,-696,1649204050.148854000,54.240.252.146
2632,54,1649204050.148869000,10.11.219.6
2633,-66,1649204050.152067000,52.36.17.87
2634,-66,1649204050.152068000,52.36.17.87
2635,-108,1649204050.152068000,52.36.17.87
2636,-66,1649204050.152068000,52.36.17.87
2637,-66,1649204050.152068000,52.36.17.87
2638,1434,1649204050.152089000,10.11.219.6
2639,1434,1649204050.152098000,10.11.219.6
2640,1434,1649204050.152099000,10.11.219.6
2641,1434,1649204050.152108000,10.11.219.6
2642,1434,1649204050.152109000,10.11.219.6
2643,1434,1649204050.152111000,10.11.219.6
2644,66,1649204050.152134000,10.11.219.6
2645,1434,1649204050.152723000,10.11.219.6
2646,1434,1649204050.152726000,10.11.219.6
2647,1434,1649204050.152728000,10.11.219.6
2648,1434,1649204050.152730000,10.11.219.6
2649,1434,1649204050.152737000,10.11.219.6
2650,1434,1649204050.152739000,10.11.219.6
2651,1434,1649204050.152741000,10.11.219.6
2652,1434,1649204050.152742000,10.11.219.6
2653,-66,1649204050.153942000,52.36.17.87
2654,-66,1649204050.153942000,52.36.17.87
2655,-66,1649204050.153943000,52.36.17.87
2656,1434,1649204050.153954000,10.11.219.6
2657,1434,1649204050.153958000,10.11.219.6
2658,1434,1649204050.153960000,10.11.219.6
2659,1434,1649204050.153961000,10.11.219.6
2660,1434,1649204050.153967000,10.11.219.6
2661,1434,1649204050.153969000,10.11.219.6
2662,1434,1649204050.153970000,10.11.219.6
2663,1434,1649204050.153971000,10.11.219.6
2664,1434,1649204050.154829000,10.11.219.6
2665,1434,1649204050.154833000,10.11.219.6
2666,1077,1649204050.154835000,10.11.219.6
2667,-108,1649204050.155043000,52.36.17.87
2668,66,1649204050.155069000,10.11.219.6
2669,-66,1649204050.163350000,52.36.17.87
2670,-66,1649204050.164468000,52.36.17.87
2671,-66,1649204050.165587000,52.36.17.87
2672,-66,1649204050.165587000,52.36.17.87
2673,-66,1649204050.181692000,54.69.142.143
2674,-1434,1649204050.183225000,54.69.142.143
2675,-82,1649204050.183225000,54.69.142.143
2676,-4170,1649204050.183226000,54.69.142.143
2677,66,1649204050.183234000,10.11.219.6
2678,78,1649204050.183251000,10.11.219.6
2679,66,1649204050.183260000,10.11.219.6
2680,192,1649204050.186116000,10.11.219.6
2681,-66,1649204050.206954000,52.36.17.87
2682,-105,1649204050.256112000,52.46.154.242
2683,54,1649204050.256124000,10.11.219.6
2684,1391,1649204050.256342000,10.11.219.6
2685,-66,1649204050.265839000,52.36.17.87
2686,-66,1649204050.267051000,52.36.17.87
2687,-108,1649204050.267052000,52.36.17.87
2688,-66,1649204050.267052000,52.36.17.87
2689,-66,1649204050.267052000,52.36.17.87
2690,-66,1649204050.267052000,52.36.17.87
2691,-66,1649204050.267052000,52.36.17.87
2692,-108,1649204050.267053000,52.36.17.87
2693,66,1649204050.267170000,10.11.219.6
2694,-66,1649204050.268113000,52.36.17.87
2695,-66,1649204050.268114000,52.36.17.87
2696,-66,1649204050.268114000,52.36.17.87
2697,-66,1649204050.268114000,52.36.17.87
2698,-66,1649204050.269086000,52.36.17.87
2699,-260,1649204050.279749000,52.36.17.87
2700,66,1649204050.279812000,10.11.219.6
2701,1232,1649204050.281913000,10.11.219.6
2702,183,1649204050.282655000,10.11.219.6
2703,739,1649204050.283287000,10.11.219.6
2704,184,1649204050.284084000,10.11.219.6
2705,189,1649204050.288422000,10.11.219.6
2706,-66,1649204050.293676000,151.101.229.16
2707,-850,1649204050.295984000,151.101.229.16
2708,-66,1649204050.295985000,151.101.229.16
2709,-335,1649204050.295985000,151.101.229.16
2710,-15114,1649204050.295988000,151.101.229.16
2711,-87,1649204050.296031000,151.101.229.16
2712,-1434,1649204050.296031000,151.101.229.16
2713,-2802,1649204050.296032000,151.101.229.16
2714,78,1649204050.296043000,10.11.219.6
2715,66,1649204050.296062000,10.11.219.6
2716,66,1649204050.296073000,10.11.219.6
2717,-12378,1649204050.298055000,151.101.229.16
2718,66,1649204050.298075000,10.11.219.6
2719,-87,1649204050.298161000,151.101.229.16
2720,-1434,1649204050.298162000,151.101.229.16
2721,-13746,1649204050.298166000,151.101.229.16
2722,78,1649204050.298184000,10.11.219.6
2723,66,1649204050.298203000,10.11.219.6
2724,66,1649204050.298387000,10.11.219.6
2725,-8274,1649204050.298412000,151.101.229.16
2726,66,1649204050.298460000,10.11.219.6
2727,-11010,1649204050.300646000,151.101.229.16
2728,66,1649204050.300661000,10.11.219.6
2729,-5538,1649204050.301209000,151.101.229.16
2730,66,1649204050.301223000,10.11.219.6
2731,178,1649204050.302434000,10.11.219.6
2732,-3629,1649204050.303394000,151.101.229.16
2733,-28794,1649204050.303401000,151.101.229.16
2734,-15114,1649204050.303913000,151.101.229.16
2735,-66,1649204050.303954000,151.101.229.16
2736,-8274,1649204050.303956000,151.101.229.16
2737,66,1649204050.304238000,10.11.219.6
2738,-27426,1649204050.306652000,151.101.229.16
2739,66,1649204050.306668000,10.11.219.6
2740,185,1649204050.306879000,10.11.219.6
2741,-8274,1649204050.307134000,151.101.229.16
2742,-2802,1649204050.307135000,151.101.229.16
2743,66,1649204050.307146000,10.11.219.6
2744,66,1649204050.307167000,10.11.219.6
2745,-24690,1649204050.309140000,151.101.229.16
2746,66,1649204050.309188000,10.11.219.6
2747,-13746,1649204050.309685000,151.101.229.16
2748,66,1649204050.309694000,10.11.219.6
2749,178,1649204050.311383000,10.11.219.6
2750,-2802,1649204050.311617000,151.101.229.16
2751,-23322,1649204050.311621000,151.101.229.16
2752,66,1649204050.311646000,10.11.219.6
2753,-11010,1649204050.312104000,151.101.229.16
2754,66,1649204050.312112000,10.11.219.6
2755,-9642,1649204050.314034000,151.101.229.16
2756,-15114,1649204050.314037000,151.101.229.16
2757,66,1649204050.314046000,10.11.219.6
2758,66,1649204050.314073000,10.11.219.6
2759,-5538,1649204050.314579000,151.101.229.16
2760,-8274,1649204050.314581000,151.101.229.16
2761,66,1649204050.314588000,10.11.219.6
2762,66,1649204050.314603000,10.11.219.6
2763,-24690,1649204050.316528000,151.101.229.16
2764,66,1649204050.316553000,10.11.219.6
2765,-11010,1649204050.317079000,151.101.229.16
2766,66,1649204050.317085000,10.11.219.6
2767,-66,1649204050.317099000,151.101.229.16
2768,-2802,1649204050.317100000,151.101.229.16
2769,66,1649204050.317133000,10.11.219.6
2770,-17850,1649204050.319240000,151.101.229.16
2771,-4170,1649204050.319255000,151.101.229.16
2772,66,1649204050.319272000,10.11.219.6
2773,-16482,1649204050.319852000,151.101.229.16
2774,66,1649204050.319870000,10.11.219.6
2775,-23322,1649204050.321749000,151.101.229.16
2776,-1434,1649204050.321762000,151.101.229.16
2777,66,1649204050.321790000,10.11.219.6
2778,-9391,1649204050.322251000,151.101.229.16
2779,-372,1649204050.322252000,54.69.142.143
2780,66,1649204050.322261000,10.11.219.6
2781,66,1649204050.322274000,10.11.219.6
2782,-135,1649204050.322288000,54.69.142.143
2783,-66,1649204050.322288000,151.101.229.16
2784,-2802,1649204050.322289000,151.101.229.16
2785,66,1649204050.322294000,10.11.219.6
2786,66,1649204050.322496000,10.11.219.6
2787,243,1649204050.323561000,10.11.219.6
2788,376,1649204050.323599000,10.11.219.6
2789,-1434,1649204050.323850000,151.101.229.16
2790,-717,1649204050.323852000,151.101.229.16
2791,-1434,1649204050.323852000,151.101.229.16
2792,-66,1649204050.323853000,151.101.229.16
2793,-833,1649204050.323853000,151.101.229.16
2794,78,1649204050.323874000,10.11.219.6
2795,66,1649204050.323887000,10.11.219.6
2796,104,1649204050.324143000,10.11.219.6
2797,-66,1649204050.324464000,151.101.229.16
2798,-202,1649204050.324465000,151.101.229.16
2799,-1434,1649204050.324465000,151.101.229.16
2800,78,1649204050.324481000,10.11.219.6
2801,66,1649204050.324492000,10.11.219.6
2802,1295,1649204050.331873000,10.11.219.6
2803,684,1649204050.337762000,10.11.219.6
2804,185,1649204050.338113000,10.11.219.6
2805,219,1649204050.339168000,10.11.219.6
2806,571,1649204050.340383000,10.11.219.6
2807,-8274,1649204050.345670000,151.101.229.16
2808,66,1649204050.345754000,10.11.219.6
2809,-7787,1649204050.345793000,151.101.229.16
2810,-8274,1649204050.345795000,151.101.229.16
2811,66,1649204050.345805000,10.11.219.6
2812,66,1649204050.345825000,10.11.219.6
2813,-5538,1649204050.348878000,151.101.229.16
2814,66,1649204050.348892000,10.11.219.6
2815,-1434,1649204050.349664000,151.101.229.16
2816,-87,1649204050.349665000,151.101.229.16
2817,-1434,1649204050.349665000,151.101.229.16
2818,-30162,1649204050.349670000,151.101.229.16
2819,78,1649204050.349685000,10.11.219.6
2820,66,1649204050.349696000,10.11.219.6
2821,66,1649204050.349716000,10.11.219.6
2822,-1434,1649204050.351501000,151.101.229.16
2823,-108,1649204050.351502000,151.101.229.16
2824,-1434,1649204050.351503000,151.101.229.16
2825,-5538,1649204050.351504000,151.101.229.16
2826,78,1649204050.351530000,10.11.219.6
2827,66,1649204050.351550000,10.11.219.6
2828,66,1649204050.351569000,10.11.219.6
2829,-30162,1649204050.355479000,151.101.229.16
2830,66,1649204050.355558000,10.11.219.6
2831,-2802,1649204050.355576000,151.101.229.16
2832,66,1649204050.355642000,10.11.219.6
2833,684,1649204050.356429000,10.11.219.6
2834,-5538,1649204050.357265000,151.101.229.16
2835,-30162,1649204050.357271000,151.101.229.16
2836,66,1649204050.357323000,10.11.219.6
2837,-13746,1649204050.357749000,151.101.229.16
2838,66,1649204050.357759000,10.11.219.6
2839,-8274,1649204050.357790000,151.101.229.16
2840,66,1649204050.357801000,10.11.219.6
2841,-27426,1649204050.359806000,151.101.229.16
2842,66,1649204050.359882000,10.11.219.6
2843,-8274,1649204050.360303000,151.101.229.16
2844,-2802,1649204050.360304000,151.101.229.16
2845,66,1649204050.360316000,10.11.219.6
2846,66,1649204050.360377000,10.11.219.6
2847,-27426,1649204050.362276000,151.101.229.16
2848,66,1649204050.362327000,10.11.219.6
2849,-11010,1649204050.362815000,151.101.229.16
2850,66,1649204050.362822000,10.11.219.6
2851,-2802,1649204050.364769000,151.101.229.16
2852,-20586,1649204050.364773000,151.101.229.16
2853,66,1649204050.364782000,10.11.219.6
2854,-4170,1649204050.364814000,151.101.229.16
2855,66,1649204050.364835000,10.11.219.6
2856,-11010,1649204050.365287000,151.101.229.16
2857,66,1649204050.365297000,10.11.219.6
2858,-5538,1649204050.367978000,151.101.229.16
2859,66,1649204050.367984000,10.11.219.6
2860,-3989,1649204050.368146000,151.101.229.16
2861,-66,1649204050.368146000,151.101.229.16
2862,-66,1649204050.368147000,151.101.229.16
2863,-6906,1649204050.368149000,151.101.229.16
2864,66,1649204050.368158000,10.11.219.6
2865,66,1649204050.368197000,10.11.219.6
2866,-22754,1649204050.369970000,151.101.229.16
2867,-66,1649204050.370008000,151.101.229.16
2868,-12378,1649204050.370011000,151.101.229.16
2869,66,1649204050.370059000,10.11.219.6
2870,-11010,1649204050.370459000,151.101.229.16
2871,66,1649204050.370503000,10.11.219.6
2872,-6906,1649204050.372433000,151.101.229.16
2873,-410,1649204050.372434000,151.101.229.16
2874,66,1649204050.372456000,10.11.219.6
2875,78,1649204050.372485000,10.11.219.6
2876,113,1649204050.374371000,10.11.219.6
2877,-1434,1649204050.374856000,151.101.229.16
2878,-66,1649204050.374857000,151.101.229.16
2879,-16009,1649204050.374860000,151.101.229.16
2880,66,1649204050.374886000,10.11.219.6
2881,66,1649204050.374925000,10.11.219.6
2882,-15114,1649204050.374953000,151.101.229.16
2883,-87,1649204050.374979000,151.101.229.16
2884,-1434,1649204050.374980000,151.101.229.16
2885,-1434,1649204050.374981000,151.101.229.16
2886,78,1649204050.374990000,10.11.219.6
2887,66,1649204050.375003000,10.11.219.6
2888,-6906,1649204050.377462000,151.101.229.16
2889,-523,1649204050.377464000,151.101.229.16
2890,-1434,1649204050.377464000,151.101.229.16
2891,-66,1649204050.377465000,151.101.229.16
2892,66,1649204050.377490000,10.11.219.6
2893,78,1649204050.377526000,10.11.219.6
2894,66,1649204050.377537000,10.11.219.6
2895,-16158,1649204050.377557000,151.101.229.16
2896,-5538,1649204050.377621000,151.101.229.16
2897,-1067,1649204050.377621000,151.101.229.16
2898,-1434,1649204050.377622000,151.101.229.16
2899,78,1649204050.377632000,10.11.219.6
2900,66,1649204050.377643000,10.11.219.6
2901,191,1649204050.379715000,10.11.219.6
2902,455,1649204050.381729000,10.11.219.6
2903,172,1649204050.385728000,10.11.219.6
2904,200,1649204050.386048000,10.11.219.6
2905,-66,1649204050.386254000,151.101.229.16
2906,1006,1649204050.387829000,10.11.219.6
2907,-66,1649204050.390429000,151.101.229.16
2908,-927,1649204050.391594000,151.101.229.16
2909,-66,1649204050.392913000,151.101.229.16
2910,-2802,1649204050.394696000,151.101.229.16
2911,66,1649204050.394766000,10.11.219.6
2912,-13234,1649204050.396488000,151.101.229.16
2913,-15114,1649204050.396510000,151.101.229.16
2914,-87,1649204050.396544000,151.101.229.16
2915,-1434,1649204050.396545000,151.101.229.16
2916,-8274,1649204050.396547000,151.101.229.16
2917,78,1649204050.396564000,10.11.219.6
2918,66,1649204050.396585000,10.11.219.6
2919,66,1649204050.396645000,10.11.219.6
2920,176,1649204050.398639000,10.11.219.6
2921,-21954,1649204050.398880000,151.101.229.16
2922,-1434,1649204050.399102000,151.101.229.16
2923,-108,1649204050.399103000,151.101.229.16
2924,-1434,1649204050.399104000,151.101.229.16
2925,-8274,1649204050.399106000,151.101.229.16
2926,78,1649204050.399128000,10.11.219.6
2927,66,1649204050.399147000,10.11.219.6
2928,66,1649204050.400153000,10.11.219.6
2929,-5538,1649204050.401334000,151.101.229.16
2930,66,1649204050.401347000,10.11.219.6
2931,182,1649204050.401402000,10.11.219.6
2932,-10478,1649204050.401561000,151.101.229.16
2933,-66,1649204050.401597000,151.101.229.16
2934,-13366,1649204050.401600000,151.101.229.16
2935,66,1649204050.401603000,10.11.219.6
2936,-66,1649204050.401611000,151.101.229.16
2937,-970,1649204050.401611000,151.101.229.16
2938,-66,1649204050.401611000,151.101.229.16
2939,66,1649204050.401741000,10.11.219.6
2940,-13746,1649204050.403764000,151.101.229.16
2941,66,1649204050.403780000,10.11.219.6
2942,-899,1649204050.403821000,151.101.229.16
2943,-1434,1649204050.403822000,151.101.229.16
2944,-11010,1649204050.403824000,151.101.229.16
2945,78,1649204050.403834000,10.11.219.6
2946,66,1649204050.403842000,10.11.219.6
2947,66,1649204050.404044000,10.11.219.6
2948,-4170,1649204050.404128000,151.101.229.16
2949,-87,1649204050.404129000,151.101.229.16
2950,-1434,1649204050.404129000,151.101.229.16
2951,-2802,1649204050.404130000,151.101.229.16
2952,66,1649204050.404147000,10.11.219.6
2953,78,1649204050.404186000,10.11.219.6
2954,66,1649204050.404195000,10.11.219.6
2955,66,1649204050.404788000,10.11.219.6
2956,-5538,1649204050.406063000,151.101.229.16
2957,66,1649204050.406075000,10.11.219.6
2958,-6906,1649204050.406686000,151.101.229.16
2959,-87,1649204050.406687000,151.101.229.16
2960,-1434,1649204050.406688000,151.101.229.16
2961,-15114,1649204050.406690000,151.101.229.16
2962,78,1649204050.406711000,10.11.219.6
2963,66,1649204050.406723000,10.11.219.6
2964,-87,1649204050.406734000,151.101.229.16
2965,-1434,1649204050.406734000,151.101.229.16
2966,78,1649204050.406738000,10.11.219.6
2967,66,1649204050.406743000,10.11.219.6
2968,-27426,1649204050.408643000,151.101.229.16
2969,66,1649204050.408683000,10.11.219.6
2970,950,1649204050.408972000,10.11.219.6
2971,-4170,1649204050.409182000,151.101.229.16
2972,-108,1649204050.409183000,151.101.229.16
2973,-1434,1649204050.409184000,151.101.229.16
2974,-11010,1649204050.409185000,151.101.229.16
2975,199,1649204050.409200000,10.11.219.6
2976,66,1649204050.409213000,10.11.219.6
2977,66,1649204050.409279000,10.11.219.6
2978,174,1649204050.409976000,10.11.219.6
2979,-5538,1649204050.411203000,151.101.229.16
2980,66,1649204050.411234000,10.11.219.6
2981,-27426,1649204050.411776000,151.101.229.16
2982,-5538,1649204050.411813000,151.101.229.16
2983,66,1649204050.411813000,10.11.219.6
2984,66,1649204050.411847000,10.11.219.6
2985,-27426,1649204050.413985000,151.101.229.16
2986,66,1649204050.413992000,10.11.219.6
2987,-11010,1649204050.414527000,151.101.229.16
2988,66,1649204050.414533000,10.11.219.6
2989,-5538,1649204050.416586000,151.101.229.16
2990,66,1649204050.416592000,10.11.219.6
2991,-38370,1649204050.421840000,151.101.229.16
2992,-21497,1649204050.421876000,151.101.229.16
2993,-66,1649204050.421890000,151.101.229.16
2994,-760,1649204050.421891000,151.101.229.16
2995,-66,1649204050.421891000,151.101.229.16
2996,-274,1649204050.421891000,151.101.229.16
2997,-3583,1649204050.421892000,151.101.229.16
2998,66,1649204050.421913000,10.11.219.6
2999,66,1649204050.421993000,10.11.219.6
3000,-66,1649204050.424273000,151.101.229.16
3001,-66,1649204050.424275000,151.101.229.16
3002,-16154,1649204050.424279000,151.101.229.16
3003,66,1649204050.424312000,10.11.219.6
3004,-2802,1649204050.424349000,151.101.229.16
3005,66,1649204050.424402000,10.11.219.6
3006,-12378,1649204050.424897000,151.101.229.16
3007,66,1649204050.424911000,10.11.219.6
3008,-87,1649204050.424956000,151.101.229.16
3009,-1434,1649204050.424957000,151.101.229.16
3010,-5538,1649204050.424959000,151.101.229.16
3011,78,1649204050.424972000,10.11.219.6
3012,66,1649204050.425000000,10.11.219.6
3013,66,1649204050.425027000,10.11.219.6
3014,-5538,1649204050.427506000,151.101.229.16
3015,66,1649204050.427528000,10.11.219.6
3016,-6906,1649204050.427780000,151.101.229.16
3017,-411,1649204050.427781000,151.101.229.16
3018,-1434,1649204050.427782000,151.101.229.16
3019,-14374,1649204050.427785000,151.101.229.16
3020,78,1649204050.427804000,10.11.219.6
3021,66,1649204050.427817000,10.11.219.6
3022,-66,1649204050.427829000,151.101.229.16
3023,-341,1649204050.427830000,151.101.229.16
3024,66,1649204050.427912000,10.11.219.6
3025,836,1649204050.436832000,10.11.219.6
3026,456,1649204050.437308000,10.11.219.6
3027,-2774,1649204050.440950000,52.46.154.242
3028,54,1649204050.440970000,10.11.219.6
3029,-1997,1649204050.440997000,52.46.154.242
3030,-960,1649204050.440998000,52.46.154.242
3031,-66,1649204050.440998000,54.69.142.143
3032,-104,1649204050.440998000,54.69.142.143
3033,54,1649204050.441004000,10.11.219.6
3034,54,1649204050.441009000,10.11.219.6
3035,66,1649204050.441015000,10.11.219.6
3036,-234,1649204050.441791000,54.69.142.143
3037,66,1649204050.441803000,10.11.219.6
3038,-66,1649204050.448328000,151.101.229.16
3039,-66,1649204050.448329000,151.101.229.16
3040,-1434,1649204050.448330000,151.101.229.16
3041,-2802,1649204050.450446000,151.101.229.16
3042,66,1649204050.450548000,10.11.219.6
3043,-11881,1649204050.451159000,151.101.229.16
3044,-15114,1649204050.451208000,151.101.229.16
3045,66,1649204050.451211000,10.11.219.6
3046,-87,1649204050.451233000,151.101.229.16
3047,-1434,1649204050.451234000,151.101.229.16
3048,-5538,1649204050.451236000,151.101.229.16
3049,78,1649204050.451249000,10.11.219.6
3050,66,1649204050.451266000,10.11.219.6
3051,66,1649204050.451392000,10.11.219.6
3052,-24690,1649204050.453393000,151.101.229.16
3053,66,1649204050.453443000,10.11.219.6
3054,-2802,1649204050.453819000,151.101.229.16
3055,-605,1649204050.453820000,151.101.229.16
3056,-1434,1649204050.453820000,151.101.229.16
3057,-6906,1649204050.453822000,151.101.229.16
3058,66,1649204050.453837000,10.11.219.6
3059,78,1649204050.453855000,10.11.219.6
3060,66,1649204050.453862000,10.11.219.6
3061,66,1649204050.453877000,10.11.219.6
3062,-8274,1649204050.455148000,151.101.229.16
3063,-87,1649204050.455149000,151.101.229.16
3064,-1434,1649204050.455150000,151.101.229.16
3065,66,1649204050.455166000,10.11.219.6
3066,78,1649204050.455188000,10.11.219.6
3067,66,1649204050.455194000,10.11.219.6
3068,-4170,1649204050.455205000,151.101.229.16
3069,66,1649204050.455258000,10.11.219.6
3070,-2802,1649204050.457954000,151.101.229.16
3071,66,1649204050.457969000,10.11.219.6
3072,-5538,1649204050.458592000,151.101.229.16
3073,66,1649204050.459151000,10.11.219.6
3074,-31530,1649204050.462391000,151.101.229.16
3075,-24690,1649204050.462435000,151.101.229.16
3076,-991,1649204050.462446000,151.101.229.16
3077,-1434,1649204050.462447000,151.101.229.16
3078,66,1649204050.462460000,10.11.219.6
3079,78,1649204050.462482000,10.11.219.6
3080,66,1649204050.462489000,10.11.219.6
3081,74,1649204050.463303000,10.11.219.6
3082,74,1649204050.473937000,10.11.219.6
3083,74,1649204050.475985000,10.11.219.6
3084,-74,1649204050.478313000,18.65.148.123
3085,66,1649204050.478334000,10.11.219.6
3086,583,1649204050.481118000,10.11.219.6
3087,74,1649204050.482750000,10.11.219.6
3088,-66,1649204050.484609000,18.65.148.123
3089,-5538,1649204050.486506000,18.65.148.123
3090,66,1649204050.486525000,10.11.219.6
3091,-922,1649204050.486553000,18.65.148.123
3092,66,1649204050.486563000,10.11.219.6
3093,-74,1649204050.487954000,18.65.116.37
3094,-74,1649204050.487955000,52.194.88.144
3095,66,1649204050.487983000,10.11.219.6
3096,66,1649204050.488004000,10.11.219.6
3097,583,1649204050.494991000,10.11.219.6
3098,583,1649204050.497256000,10.11.219.6
3099,130,1649204050.499821000,10.11.219.6
3100,-66,1649204050.501235000,18.65.116.37
3101,-5538,1649204050.501236000,18.65.116.37
3102,66,1649204050.501263000,10.11.219.6
3103,-592,1649204050.502008000,18.65.116.37
3104,-66,1649204050.502009000,18.65.148.123
3105,66,1649204050.502014000,10.11.219.6
3106,-128,1649204050.503040000,18.65.148.123
3107,66,1649204050.503044000,10.11.219.6
3108,-66,1649204050.507328000,52.194.88.144
3109,-1434,1649204050.509711000,52.194.88.144
3110,-487,1649204050.509712000,52.194.88.144
3111,-1434,1649204050.509713000,52.194.88.144
3112,66,1649204050.509723000,10.11.219.6
3113,78,1649204050.509738000,10.11.219.6
3114,66,1649204050.509744000,10.11.219.6
3115,236,1649204050.539084000,10.11.219.6
3116,388,1649204050.539124000,10.11.219.6
3117,-66,1649204050.541787000,18.65.148.123
3118,-66,1649204050.541788000,18.65.148.123
3119,-97,1649204050.541788000,18.65.148.123
3120,66,1649204050.541811000,10.11.219.6
3121,192,1649204050.544238000,10.11.219.6
3122,97,1649204050.545845000,10.11.219.6
3123,-66,1649204050.548241000,18.65.148.123
3124,130,1649204050.549239000,10.11.219.6
3125,236,1649204050.549811000,10.11.219.6
3126,406,1649204050.549872000,10.11.219.6
3127,-66,1649204050.552547000,18.65.116.37
3128,-128,1649204050.552547000,18.65.116.37
3129,-66,1649204050.552548000,18.65.116.37
3130,-97,1649204050.552548000,18.65.116.37
3131,-66,1649204050.552548000,18.65.116.37
3132,66,1649204050.552559000,10.11.219.6
3133,66,1649204050.552569000,10.11.219.6
3134,97,1649204050.552607000,10.11.219.6
3135,-66,1649204050.555710000,18.65.116.37
3136,-324,1649204050.556815000,52.194.88.144
3137,-135,1649204050.556816000,52.194.88.144
3138,66,1649204050.556831000,10.11.219.6
3139,66,1649204050.556847000,10.11.219.6
3140,-845,1649204050.565444000,18.65.116.37
3141,-97,1649204050.565445000,18.65.116.37
3142,66,1649204050.565461000,10.11.219.6
3143,66,1649204050.565486000,10.11.219.6
3144,-521,1649204050.575049000,18.65.148.123
3145,-97,1649204050.575049000,18.65.148.123
3146,-74,1649204050.603368000,13.33.251.223
3147,66,1649204050.603388000,10.11.219.6
3148,-97,1649204050.610895000,18.65.148.123
3149,78,1649204050.610910000,10.11.219.6
3150,243,1649204050.624455000,10.11.219.6
3151,403,1649204050.624483000,10.11.219.6
3152,104,1649204050.624950000,10.11.219.6
3153,583,1649204050.626929000,10.11.219.6
3154,510,1649204050.627113000,10.11.219.6
3155,-66,1649204050.636522000,52.194.88.144
3156,-104,1649204050.636523000,52.194.88.144
3157,66,1649204050.636550000,10.11.219.6
3158,-623,1649204050.637622000,52.194.88.144
3159,-104,1649204050.637623000,52.194.88.144
3160,66,1649204050.637645000,10.11.219.6
3161,66,1649204050.637673000,10.11.219.6
3162,74,1649204050.641450000,10.11.219.6
3163,491,1649204050.751944000,10.11.219.6
3164,436,1649204050.752221000,10.11.219.6
3165,-66,1649204050.755174000,18.65.110.227
3166,-66,1649204050.766942000,13.33.251.223
3167,-2802,1649204050.768345000,13.33.251.223
3168,-2802,1649204050.768346000,13.33.251.223
3169,66,1649204050.768361000,10.11.219.6
3170,66,1649204050.768381000,10.11.219.6
3171,-583,1649204050.770197000,13.33.251.223
3172,66,1649204050.770212000,10.11.219.6
3173,292,1649204050.771727000,10.11.219.6
3174,405,1649204050.772484000,10.11.219.6
3175,-66,1649204050.774438000,18.65.110.227
3176,130,1649204050.774986000,10.11.219.6
3177,526,1649204050.775293000,10.11.219.6
3178,285,1649204050.777192000,10.11.219.6
3179,398,1649204050.778955000,10.11.219.6
3180,285,1649204050.779256000,10.11.219.6
3181,-66,1649204050.779777000,18.65.110.227
3182,398,1649204050.779979000,10.11.219.6
3183,287,1649204050.781126000,10.11.219.6
3184,399,1649204050.781386000,10.11.219.6
3185,-66,1649204050.781993000,18.65.110.227
3186,-66,1649204050.784130000,18.65.110.227
3187,289,1649204050.790239000,10.11.219.6
3188,402,1649204050.790762000,10.11.219.6
3189,-66,1649204050.792680000,18.65.110.227
3190,282,1649204050.794312000,10.11.219.6
3191,-66,1649204050.796994000,18.65.110.227
3192,395,1649204050.797426000,10.11.219.6
3193,286,1649204050.799369000,10.11.219.6
3194,399,1649204050.800436000,10.11.219.6
3195,-66,1649204050.801523000,18.65.110.227
3196,186,1649204050.804798000,10.11.219.6
3197,181,1649204050.805344000,10.11.219.6
3198,183,1649204050.805418000,10.11.219.6
3199,280,1649204050.805648000,10.11.219.6
3200,321,1649204050.805966000,10.11.219.6
3201,175,1649204050.806336000,10.11.219.6
3202,-66,1649204050.812511000,52.46.154.242
3203,54,1649204050.812534000,10.11.219.6
3204,571,1649204050.815512000,10.11.219.6
3205,-66,1649204050.815673000,151.101.229.16
3206,-66,1649204050.817265000,151.101.229.16
3207,-2224,1649204050.817266000,151.101.229.16
3208,-66,1649204050.817267000,151.101.229.16
3209,-66,1649204050.817267000,151.101.229.16
3210,-2769,1649204050.817268000,151.101.229.16
3211,-66,1649204050.817268000,151.101.229.16
3212,-639,1649204050.817330000,52.46.154.242
3213,-359,1649204050.817331000,151.101.229.16
3214,-2802,1649204050.817332000,151.101.229.16
3215,66,1649204050.817343000,10.11.219.6
3216,54,1649204050.817356000,10.11.219.6
3217,66,1649204050.817680000,10.11.219.6
3218,-1434,1649204050.818152000,151.101.229.16
3219,-96,1649204050.818153000,151.101.229.16
3220,-1434,1649204050.818153000,151.101.229.16
3221,-66,1649204050.818154000,151.101.229.16
3222,-476,1649204050.818155000,151.101.229.16
3223,-1114,1649204050.818155000,151.101.229.16
3224,-329,1649204050.818156000,151.101.229.16
3225,78,1649204050.818175000,10.11.219.6
3226,66,1649204050.818193000,10.11.219.6
3227,66,1649204050.818453000,10.11.219.6
3228,-667,1649204050.859612000,18.65.110.227
3229,-97,1649204050.859614000,18.65.110.227
3230,66,1649204050.859633000,10.11.219.6
3231,66,1649204050.859656000,10.11.219.6
3232,-235,1649204050.868608000,52.36.17.87
3233,-104,1649204050.868609000,52.36.17.87
3234,66,1649204050.868628000,10.11.219.6
3235,66,1649204050.868648000,10.11.219.6
3236,-669,1649204050.879992000,18.65.110.227
3237,-97,1649204050.879993000,18.65.110.227
3238,66,1649204050.880008000,10.11.219.6
3239,66,1649204050.880029000,10.11.219.6
3240,-669,1649204050.884210000,18.65.110.227
3241,-97,1649204050.884211000,18.65.110.227
3242,66,1649204050.884230000,10.11.219.6
3243,66,1649204050.884247000,10.11.219.6
3244,-669,1649204050.886364000,18.65.110.227
3245,-97,1649204050.886365000,18.65.110.227
3246,66,1649204050.886380000,10.11.219.6
3247,66,1649204050.886398000,10.11.219.6
3248,-235,1649204050.888688000,52.36.17.87
3249,-104,1649204050.888688000,52.36.17.87
3250,66,1649204050.888727000,10.11.219.6
3251,66,1649204050.888744000,10.11.219.6
3252,-669,1649204050.889620000,18.65.110.227
3253,-97,1649204050.889620000,18.65.110.227
3254,66,1649204050.889633000,10.11.219.6
3255,66,1649204050.889647000,10.11.219.6
3256,-66,1649204050.893870000,52.36.17.87
3257,-236,1649204050.894947000,52.36.17.87
3258,-104,1649204050.894948000,52.36.17.87
3259,66,1649204050.894959000,10.11.219.6
3260,66,1649204050.894976000,10.11.219.6
3261,-235,1649204050.896023000,52.36.17.87
3262,-104,1649204050.896024000,52.36.17.87
3263,66,1649204050.896049000,10.11.219.6
3264,66,1649204050.896067000,10.11.219.6
3265,-236,1649204050.897095000,52.36.17.87
3266,-104,1649204050.897096000,52.36.17.87
3267,66,1649204050.897110000,10.11.219.6
3268,66,1649204050.897131000,10.11.219.6
3269,-668,1649204050.898188000,18.65.110.227
3270,-97,1649204050.898189000,18.65.110.227
3271,66,1649204050.898204000,10.11.219.6
3272,66,1649204050.898226000,10.11.219.6
3273,-670,1649204050.902477000,18.65.110.227
3274,-97,1649204050.902478000,18.65.110.227
3275,66,1649204050.902496000,10.11.219.6
3276,66,1649204050.902515000,10.11.219.6
3277,-669,1649204050.906742000,18.65.110.227
3278,-97,1649204050.906743000,18.65.110.227
3279,66,1649204050.906760000,10.11.219.6
3280,66,1649204050.906778000,10.11.219.6
3281,-235,1649204050.909941000,52.36.17.87
3282,-104,1649204050.909941000,52.36.17.87
3283,66,1649204050.909966000,10.11.219.6
3284,66,1649204050.909980000,10.11.219.6
3285,-235,1649204050.913117000,52.36.17.87
3286,-104,1649204050.913118000,52.36.17.87
3287,66,1649204050.913138000,10.11.219.6
3288,66,1649204050.913151000,10.11.219.6
3289,-66,1649204050.914164000,13.33.251.223
3290,-66,1649204050.914164000,13.33.251.223
3291,-576,1649204050.915249000,13.33.251.223
3292,66,1649204050.915257000,10.11.219.6
3293,-235,1649204050.916326000,52.36.17.87
3294,-104,1649204050.916326000,52.36.17.87
3295,66,1649204050.916340000,10.11.219.6
3296,66,1649204050.916348000,10.11.219.6
3297,74,1649204050.921380000,10.11.219.6
3298,74,1649204050.921693000,10.11.219.6
3299,74,1649204050.921798000,10.11.219.6
3300,74,1649204050.921991000,10.11.219.6
3301,74,1649204050.922080000,10.11.219.6
3302,74,1649204050.922189000,10.11.219.6
3303,74,1649204050.922828000,10.11.219.6
3304,74,1649204050.923068000,10.11.219.6
3305,74,1649204050.923245000,10.11.219.6
3306,74,1649204050.923349000,10.11.219.6
3307,-74,1649204050.924856000,69.192.133.13
3308,-74,1649204050.924857000,35.186.254.217
3309,-74,1649204050.924857000,104.93.8.214
3310,-74,1649204050.924857000,142.250.207.98
3311,66,1649204050.924875000,10.11.219.6
3312,66,1649204050.924884000,10.11.219.6
3313,66,1649204050.924887000,10.11.219.6
3314,66,1649204050.924891000,10.11.219.6
3315,-74,1649204050.925948000,69.192.133.144
3316,66,1649204050.925963000,10.11.219.6
3317,583,1649204050.927174000,10.11.219.6
3318,583,1649204050.929064000,10.11.219.6
3319,-66,1649204050.930241000,35.186.254.217
3320,583,1649204050.930945000,10.11.219.6
3321,-1434,1649204050.931688000,35.186.254.217
3322,-749,1649204050.931689000,35.186.254.217
3323,-1434,1649204050.931689000,35.186.254.217
3324,66,1649204050.931705000,10.11.219.6
3325,78,1649204050.931716000,10.11.219.6
3326,66,1649204050.931721000,10.11.219.6
3327,-66,1649204050.932362000,142.250.207.98
3328,583,1649204050.932908000,10.11.219.6
3329,-66,1649204050.934532000,104.93.8.214
3330,-74,1649204050.934533000,52.194.7.34
3331,66,1649204050.934554000,10.11.219.6
3332,-74,1649204050.935905000,18.178.22.21
3333,-2802,1649204050.935906000,104.93.8.214
3334,-1392,1649204050.935906000,104.93.8.214
3335,-74,1649204050.935907000,35.213.12.39
3336,-74,1649204050.935907000,104.244.42.195
3337,-66,1649204050.935907000,69.192.133.13
3338,66,1649204050.935934000,10.11.219.6
3339,66,1649204050.935952000,10.11.219.6
3340,66,1649204050.935958000,10.11.219.6
3341,66,1649204050.935963000,10.11.219.6
3342,66,1649204050.935970000,10.11.219.6
3343,-1434,1649204050.936872000,69.192.133.13
3344,-1426,1649204050.936873000,69.192.133.13
3345,66,1649204050.936882000,10.11.219.6
3346,78,1649204050.936892000,10.11.219.6
3347,-1434,1649204050.937833000,69.192.133.13
3348,-454,1649204050.937833000,69.192.133.13
3349,66,1649204050.937847000,10.11.219.6
3350,66,1649204050.937858000,10.11.219.6
3351,583,1649204050.937874000,10.11.219.6
3352,-66,1649204050.940951000,69.192.133.144
3353,-2802,1649204050.943314000,69.192.133.144
3354,-1159,1649204050.943315000,69.192.133.144
3355,66,1649204050.943331000,10.11.219.6
3356,66,1649204050.943350000,10.11.219.6
3357,192,1649204050.946776000,10.11.219.6
3358,583,1649204050.948926000,10.11.219.6
3359,-66,1649204050.949572000,69.192.133.13
3360,-340,1649204050.949573000,69.192.133.13
3361,66,1649204050.949598000,10.11.219.6
3362,583,1649204050.952168000,10.11.219.6
3363,583,1649204050.954273000,10.11.219.6
3364,-66,1649204050.960762000,52.194.7.34
3365,192,1649204050.961694000,10.11.219.6
3366,-5190,1649204050.963152000,52.194.7.34
3367,66,1649204050.963234000,10.11.219.6
3368,-66,1649204050.963868000,69.192.133.144
3369,-324,1649204050.964930000,69.192.133.144
3370,66,1649204050.964944000,10.11.219.6
3371,583,1649204050.964976000,10.11.219.6
3372,-66,1649204050.966809000,35.213.12.39
3373,-2802,1649204050.966811000,35.213.12.39
3374,-1426,1649204050.966811000,35.213.12.39
3375,-66,1649204050.966812000,18.178.22.21
3376,-958,1649204050.966812000,35.213.12.39
3377,66,1649204050.966839000,10.11.219.6
3378,66,1649204050.966859000,10.11.219.6
3379,66,1649204050.966867000,10.11.219.6
3380,-1309,1649204050.968575000,18.178.22.21
3381,-2802,1649204050.968576000,18.178.22.21
3382,78,1649204050.968599000,10.11.219.6
3383,66,1649204050.968619000,10.11.219.6
3384,159,1649204050.970322000,10.11.219.6
3385,-2802,1649204050.973434000,142.250.207.98
3386,-496,1649204050.973436000,142.250.207.98
3387,-1434,1649204050.973437000,142.250.207.98
3388,66,1649204050.973506000,10.11.219.6
3389,78,1649204050.973582000,10.11.219.6
3390,66,1649204050.973602000,10.11.219.6
3391,-66,1649204050.977343000,104.244.42.195
3392,192,1649204050.977876000,10.11.219.6
3393,74,1649204050.978269000,10.11.219.6
3394,-2762,1649204050.979557000,104.244.42.195
3395,-811,1649204050.979558000,104.244.42.195
3396,66,1649204050.979578000,10.11.219.6
3397,66,1649204050.979597000,10.11.219.6
3398,-54,1649204050.982761000,52.46.154.242
3399,-66,1649204050.983860000,35.213.12.39
3400,-340,1649204050.983861000,35.213.12.39
3401,66,1649204050.983884000,10.11.219.6
3402,74,1649204050.985447000,10.11.219.6
3403,-54,1649204050.985992000,52.46.154.242
3404,-5494,1649204050.987609000,52.46.154.242
3405,54,1649204050.987630000,10.11.219.6
3406,74,1649204050.988052000,10.11.219.6
3407,-561,1649204050.988614000,52.46.154.242
3408,54,1649204050.988629000,10.11.219.6
3409,-340,1649204050.989239000,52.194.7.34
3410,-135,1649204050.989240000,52.194.7.34
3411,66,1649204050.989258000,10.11.219.6
3412,66,1649204050.989271000,10.11.219.6
3413,-74,1649204050.991212000,35.227.202.26
3414,66,1649204050.991232000,10.11.219.6
3415,180,1649204050.991671000,10.11.219.6
3416,146,1649204050.994657000,10.11.219.6
3417,74,1649204050.994993000,10.11.219.6
3418,-66,1649204050.996753000,104.93.8.214
3419,-74,1649204050.996754000,52.193.37.186
3420,-353,1649204050.996754000,104.93.8.214
3421,66,1649204050.996779000,10.11.219.6
3422,66,1649204050.996793000,10.11.219.6
3423,583,1649204050.997336000,10.11.219.6
3424,-353,1649204050.997551000,104.93.8.214
3425,66,1649204050.997560000,10.11.219.6
3426,-66,1649204051.000987000,35.227.202.26
3427,-2802,1649204051.002283000,35.227.202.26
3428,66,1649204051.002291000,10.11.219.6
3429,-956,1649204051.003182000,35.227.202.26
3430,66,1649204051.003187000,10.11.219.6
3431,-70,1649204051.062040000,103.71.26.126
3432,66,1649204051.062062000,10.11.219.6
3433,530,1649204051.078585000,10.11.219.6
3434,576,1649204051.078627000,10.11.219.6
3435,74,1649204051.079739000,10.11.219.6
3436,-66,1649204051.081298000,104.93.8.214
3437,-66,1649204051.081299000,69.192.133.13
3438,583,1649204051.084563000,10.11.219.6
3439,583,1649204051.088529000,10.11.219.6
3440,-74,1649204051.093485000,35.172.207.101
3441,66,1649204051.093506000,10.11.219.6
3442,-66,1649204051.096754000,52.193.37.186
3443,-74,1649204051.097382000,8.39.36.141
3444,66,1649204051.097392000,10.11.219.6
3445,-326,1649204051.099787000,52.193.37.186
3446,-1434,1649204051.099788000,52.193.37.186
3447,78,1649204051.099804000,10.11.219.6
3448,78,1649204051.099820000,10.11.219.6
3449,-2802,1649204051.100776000,52.193.37.186
3450,66,1649204051.100781000,10.11.219.6
3451,464,1649204051.135383000,10.11.219.6
3452,-66,1649204051.138021000,69.192.133.144
3453,192,1649204051.138795000,10.11.219.6
3454,74,1649204051.139800000,10.11.219.6
3455,74,1649204051.139892000,10.11.219.6
3456,74,1649204051.139995000,10.11.219.6
3457,74,1649204051.140130000,10.11.219.6
3458,74,1649204051.140243000,10.11.219.6
3459,74,1649204051.140347000,10.11.219.6
3460,74,1649204051.140493000,10.11.219.6
3461,-74,1649204051.142326000,69.192.133.13
3462,66,1649204051.142356000,10.11.219.6
3463,-74,1649204051.143377000,35.244.159.8
3464,66,1649204051.143390000,10.11.219.6
3465,583,1649204051.145086000,10.11.219.6
3466,583,1649204051.146838000,10.11.219.6
3467,74,1649204051.149490000,10.11.219.6
3468,74,1649204051.149600000,10.11.219.6
3469,74,1649204051.149689000,10.11.219.6
3470,74,1649204051.149744000,10.11.219.6
3471,-117,1649204051.150934000,52.193.37.186
3472,66,1649204051.150948000,10.11.219.6
3473,-74,1649204051.151982000,103.231.99.80
3474,66,1649204051.151992000,10.11.219.6
3475,583,1649204051.152153000,10.11.219.6
3476,-74,1649204051.153102000,142.250.207.98
3477,66,1649204051.153137000,10.11.219.6
3478,583,1649204051.154769000,10.11.219.6
3479,-74,1649204051.156331000,18.138.31.125
3480,-66,1649204051.156331000,103.71.26.126
3481,-66,1649204051.156332000,35.244.159.8
3482,66,1649204051.156373000,10.11.219.6
3483,-1434,1649204051.157546000,35.244.159.8
3484,-641,1649204051.157547000,35.244.159.8
3485,-1434,1649204051.157548000,35.244.159.8
3486,66,1649204051.157559000,10.11.219.6
3487,78,1649204051.157570000,10.11.219.6
3488,66,1649204051.157586000,10.11.219.6
3489,-66,1649204051.158611000,69.192.133.13
3490,-1434,1649204051.158612000,103.71.26.126
3491,-615,1649204051.158612000,103.71.26.126
3492,-1434,1649204051.158613000,103.71.26.126
3493,66,1649204051.158627000,10.11.219.6
3494,78,1649204051.158637000,10.11.219.6
3495,66,1649204051.158643000,10.11.219.6
3496,583,1649204051.159455000,10.11.219.6
3497,-2802,1649204051.159781000,69.192.133.13
3498,-1426,1649204051.159782000,69.192.133.13
3499,-454,1649204051.159783000,69.192.133.13
3500,66,1649204051.159793000,10.11.219.6
3501,66,1649204051.159806000,10.11.219.6
3502,66,1649204051.159812000,10.11.219.6
3503,-74,1649204051.160576000,54.150.10.110
3504,66,1649204051.160594000,10.11.219.6
3505,583,1649204051.161318000,10.11.219.6
3506,-74,1649204051.161882000,31.13.82.36
3507,-105,1649204051.161883000,52.46.154.242
3508,-74,1649204051.161883000,52.193.171.41
3509,66,1649204051.161895000,10.11.219.6
3510,54,1649204051.161905000,10.11.219.6
3511,66,1649204051.161910000,10.11.219.6
3512,583,1649204051.163063000,10.11.219.6
3513,74,1649204051.163264000,10.11.219.6
3514,-66,1649204051.165921000,142.250.207.98
3515,192,1649204051.166723000,10.11.219.6
3516,-74,1649204051.166992000,142.250.206.226
3517,66,1649204051.167005000,10.11.219.6
3518,192,1649204051.169883000,10.11.219.6
3519,583,1649204051.171904000,10.11.219.6
3520,-66,1649204051.172465000,69.192.133.13
3521,-340,1649204051.172465000,69.192.133.13
3522,66,1649204051.172479000,10.11.219.6
3523,-66,1649204051.173355000,103.231.99.80
3524,583,1649204051.173675000,10.11.219.6
3525,583,1649204051.175359000,10.11.219.6
3526,583,1649204051.177663000,10.11.219.6
3527,-2802,1649204051.178097000,103.231.99.80
3528,-333,1649204051.178098000,103.231.99.80
3529,-1434,1649204051.178098000,103.231.99.80
3530,66,1649204051.178108000,10.11.219.6
3531,78,1649204051.178119000,10.11.219.6
3532,66,1649204051.178130000,10.11.219.6
3533,74,1649204051.178150000,10.11.219.6
3534,192,1649204051.181688000,10.11.219.6
3535,-66,1649204051.181918000,142.250.206.226
3536,-3527,1649204051.184268000,54.150.10.110
3537,66,1649204051.184280000,10.11.219.6
3538,-66,1649204051.186295000,52.193.171.41
3539,-66,1649204051.187274000,31.13.82.36
3540,192,1649204051.188511000,10.11.219.6
3541,-1434,1649204051.188556000,31.13.82.36
3542,-762,1649204051.188556000,31.13.82.36
3543,-1434,1649204051.188557000,31.13.82.36
3544,-2802,1649204051.188557000,52.193.171.41
3545,-1322,1649204051.188558000,52.193.171.41
3546,-1434,1649204051.188558000,52.193.171.41
3547,66,1649204051.188568000,10.11.219.6
3548,78,1649204051.188588000,10.11.219.6
3549,66,1649204051.188596000,10.11.219.6
3550,66,1649204051.188600000,10.11.219.6
3551,78,1649204051.188603000,10.11.219.6
3552,66,1649204051.188607000,10.11.219.6
3553,-74,1649204051.189521000,103.231.99.243
3554,-1434,1649204051.189522000,103.231.99.80
3555,66,1649204051.189537000,10.11.219.6
3556,78,1649204051.189547000,10.11.219.6
3557,192,1649204051.192431000,10.11.219.6
3558,-66,1649204051.193745000,103.231.99.80
3559,-72,1649204051.193745000,103.231.99.80
3560,-111,1649204051.193746000,103.231.99.80
3561,-122,1649204051.193746000,103.231.99.80
3562,66,1649204051.193760000,10.11.219.6
3563,66,1649204051.193774000,10.11.219.6
3564,66,1649204051.193777000,10.11.219.6
3565,583,1649204051.198456000,10.11.219.6
3566,146,1649204051.198836000,10.11.219.6
3567,-74,1649204051.199045000,119.9.108.180
3568,-117,1649204051.199046000,54.150.10.110
3569,66,1649204051.199064000,10.11.219.6
3570,66,1649204051.199082000,10.11.219.6
3571,-760,1649204051.201230000,104.93.8.214
3572,66,1649204051.201241000,10.11.219.6
3573,-789,1649204051.204683000,69.192.133.144
3574,-324,1649204051.204683000,52.193.171.41
3575,-135,1649204051.204684000,52.193.171.41
3576,66,1649204051.204692000,10.11.219.6
3577,66,1649204051.204707000,10.11.219.6
3578,66,1649204051.204711000,10.11.219.6
3579,-2802,1649204051.207017000,142.250.207.98
3580,-497,1649204051.207017000,142.250.207.98
3581,-1434,1649204051.207018000,142.250.207.98
3582,66,1649204051.207022000,10.11.219.6
3583,78,1649204051.207030000,10.11.219.6
3584,66,1649204051.207033000,10.11.219.6
3585,-66,1649204051.210161000,103.231.99.243
3586,-369,1649204051.211698000,18.178.22.21
3587,-369,1649204051.211698000,18.178.22.21
3588,-109,1649204051.211699000,18.178.22.21
3589,-2802,1649204051.211699000,103.231.99.243
3590,-333,1649204051.211699000,103.231.99.243
3591,66,1649204051.211708000,10.11.219.6
3592,66,1649204051.211716000,10.11.219.6
3593,66,1649204051.211718000,10.11.219.6
3594,66,1649204051.211722000,10.11.219.6
3595,78,1649204051.211726000,10.11.219.6
3596,-1434,1649204051.213690000,103.231.99.243
3597,66,1649204051.213740000,10.11.219.6
3598,-74,1649204051.219903000,103.43.90.54
3599,66,1649204051.219926000,10.11.219.6
3600,-1186,1649204051.221258000,69.192.133.13
3601,-2802,1649204051.221259000,142.250.206.226
3602,-494,1649204051.221259000,142.250.206.226
3603,-1434,1649204051.221260000,142.250.206.226
3604,66,1649204051.221277000,10.11.219.6
3605,66,1649204051.221293000,10.11.219.6
3606,78,1649204051.221300000,10.11.219.6
3607,66,1649204051.221306000,10.11.219.6
3608,-1434,1649204051.223151000,103.231.99.243
3609,78,1649204051.223157000,10.11.219.6
3610,-66,1649204051.233840000,18.138.31.125
3611,-66,1649204051.235004000,103.71.26.126
3612,-117,1649204051.235005000,103.71.26.126
3613,66,1649204051.235025000,10.11.219.6
3614,236,1649204051.236140000,10.11.219.6
3615,368,1649204051.236164000,10.11.219.6
3616,583,1649204051.238284000,10.11.219.6
3617,-2802,1649204051.239663000,18.138.31.125
3618,-1386,1649204051.239664000,18.138.31.125
3619,-1434,1649204051.239665000,18.138.31.125
3620,66,1649204051.239688000,10.11.219.6
3621,78,1649204051.239711000,10.11.219.6
3622,66,1649204051.239718000,10.11.219.6
3623,-66,1649204051.248016000,18.178.22.21
3624,-97,1649204051.248019000,18.178.22.21
3625,66,1649204051.248119000,10.11.219.6
3626,-550,1649204051.251114000,18.178.22.21
3627,66,1649204051.251138000,10.11.219.6
3628,192,1649204051.252241000,10.11.219.6
3629,-74,1649204051.253221000,8.39.36.141
3630,66,1649204051.253239000,10.11.219.6
3631,518,1649204051.254616000,10.11.219.6
3632,580,1649204051.254742000,10.11.219.6
3633,97,1649204051.254958000,10.11.219.6
3634,130,1649204051.256406000,10.11.219.6
3635,-66,1649204051.257723000,69.192.133.13
3636,243,1649204051.260009000,10.11.219.6
3637,353,1649204051.260040000,10.11.219.6
3638,-646,1649204051.260825000,35.186.254.217
3639,66,1649204051.260898000,10.11.219.6
3640,-66,1649204051.263998000,103.231.99.243
3641,-117,1649204051.263999000,103.231.99.243
3642,-122,1649204051.263999000,103.231.99.243
3643,66,1649204051.264019000,10.11.219.6
3644,66,1649204051.264032000,10.11.219.6
3645,192,1649204051.265344000,10.11.219.6
3646,583,1649204051.267004000,10.11.219.6
3647,-98,1649204051.268438000,8.39.36.141
3648,-1434,1649204051.268438000,8.39.36.141
3649,-1430,1649204051.268439000,8.39.36.141
3650,-716,1649204051.268439000,8.39.36.141
3651,78,1649204051.268453000,10.11.219.6
3652,66,1649204051.268465000,10.11.219.6
3653,66,1649204051.268468000,10.11.219.6
3654,66,1649204051.268471000,10.11.219.6
3655,-66,1649204051.271503000,52.194.7.34
3656,-104,1649204051.271504000,52.194.7.34
3657,-412,1649204051.271504000,52.194.7.34
3658,66,1649204051.271523000,10.11.219.6
3659,66,1649204051.271536000,10.11.219.6
3660,-1434,1649204051.298615000,119.9.108.180
3661,-307,1649204051.298616000,119.9.108.180
3662,-1434,1649204051.298616000,119.9.108.180
3663,66,1649204051.298636000,10.11.219.6
3664,78,1649204051.298653000,10.11.219.6
3665,66,1649204051.298658000,10.11.219.6
3666,185,1649204051.302245000,10.11.219.6
3667,104,1649204051.302432000,10.11.219.6
3668,74,1649204051.304021000,10.11.219.6
3669,236,1649204051.305160000,10.11.219.6
3670,403,1649204051.305185000,10.11.219.6
3671,-66,1649204051.307882000,18.178.22.21
3672,-66,1649204051.307882000,35.186.254.217
3673,-97,1649204051.307883000,35.186.254.217
3674,66,1649204051.307914000,10.11.219.6
3675,216,1649204051.308867000,10.11.219.6
3676,-676,1649204051.310061000,69.192.133.13
3677,-74,1649204051.310062000,23.22.97.176
3678,66,1649204051.310076000,10.11.219.6
3679,66,1649204051.310099000,10.11.219.6
3680,-66,1649204051.314317000,18.178.22.21
3681,583,1649204051.314650000,10.11.219.6
3682,-66,1649204051.315462000,35.172.207.101
3683,171,1649204051.315506000,10.11.219.6
3684,97,1649204051.315669000,10.11.219.6
3685,-2802,1649204051.317846000,35.172.207.101
3686,66,1649204051.317858000,10.11.219.6
3687,-1434,1649204051.317890000,35.172.207.101
3688,-166,1649204051.317890000,35.172.207.101
3689,-441,1649204051.317891000,35.186.254.217
3690,-1434,1649204051.317892000,35.172.207.101
3691,66,1649204051.317902000,10.11.219.6
3692,78,1649204051.317909000,10.11.219.6
3693,66,1649204051.317914000,10.11.219.6
3694,66,1649204051.317919000,10.11.219.6
3695,-354,1649204051.319704000,18.178.22.21
3696,66,1649204051.319712000,10.11.219.6
3697,583,1649204051.319796000,10.11.219.6
3698,-66,1649204051.320792000,35.186.254.217
3699,192,1649204051.325482000,10.11.219.6
3700,214,1649204051.325882000,10.11.219.6
3701,105,1649204051.326184000,10.11.219.6
3702,-66,1649204051.326409000,52.194.7.34
3703,130,1649204051.326750000,10.11.219.6
3704,536,1649204051.327138000,10.11.219.6
3705,74,1649204051.327300000,10.11.219.6
3706,236,1649204051.328122000,10.11.219.6
3707,430,1649204051.328136000,10.11.219.6
3708,-219,1649204051.328741000,52.194.7.34
3709,66,1649204051.328751000,10.11.219.6
3710,-66,1649204051.329799000,35.186.254.217
3711,130,1649204051.332381000,10.11.219.6
3712,236,1649204051.333090000,10.11.219.6
3713,402,1649204051.333110000,10.11.219.6
3714,-646,1649204051.335172000,35.227.202.26
3715,66,1649204051.335203000,10.11.219.6
3716,97,1649204051.335706000,10.11.219.6
3717,-66,1649204051.336295000,35.227.202.26
3718,-97,1649204051.336295000,35.227.202.26
3719,66,1649204051.336308000,10.11.219.6
3720,573,1649204051.337669000,10.11.219.6
3721,-191,1649204051.338554000,35.186.254.217
3722,-66,1649204051.338555000,104.244.42.195
3723,66,1649204051.338569000,10.11.219.6
3724,105,1649204051.338814000,10.11.219.6
3725,545,1649204051.339928000,10.11.219.6
3726,-66,1649204051.340067000,104.244.42.195
3727,-66,1649204051.340068000,104.244.42.195
3728,-593,1649204051.340068000,104.244.42.195
3729,-324,1649204051.340068000,18.138.31.125
3730,-135,1649204051.340069000,18.138.31.125
3731,66,1649204051.340088000,10.11.219.6
3732,66,1649204051.340097000,10.11.219.6
3733,66,1649204051.340100000,10.11.219.6
3734,97,1649204051.340904000,10.11.219.6
3735,74,1649204051.341896000,10.11.219.6
3736,-66,1649204051.342643000,69.192.133.13
3737,-66,1649204051.343730000,35.227.202.26
3738,130,1649204051.346528000,10.11.219.6
3739,-66,1649204051.346914000,103.43.90.54
3740,-66,1649204051.346914000,35.186.254.217
3741,-1354,1649204051.346914000,103.43.90.54
3742,66,1649204051.346944000,10.11.219.6
3743,236,1649204051.347170000,10.11.219.6
3744,412,1649204051.347212000,10.11.219.6
3745,-1354,1649204051.348178000,103.43.90.54
3746,-233,1649204051.348178000,103.43.90.54
3747,66,1649204051.348191000,10.11.219.6
3748,66,1649204051.348201000,10.11.219.6
3749,-646,1649204051.350198000,35.244.159.8
3750,-66,1649204051.350199000,35.244.159.8
3751,-97,1649204051.350199000,35.244.159.8
3752,66,1649204051.350211000,10.11.219.6
3753,66,1649204051.350221000,10.11.219.6
3754,159,1649204051.350602000,10.11.219.6
3755,550,1649204051.350811000,10.11.219.6
3756,97,1649204051.351288000,10.11.219.6
3757,-924,1649204051.352360000,52.193.37.186
3758,-66,1649204051.352361000,104.244.42.195
3759,66,1649204051.352381000,10.11.219.6
3760,-66,1649204051.358734000,35.244.159.8
3761,-654,1649204051.378082000,35.227.202.26
3762,66,1649204051.378095000,10.11.219.6
3763,-1120,1649204051.390484000,69.192.133.13
3764,66,1649204051.390497000,10.11.219.6
3765,-472,1649204051.393502000,35.244.159.8
3766,66,1649204051.393519000,10.11.219.6
3767,243,1649204051.409166000,10.11.219.6
3768,470,1649204051.409184000,10.11.219.6
3769,595,1649204051.409421000,10.11.219.6
3770,105,1649204051.410200000,10.11.219.6
3771,105,1649204051.410222000,10.11.219.6
3772,104,1649204051.410236000,10.11.219.6
3773,130,1649204051.411945000,10.11.219.6
3774,-66,1649204051.413238000,35.244.159.8
3775,-66,1649204051.413238000,35.227.202.26
3776,-674,1649204051.415374000,142.250.207.98
3777,66,1649204051.415392000,10.11.219.6
3778,-66,1649204051.417497000,103.71.26.126
3779,-766,1649204051.418669000,103.71.26.126
3780,66,1649204051.418678000,10.11.219.6
3781,-66,1649204051.420741000,103.231.99.80
3782,-104,1649204051.420742000,103.231.99.80
3783,66,1649204051.420755000,10.11.219.6
3784,-66,1649204051.421938000,103.231.99.80
3785,-705,1649204051.421939000,52.193.37.186
3786,66,1649204051.421963000,10.11.219.6
3787,-599,1649204051.424318000,103.231.99.80
3788,-104,1649204051.424319000,103.231.99.80
3789,66,1649204051.424334000,10.11.219.6
3790,66,1649204051.424351000,10.11.219.6
3791,-141,1649204051.431097000,8.39.36.141
3792,-66,1649204051.431098000,103.43.90.54
3793,-340,1649204051.431098000,103.43.90.54
3794,66,1649204051.431123000,10.11.219.6
3795,66,1649204051.431139000,10.11.219.6
3796,-98,1649204051.433035000,8.39.36.141
3797,-1434,1649204051.433036000,8.39.36.141
3798,-1430,1649204051.433036000,8.39.36.141
3799,-716,1649204051.433036000,8.39.36.141
3800,78,1649204051.433055000,10.11.219.6
3801,66,1649204051.433071000,10.11.219.6
3802,66,1649204051.433075000,10.11.219.6
3803,66,1649204051.433078000,10.11.219.6
3804,-443,1649204051.434989000,104.244.42.195
3805,66,1649204051.435010000,10.11.219.6
3806,-639,1649204051.439401000,52.46.154.242
3807,54,1649204051.439421000,10.11.219.6
3808,236,1649204051.447113000,10.11.219.6
3809,357,1649204051.447127000,10.11.219.6
3810,-66,1649204051.449966000,142.250.207.98
3811,-97,1649204051.449967000,142.250.207.98
3812,66,1649204051.449991000,10.11.219.6
3813,216,1649204051.451511000,10.11.219.6
3814,229,1649204051.452908000,10.11.219.6
3815,549,1649204051.453025000,10.11.219.6
3816,506,1649204051.455386000,10.11.219.6
3817,-66,1649204051.455414000,35.244.159.8
3818,-66,1649204051.455415000,69.192.133.13
3819,97,1649204051.455555000,10.11.219.6
3820,612,1649204051.456948000,10.11.219.6
3821,243,1649204051.457640000,10.11.219.6
3822,343,1649204051.457666000,10.11.219.6
3823,74,1649204051.458311000,10.11.219.6
3824,130,1649204051.460342000,10.11.219.6
3825,253,1649204051.461274000,10.11.219.6
3826,172,1649204051.462504000,10.11.219.6
3827,130,1649204051.463065000,10.11.219.6
3828,236,1649204051.463757000,10.11.219.6
3829,472,1649204051.463784000,10.11.219.6
3830,-674,1649204051.464027000,142.250.207.98
3831,-66,1649204051.464028000,142.250.207.98
3832,-97,1649204051.464028000,142.250.207.98
3833,66,1649204051.464045000,10.11.219.6
3834,66,1649204051.464056000,10.11.219.6
3835,90,1649204051.465222000,10.11.219.6
3836,66,1649204051.465238000,10.11.219.6
3837,-66,1649204051.466004000,142.250.207.98
3838,243,1649204051.467164000,10.11.219.6
3839,407,1649204051.467192000,10.11.219.6
3840,104,1649204051.467762000,10.11.219.6
3841,-66,1649204051.468278000,142.250.207.98
3842,66,1649204051.468291000,10.11.219.6
3843,-66,1649204051.470807000,54.150.10.110
3844,-119,1649204051.470808000,54.150.10.110
3845,-940,1649204051.470809000,54.150.10.110
3846,66,1649204051.470822000,10.11.219.6
3847,66,1649204051.470833000,10.11.219.6
3848,104,1649204051.470901000,10.11.219.6
3849,165,1649204051.473812000,10.11.219.6
3850,-66,1649204051.474377000,31.13.82.36
3851,-237,1649204051.474378000,31.13.82.36
3852,66,1649204051.474391000,10.11.219.6
3853,-146,1649204051.475281000,31.13.82.36
3854,-66,1649204051.475281000,52.46.154.242
3855,-66,1649204051.475282000,31.13.82.36
3856,-97,1649204051.475282000,31.13.82.36
3857,-66,1649204051.475282000,31.13.82.36
3858,-101,1649204051.475282000,31.13.82.36
3859,66,1649204051.475288000,10.11.219.6
3860,54,1649204051.475300000,10.11.219.6
3861,66,1649204051.475306000,10.11.219.6
3862,66,1649204051.475310000,10.11.219.6
3863,97,1649204051.475351000,10.11.219.6
3864,571,1649204051.477310000,10.11.219.6
3865,-66,1649204051.478382000,103.231.99.243
3866,-66,1649204051.478383000,103.231.99.243
3867,-104,1649204051.478383000,103.231.99.243
3868,-407,1649204051.478383000,103.231.99.243
3869,66,1649204051.478392000,10.11.219.6
3870,66,1649204051.478399000,10.11.219.6
3871,-66,1649204051.479449000,103.231.99.243
3872,221,1649204051.482125000,10.11.219.6
3873,-66,1649204051.483891000,54.150.10.110
3874,-419,1649204051.484973000,54.150.10.110
3875,66,1649204051.484988000,10.11.219.6
3876,-66,1649204051.487070000,31.13.82.36
3877,535,1649204051.490788000,10.11.219.6
3878,-66,1649204051.491437000,23.22.97.176
3879,-718,1649204051.492781000,142.250.207.98
3880,-428,1649204051.492782000,142.250.207.98
3881,-105,1649204051.492783000,142.250.207.98
3882,-1434,1649204051.492783000,23.22.97.176
3883,-886,1649204051.492784000,23.22.97.176
3884,-1434,1649204051.492784000,23.22.97.176
3885,66,1649204051.492802000,10.11.219.6
3886,66,1649204051.492818000,10.11.219.6
3887,66,1649204051.492822000,10.11.219.6
3888,66,1649204051.492826000,10.11.219.6
3889,78,1649204051.492832000,10.11.219.6
3890,66,1649204051.492837000,10.11.219.6
3891,-66,1649204051.493801000,103.231.99.243
3892,-136,1649204051.493802000,103.231.99.243
3893,66,1649204051.493824000,10.11.219.6
3894,-117,1649204051.496075000,35.172.207.101
3895,-135,1649204051.496076000,35.172.207.101
3896,66,1649204051.496093000,10.11.219.6
3897,66,1649204051.496106000,10.11.219.6
3898,192,1649204051.498853000,10.11.219.6
3899,174,1649204051.499057000,10.11.219.6
3900,105,1649204051.499473000,10.11.219.6
3901,-66,1649204051.502425000,142.250.207.98
3902,-355,1649204051.503548000,35.244.159.8
3903,66,1649204051.503560000,10.11.219.6
3904,-639,1649204051.504633000,52.46.154.242
3905,54,1649204051.504640000,10.11.219.6
3906,-315,1649204051.507489000,142.250.207.98
3907,-396,1649204051.507490000,142.250.207.98
3908,-66,1649204051.507490000,52.46.154.242
3909,-97,1649204051.507491000,142.250.207.98
3910,-105,1649204051.507491000,142.250.207.98
3911,54,1649204051.507509000,10.11.219.6
3912,-66,1649204051.512146000,52.46.154.242
3913,54,1649204051.512156000,10.11.219.6
3914,-771,1649204051.516484000,69.192.133.13
3915,66,1649204051.516489000,10.11.219.6
3916,-105,1649204051.517528000,142.250.207.98
3917,78,1649204051.517534000,10.11.219.6
3918,-66,1649204051.525074000,103.71.26.126
3919,-702,1649204051.525075000,103.71.26.126
3920,66,1649204051.525086000,10.11.219.6
3921,531,1649204051.528286000,10.11.219.6
3922,513,1649204051.529658000,10.11.219.6
3923,105,1649204051.530484000,10.11.219.6
3924,105,1649204051.531994000,10.11.219.6
3925,243,1649204051.532079000,10.11.219.6
3926,349,1649204051.532089000,10.11.219.6
3927,-66,1649204051.533581000,35.244.159.8
3928,571,1649204051.534604000,10.11.219.6
3929,571,1649204051.537163000,10.11.219.6
3930,130,1649204051.537839000,10.11.219.6
3931,130,1649204051.539581000,10.11.219.6
3932,179,1649204051.540007000,10.11.219.6
3933,104,1649204051.540133000,10.11.219.6
3934,-66,1649204051.542982000,142.250.207.98
3935,-66,1649204051.544767000,35.213.12.39
3936,-923,1649204051.544767000,35.213.12.39
3937,-674,1649204051.544768000,142.250.206.226
3938,66,1649204051.544781000,10.11.219.6
3939,66,1649204051.544792000,10.11.219.6
3940,-190,1649204051.545365000,142.250.207.98
3941,-366,1649204051.545365000,142.250.207.98
3942,-66,1649204051.545365000,52.193.171.41
3943,-97,1649204051.545366000,142.250.207.98
3944,-105,1649204051.545366000,142.250.207.98
3945,-104,1649204051.545366000,52.193.171.41
3946,66,1649204051.545370000,10.11.219.6
3947,66,1649204051.545374000,10.11.219.6
3948,66,1649204051.545380000,10.11.219.6
3949,66,1649204051.545382000,10.11.219.6
3950,66,1649204051.545385000,10.11.219.6
3951,-698,1649204051.547695000,52.193.171.41
3952,66,1649204051.547700000,10.11.219.6
3953,-66,1649204051.550963000,142.250.207.98
3954,-141,1649204051.567126000,8.39.36.141
3955,66,1649204051.567143000,10.11.219.6
3956,539,1649204051.574516000,10.11.219.6
3957,236,1649204051.575105000,10.11.219.6
3958,389,1649204051.575124000,10.11.219.6
3959,105,1649204051.576358000,10.11.219.6
3960,97,1649204051.576385000,10.11.219.6
3961,-66,1649204051.577715000,142.250.206.226
3962,-97,1649204051.577716000,142.250.206.226
3963,66,1649204051.577755000,10.11.219.6
3964,-66,1649204051.578779000,142.250.207.98
3965,487,1649204051.579485000,10.11.219.6
3966,-66,1649204051.584183000,142.250.206.226
3967,-190,1649204051.587663000,142.250.207.98
3968,-367,1649204051.587663000,142.250.207.98
3969,66,1649204051.587675000,10.11.219.6
3970,66,1649204051.587689000,10.11.219.6
3971,-97,1649204051.588754000,142.250.207.98
3972,-105,1649204051.588755000,142.250.207.98
3973,66,1649204051.588768000,10.11.219.6
3974,66,1649204051.588777000,10.11.219.6
3975,-66,1649204051.595208000,52.193.171.41
3976,-145,1649204051.596298000,119.9.108.180
3977,66,1649204051.596305000,10.11.219.6
3978,-145,1649204051.597419000,119.9.108.180
3979,66,1649204051.597426000,10.11.219.6
3980,-903,1649204051.612402000,8.39.36.141
3981,66,1649204051.612420000,10.11.219.6
3982,501,1649204051.615901000,10.11.219.6
3983,537,1649204051.617309000,10.11.219.6
3984,545,1649204051.617435000,10.11.219.6
3985,105,1649204051.617706000,10.11.219.6
3986,243,1649204051.618067000,10.11.219.6
3987,401,1649204051.618092000,10.11.219.6
3988,104,1649204051.619399000,10.11.219.6
3989,-755,1649204051.621524000,142.250.206.226
3990,-139,1649204051.621525000,142.250.206.226
3991,66,1649204051.621544000,10.11.219.6
3992,66,1649204051.621568000,10.11.219.6
3993,525,1649204051.621864000,10.11.219.6
3994,-97,1649204051.623837000,142.250.206.226
3995,-105,1649204051.623838000,142.250.206.226
3996,66,1649204051.623853000,10.11.219.6
3997,66,1649204051.623866000,10.11.219.6
3998,105,1649204051.624018000,10.11.219.6
3999,-66,1649204051.625753000,142.250.207.98
4000,-66,1649204051.626830000,142.250.206.226
4001,74,1649204051.628337000,10.11.219.6
4002,-2802,1649204051.630275000,31.13.82.36
4003,-232,1649204051.630275000,31.13.82.36
4004,-66,1649204051.630275000,52.46.154.242
4005,66,1649204051.630282000,10.11.219.6
4006,66,1649204051.630290000,10.11.219.6
4007,54,1649204051.630298000,10.11.219.6
4008,-330,1649204051.632547000,35.213.12.39
4009,-74,1649204051.632548000,172.217.25.164
4010,66,1649204051.632564000,10.11.219.6
4011,66,1649204051.632583000,10.11.219.6
4012,571,1649204051.632900000,10.11.219.6
4013,583,1649204051.635618000,10.11.219.6
4014,-710,1649204051.637798000,119.9.108.180
4015,66,1649204051.637814000,10.11.219.6
4016,-639,1649204051.638860000,52.46.154.242
4017,-66,1649204051.638861000,172.217.25.164
4018,504,1649204051.639172000,10.11.219.6
4019,-54,1649204051.646499000,52.46.154.242
4020,540,1649204051.648444000,10.11.219.6
4021,-54,1649204051.648578000,52.46.154.242
4022,-6001,1649204051.651255000,52.46.154.242
4023,54,1649204051.651262000,10.11.219.6
4024,180,1649204051.654262000,10.11.219.6
4025,-324,1649204051.669110000,23.22.97.176
4026,-135,1649204051.669111000,23.22.97.176
4027,66,1649204051.669127000,10.11.219.6
4028,66,1649204051.669146000,10.11.219.6
4029,243,1649204051.669819000,10.11.219.6
4030,339,1649204051.669840000,10.11.219.6
4031,104,1649204051.670652000,10.11.219.6
4032,243,1649204051.671837000,10.11.219.6
4033,408,1649204051.671863000,10.11.219.6
4034,104,1649204051.672606000,10.11.219.6
4035,-248,1649204051.679182000,172.217.25.164
4036,-4170,1649204051.679183000,172.217.25.164
4037,78,1649204051.679197000,10.11.219.6
4038,66,1649204051.679209000,10.11.219.6
4039,-54,1649204051.682119000,52.46.154.242
4040,-54,1649204051.687478000,52.46.154.242
4041,-66,1649204051.691831000,18.138.31.125
4042,-104,1649204051.691831000,18.138.31.125
4043,66,1649204051.691843000,10.11.219.6
4044,-994,1649204051.693992000,18.138.31.125
4045,-104,1649204051.693992000,18.138.31.125
4046,66,1649204051.693999000,10.11.219.6
4047,66,1649204051.694006000,10.11.219.6
4048,-66,1649204051.695062000,103.43.90.54
4049,-887,1649204051.695062000,8.39.36.141
4050,66,1649204051.695080000,10.11.219.6
4051,-1045,1649204051.698592000,103.43.90.54
4052,66,1649204051.698605000,10.11.219.6
4053,531,1649204051.702413000,10.11.219.6
4054,-639,1649204051.708148000,52.46.154.242
4055,-54,1649204051.708148000,52.46.154.242
4056,54,1649204051.708160000,10.11.219.6
4057,524,1649204051.708429000,10.11.219.6
4058,74,1649204051.710429000,10.11.219.6
4059,-291,1649204051.711437000,119.9.108.180
4060,-6001,1649204051.711438000,52.46.154.242
4061,66,1649204051.711449000,10.11.219.6
4062,54,1649204051.711457000,10.11.219.6
4063,-54,1649204051.715382000,52.46.154.242
4064,180,1649204051.715577000,10.11.219.6
4065,-2774,1649204051.717819000,52.46.154.242
4066,54,1649204051.717831000,10.11.219.6
4067,-3281,1649204051.717851000,52.46.154.242
4068,54,1649204051.717855000,10.11.219.6
4069,180,1649204051.721329000,10.11.219.6
4070,130,1649204051.729231000,10.11.219.6
4071,236,1649204051.729647000,10.11.219.6
4072,394,1649204051.729674000,10.11.219.6
4073,-66,1649204051.731386000,172.217.25.164
4074,-66,1649204051.732536000,172.217.25.164
4075,-66,1649204051.732536000,172.217.25.164
4076,-674,1649204051.732536000,172.217.25.164
4077,-97,1649204051.732536000,172.217.25.164
4078,66,1649204051.732547000,10.11.219.6
4079,66,1649204051.732555000,10.11.219.6
4080,97,1649204051.733004000,10.11.219.6
4081,-66,1649204051.808211000,172.217.25.164
4082,-682,1649204051.808212000,172.217.25.164
4083,-139,1649204051.808212000,172.217.25.164
4084,-97,1649204051.808212000,172.217.25.164
4085,-105,1649204051.808212000,172.217.25.164
4086,-105,1649204051.808212000,172.217.25.164
4087,-54,1649204051.808212000,52.119.175.30
4088,-54,1649204051.808213000,52.119.175.30
4089,66,1649204051.808229000,10.11.219.6
4090,66,1649204051.808240000,10.11.219.6
4091,66,1649204051.808243000,10.11.219.6
4092,66,1649204051.808245000,10.11.219.6
4093,78,1649204051.808249000,10.11.219.6
4094,-823,1649204051.808258000,103.43.90.54
4095,-54,1649204051.808258000,52.46.154.242
4096,66,1649204051.808261000,10.11.219.6
4097,105,1649204051.808711000,10.11.219.6
4098,-54,1649204051.812855000,52.46.154.242
4099,-6001,1649204051.812857000,52.46.154.242
4100,54,1649204051.812877000,10.11.219.6
4101,-639,1649204051.815583000,52.119.175.30
4102,54,1649204051.815595000,10.11.219.6
4103,180,1649204051.816134000,10.11.219.6
4104,-639,1649204051.818489000,52.119.175.30
4105,54,1649204051.818510000,10.11.219.6
4106,-66,1649204051.820938000,172.217.25.164
4107,74,1649204051.821661000,10.11.219.6
4108,-639,1649204051.822221000,52.46.154.242
4109,537,1649204051.822525000,10.11.219.6
4110,-74,1649204051.824138000,142.250.206.227
4111,66,1649204051.824158000,10.11.219.6
4112,-105,1649204051.825202000,52.46.154.242
4113,54,1649204051.825221000,10.11.219.6
4114,583,1649204051.826692000,10.11.219.6
4115,563,1649204051.827274000,10.11.219.6
4116,-66,1649204051.831087000,142.250.206.227
4117,-66,1649204051.840340000,23.22.97.176
4118,-104,1649204051.840341000,23.22.97.176
4119,66,1649204051.840367000,10.11.219.6
4120,-255,1649204051.863060000,23.22.97.176
4121,-66,1649204051.863062000,35.172.207.101
4122,-104,1649204051.863063000,35.172.207.101
4123,-492,1649204051.863064000,35.172.207.101
4124,66,1649204051.863108000,10.11.219.6
4125,66,1649204051.863153000,10.11.219.6
4126,66,1649204051.863165000,10.11.219.6
4127,-264,1649204051.869934000,142.250.206.227
4128,-4170,1649204051.869936000,142.250.206.227
4129,78,1649204051.869951000,10.11.219.6
4130,66,1649204051.869967000,10.11.219.6
4131,-639,1649204051.884642000,52.46.154.242
4132,524,1649204051.885042000,10.11.219.6
4133,-105,1649204051.885744000,52.46.154.242
4134,54,1649204051.885755000,10.11.219.6
4135,531,1649204051.886133000,10.11.219.6
4136,-105,1649204051.901715000,52.46.154.242
4137,54,1649204051.901738000,10.11.219.6
4138,551,1649204051.902150000,10.11.219.6
4139,74,1649204051.960598000,10.11.219.6
4140,-74,1649204051.976561000,3.68.182.119
4141,66,1649204051.976577000,10.11.219.6
4142,583,1649204051.978564000,10.11.219.6
4143,-105,1649204051.989399000,52.46.154.242
4144,54,1649204051.989418000,10.11.219.6
4145,543,1649204051.989814000,10.11.219.6
4146,105,1649204051.993238000,10.11.219.6
4147,105,1649204051.993417000,10.11.219.6
4148,105,1649204051.993444000,10.11.219.6
4149,105,1649204051.993466000,10.11.219.6
4150,105,1649204051.993485000,10.11.219.6
4151,105,1649204051.993502000,10.11.219.6
4152,112,1649204051.993549000,10.11.219.6
4153,112,1649204051.993570000,10.11.219.6
4154,112,1649204051.993590000,10.11.219.6
4155,112,1649204051.993637000,10.11.219.6
4156,105,1649204051.993674000,10.11.219.6
4157,112,1649204051.993692000,10.11.219.6
4158,112,1649204051.993712000,10.11.219.6
4159,112,1649204051.993745000,10.11.219.6
4160,112,1649204051.993811000,10.11.219.6
4161,105,1649204051.993844000,10.11.219.6
4162,112,1649204051.993873000,10.11.219.6
4163,105,1649204051.993901000,10.11.219.6
4164,112,1649204051.993925000,10.11.219.6
4165,112,1649204051.993944000,10.11.219.6
4166,105,1649204051.994045000,10.11.219.6
4167,105,1649204051.994159000,10.11.219.6
4168,105,1649204051.994211000,10.11.219.6
4169,105,1649204051.994233000,10.11.219.6
4170,112,1649204051.994255000,10.11.219.6
4171,105,1649204051.994277000,10.11.219.6
4172,105,1649204051.994300000,10.11.219.6
4173,119,1649204051.994504000,10.11.219.6
4174,66,1649204051.994516000,10.11.219.6
4175,97,1649204051.994587000,10.11.219.6
4176,66,1649204051.994594000,10.11.219.6
4177,90,1649204051.994655000,10.11.219.6
4178,66,1649204051.994661000,10.11.219.6
4179,97,1649204051.994824000,10.11.219.6
4180,66,1649204051.994832000,10.11.219.6
4181,97,1649204051.994890000,10.11.219.6
4182,66,1649204051.994898000,10.11.219.6
4183,97,1649204051.994958000,10.11.219.6
4184,66,1649204051.994964000,10.11.219.6
4185,119,1649204051.995037000,10.11.219.6
4186,66,1649204051.995045000,10.11.219.6
4187,97,1649204051.995099000,10.11.219.6
4188,66,1649204051.995106000,10.11.219.6
4189,97,1649204051.995187000,10.11.219.6
4190,66,1649204051.995200000,10.11.219.6
4191,97,1649204051.995270000,10.11.219.6
4192,66,1649204051.995284000,10.11.219.6
4193,90,1649204051.995552000,10.11.219.6
4194,66,1649204051.995567000,10.11.219.6
4195,90,1649204051.995698000,10.11.219.6
4196,66,1649204051.995709000,10.11.219.6
4197,107,1649204051.995842000,10.11.219.6
4198,54,1649204051.995855000,10.11.219.6
4199,-66,1649204051.995886000,172.217.25.164
4200,85,1649204051.995996000,10.11.219.6
4201,54,1649204051.996008000,10.11.219.6
4202,85,1649204051.996135000,10.11.219.6
4203,54,1649204051.996146000,10.11.219.6
4204,85,1649204051.996418000,10.11.219.6
4205,54,1649204051.996432000,10.11.219.6
4206,85,1649204051.996560000,10.11.219.6
4207,54,1649204051.996572000,10.11.219.6
4208,85,1649204051.996687000,10.11.219.6
4209,54,1649204051.996699000,10.11.219.6
4210,85,1649204051.996850000,10.11.219.6
4211,54,1649204051.996867000,10.11.219.6
4212,85,1649204051.996989000,10.11.219.6
4213,54,1649204051.997001000,10.11.219.6
4214,-66,1649204051.997043000,142.250.206.226
4215,-66,1649204051.997044000,18.65.156.177
4216,-66,1649204051.997044000,35.186.254.217
4217,-66,1649204051.997044000,18.65.110.227
4218,-66,1649204051.997045000,142.250.207.98
4219,-66,1649204051.997045000,18.65.148.123
4220,-66,1649204051.997045000,18.65.116.99
4221,-66,1649204051.997045000,18.65.116.37
4222,-66,1649204051.997085000,35.244.159.8
4223,85,1649204051.997121000,10.11.219.6
4224,54,1649204051.997132000,10.11.219.6
4225,85,1649204051.997458000,10.11.219.6
4226,54,1649204051.997472000,10.11.219.6
4227,85,1649204051.997591000,10.11.219.6
4228,54,1649204051.997602000,10.11.219.6
4229,85,1649204051.997765000,10.11.219.6
4230,54,1649204051.997780000,10.11.219.6
4231,85,1649204051.997899000,10.11.219.6
4232,54,1649204051.997908000,10.11.219.6
4233,-66,1649204051.997991000,35.227.202.26
4234,85,1649204051.998041000,10.11.219.6
4235,54,1649204051.998048000,10.11.219.6
4236,85,1649204051.998242000,10.11.219.6
4237,54,1649204051.998252000,10.11.219.6
4238,85,1649204051.998361000,10.11.219.6
4239,54,1649204051.998374000,10.11.219.6
4240,85,1649204051.998497000,10.11.219.6
4241,54,1649204051.998504000,10.11.219.6
4242,85,1649204051.998586000,10.11.219.6
4243,54,1649204051.998593000,10.11.219.6
4244,85,1649204051.998690000,10.11.219.6
4245,54,1649204051.998697000,10.11.219.6
4246,97,1649204051.998809000,10.11.219.6
4247,66,1649204051.998816000,10.11.219.6
4248,-66,1649204051.999112000,69.192.133.13
4249,-97,1649204051.999112000,69.192.133.13
4250,-66,1649204051.999113000,69.192.133.13
4251,-66,1649204051.999113000,69.192.133.13
4252,-97,1649204051.999113000,69.192.133.13
4253,-66,1649204051.999114000,104.93.8.214
4254,54,1649204051.999145000,10.11.219.6
4255,54,1649204051.999160000,10.11.219.6
4256,54,1649204051.999197000,10.11.219.6
4257,-66,1649204051.999232000,69.192.133.13
4258,-66,1649204051.999232000,69.192.133.144
4259,-97,1649204051.999233000,69.192.133.144
4260,-66,1649204051.999233000,69.192.133.144
4261,-90,1649204051.999233000,104.93.8.214
4262,-66,1649204051.999234000,104.93.8.214
4263,54,1649204051.999242000,10.11.219.6
4264,54,1649204051.999263000,10.11.219.6
4265,54,1649204051.999269000,10.11.219.6
4266,54,1649204051.999275000,10.11.219.6
4267,54,1649204051.999281000,10.11.219.6
4268,97,1649204052.000236000,10.11.219.6
4269,66,1649204052.000257000,10.11.219.6
4270,90,1649204052.000432000,10.11.219.6
4271,66,1649204052.000446000,10.11.219.6
4272,90,1649204052.000606000,10.11.219.6
4273,66,1649204052.000620000,10.11.219.6
4274,90,1649204052.000756000,10.11.219.6
4275,66,1649204052.000768000,10.11.219.6
4276,90,1649204052.001050000,10.11.219.6
4277,66,1649204052.001062000,10.11.219.6
4278,97,1649204052.001198000,10.11.219.6
4279,66,1649204052.001209000,10.11.219.6
4280,90,1649204052.001345000,10.11.219.6
4281,66,1649204052.001357000,10.11.219.6
4282,90,1649204052.001501000,10.11.219.6
4283,66,1649204052.001513000,10.11.219.6
4284,97,1649204052.001819000,10.11.219.6
4285,66,1649204052.001833000,10.11.219.6
4286,90,1649204052.001990000,10.11.219.6
4287,66,1649204052.002002000,10.11.219.6
4288,97,1649204052.002138000,10.11.219.6
4289,66,1649204052.002151000,10.11.219.6
4290,97,1649204052.002249000,10.11.219.6
4291,66,1649204052.002260000,10.11.219.6
4292,90,1649204052.002366000,10.11.219.6
4293,66,1649204052.002379000,10.11.219.6
4294,-66,1649204052.002531000,18.65.116.118
4295,66,1649204052.002566000,10.11.219.6
4296,97,1649204052.002682000,10.11.219.6
4297,66,1649204052.002696000,10.11.219.6
4298,97,1649204052.002895000,10.11.219.6
4299,66,1649204052.002912000,10.11.219.6
4300,90,1649204052.003029000,10.11.219.6
4301,66,1649204052.003041000,10.11.219.6
4302,97,1649204052.003187000,10.11.219.6
4303,66,1649204052.003200000,10.11.219.6
4304,97,1649204052.003711000,10.11.219.6
4305,66,1649204052.003735000,10.11.219.6
4306,90,1649204052.003873000,10.11.219.6
4307,66,1649204052.003885000,10.11.219.6
4308,90,1649204052.004034000,10.11.219.6
4309,66,1649204052.004047000,10.11.219.6
4310,90,1649204052.004230000,10.11.219.6
4311,66,1649204052.004242000,10.11.219.6
4312,97,1649204052.004760000,10.11.219.6
4313,66,1649204052.004781000,10.11.219.6
4314,90,1649204052.005011000,10.11.219.6
4315,66,1649204052.005025000,10.11.219.6
4316,90,1649204052.005233000,10.11.219.6
4317,66,1649204052.005245000,10.11.219.6
4318,97,1649204052.005615000,10.11.219.6
4319,66,1649204052.005631000,10.11.219.6
4320,-66,1649204052.005690000,151.101.229.16
4321,-66,1649204052.005690000,54.150.10.110
4322,-66,1649204052.005691000,151.101.229.16
4323,-639,1649204052.005691000,52.46.154.242
4324,-66,1649204052.005691000,31.13.82.36
4325,-105,1649204052.005692000,31.13.82.36
4326,-66,1649204052.005692000,31.13.82.36
4327,-66,1649204052.005692000,142.250.207.98
4328,66,1649204052.005717000,10.11.219.6
4329,54,1649204052.005735000,10.11.219.6
4330,54,1649204052.005753000,10.11.219.6
4331,54,1649204052.005769000,10.11.219.6
4332,-66,1649204052.005788000,35.186.254.217
4333,-66,1649204052.005788000,18.65.116.37
4334,-66,1649204052.005788000,142.250.207.98
4335,-66,1649204052.005789000,35.186.254.217
4336,-66,1649204052.005789000,103.231.99.243
4337,-66,1649204052.005789000,18.65.116.37
4338,-112,1649204052.005789000,103.231.99.243
4339,-66,1649204052.005790000,103.231.99.243
4340,66,1649204052.005801000,10.11.219.6
4341,66,1649204052.005813000,10.11.219.6
4342,66,1649204052.005822000,10.11.219.6
4343,54,1649204052.005837000,10.11.219.6
4344,54,1649204052.005843000,10.11.219.6
4345,90,1649204052.005862000,10.11.219.6
4346,66,1649204052.005875000,10.11.219.6
4347,97,1649204052.006057000,10.11.219.6
4348,66,1649204052.006069000,10.11.219.6
4349,85,1649204052.006909000,10.11.219.6
4350,54,1649204052.006934000,10.11.219.6
4351,-66,1649204052.007106000,52.193.171.41
4352,-66,1649204052.007110000,18.65.156.177
4353,-66,1649204052.007110000,103.231.99.80
4354,-66,1649204052.007110000,18.65.148.123
4355,-66,1649204052.007110000,142.250.206.226
4356,-66,1649204052.007111000,142.250.206.226
4357,-66,1649204052.007111000,18.65.148.123
4358,-66,1649204052.007111000,142.250.206.226
4359,66,1649204052.007153000,10.11.219.6
4360,66,1649204052.007170000,10.11.219.6
4361,-66,1649204052.007189000,18.65.156.177
4362,-66,1649204052.007190000,35.244.159.8
4363,-639,1649204052.007190000,52.46.154.242
4364,-66,1649204052.007191000,35.244.159.8
4365,-66,1649204052.007191000,35.244.159.8
4366,-90,1649204052.007191000,18.178.22.21
4367,-66,1649204052.007191000,18.178.22.21
4368,66,1649204052.007198000,10.11.219.6
4369,66,1649204052.007215000,10.11.219.6
4370,54,1649204052.007225000,10.11.219.6
4371,54,1649204052.007231000,10.11.219.6
4372,74,1649204052.007265000,10.11.219.6
4373,74,1649204052.007531000,10.11.219.6
4374,74,1649204052.007621000,10.11.219.6
4375,74,1649204052.007700000,10.11.219.6
4376,85,1649204052.007976000,10.11.219.6
4377,54,1649204052.007992000,10.11.219.6
4378,74,1649204052.008265000,10.11.219.6
4379,-66,1649204052.008329000,104.244.42.195
4380,-66,1649204052.008330000,35.227.202.26
4381,-66,1649204052.008330000,35.227.202.26
4382,-66,1649204052.008331000,172.217.25.164
4383,-66,1649204052.008331000,172.217.25.164
4384,-66,1649204052.008331000,172.217.25.164
4385,-97,1649204052.008331000,52.193.37.186
4386,-66,1649204052.008332000,52.193.37.186
4387,66,1649204052.008354000,10.11.219.6
4388,66,1649204052.008380000,10.11.219.6
4389,54,1649204052.008392000,10.11.219.6
4390,54,1649204052.008399000,10.11.219.6
4391,-66,1649204052.008407000,18.65.116.99
4392,-66,1649204052.008408000,18.65.116.99
4393,66,1649204052.008416000,10.11.219.6
4394,-66,1649204052.008902000,18.65.110.227
4395,-66,1649204052.008903000,18.65.110.227
4396,66,1649204052.008923000,10.11.219.6
4397,-66,1649204052.010196000,35.213.12.39
4398,66,1649204052.010212000,10.11.219.6
4399,-74,1649204052.011280000,18.65.110.227
4400,-66,1649204052.011281000,52.194.7.34
4401,-66,1649204052.011281000,52.194.7.34
4402,66,1649204052.011293000,10.11.219.6
4403,66,1649204052.011302000,10.11.219.6
4404,-66,1649204052.014579000,103.231.99.80
4405,-66,1649204052.014580000,103.231.99.80
4406,-66,1649204052.014580000,103.231.99.80
4407,-66,1649204052.014580000,52.194.88.144
4408,-66,1649204052.014580000,52.194.88.144
4409,-66,1649204052.014581000,52.194.88.144
4410,-66,1649204052.014581000,52.193.171.41
4411,66,1649204052.014625000,10.11.219.6
4412,66,1649204052.014636000,10.11.219.6
4413,-66,1649204052.014644000,52.193.171.41
4414,66,1649204052.014647000,10.11.219.6
4415,583,1649204052.014745000,10.11.219.6
4416,-66,1649204052.016679000,104.244.42.195
4417,-90,1649204052.016680000,104.244.42.195
4418,-66,1649204052.016680000,104.244.42.195
4419,-66,1649204052.016680000,104.244.42.195
4420,-54,1649204052.016680000,54.150.10.110
4421,-66,1649204052.016680000,151.101.229.16
4422,-66,1649204052.016681000,151.101.229.16
4423,-90,1649204052.016681000,151.101.229.16
4424,54,1649204052.016714000,10.11.219.6
4425,54,1649204052.016733000,10.11.219.6
4426,54,1649204052.016736000,10.11.219.6
4427,54,1649204052.016748000,10.11.219.6
4428,-66,1649204052.016758000,151.101.229.16
4429,-66,1649204052.016758000,151.101.229.16
4430,-90,1649204052.016758000,151.101.229.16
4431,-66,1649204052.016758000,151.101.229.16
4432,-66,1649204052.016758000,151.101.229.16
4433,54,1649204052.016762000,10.11.219.6
4434,54,1649204052.016765000,10.11.219.6
4435,54,1649204052.016768000,10.11.219.6
4436,54,1649204052.016772000,10.11.219.6
4437,54,1649204052.016774000,10.11.219.6
4438,-66,1649204052.019041000,18.65.110.227
4439,-4170,1649204052.019042000,18.65.110.227
4440,66,1649204052.019073000,10.11.219.6
4441,-1217,1649204052.019944000,18.65.110.227
4442,66,1649204052.019963000,10.11.219.6
4443,130,1649204052.027766000,10.11.219.6
4444,236,1649204052.029570000,10.11.219.6
4445,655,1649204052.029607000,10.11.219.6
4446,-66,1649204052.030565000,18.65.110.227
4447,-128,1649204052.030566000,18.65.110.227
4448,66,1649204052.030589000,10.11.219.6
4449,97,1649204052.030687000,10.11.219.6
4450,-66,1649204052.032754000,18.65.110.227
4451,-66,1649204052.032755000,18.65.110.227
4452,-97,1649204052.032756000,18.65.110.227
4453,66,1649204052.032783000,10.11.219.6
4454,-66,1649204052.033806000,18.65.110.227
4455,-90,1649204052.055256000,119.9.108.180
4456,-66,1649204052.055257000,119.9.108.180
4457,54,1649204052.055291000,10.11.219.6
4458,54,1649204052.055326000,10.11.219.6
4459,-639,1649204052.062922000,52.46.154.242
4460,-639,1649204052.062923000,52.46.154.242
4461,54,1649204052.062946000,10.11.219.6
4462,-66,1649204052.063785000,103.71.26.126
4463,-66,1649204052.063786000,103.71.26.126
4464,-66,1649204052.063786000,103.71.26.126
4465,66,1649204052.063823000,10.11.219.6
4466,85,1649204052.065694000,10.11.219.6
4467,54,1649204052.065729000,10.11.219.6
4468,85,1649204052.065865000,10.11.219.6
4469,54,1649204052.065883000,10.11.219.6
4470,74,1649204052.066257000,10.11.219.6
4471,74,1649204052.066662000,10.11.219.6
4472,74,1649204052.066757000,10.11.219.6
4473,130,1649204052.073787000,10.11.219.6
4474,236,1649204052.074334000,10.11.219.6
4475,400,1649204052.074366000,10.11.219.6
4476,-66,1649204052.075562000,103.43.90.54
4477,-66,1649204052.075563000,103.43.90.54
4478,66,1649204052.075590000,10.11.219.6
4479,-66,1649204052.076624000,142.250.206.227
4480,-66,1649204052.077781000,142.250.206.227
4481,-66,1649204052.077782000,142.250.206.227
4482,-674,1649204052.077782000,142.250.206.227
4483,-66,1649204052.077782000,18.138.31.125
4484,-66,1649204052.077783000,18.138.31.125
4485,-97,1649204052.077783000,142.250.206.227
4486,-66,1649204052.077783000,18.138.31.125
4487,66,1649204052.077813000,10.11.219.6
4488,66,1649204052.077845000,10.11.219.6
4489,66,1649204052.077853000,10.11.219.6
4490,97,1649204052.078623000,10.11.219.6
4491,-66,1649204052.087428000,142.250.206.227
4492,-639,1649204052.089522000,52.46.154.242
4493,54,1649204052.089554000,10.11.219.6
4494,85,1649204052.090473000,10.11.219.6
4495,54,1649204052.090497000,10.11.219.6
4496,-66,1649204052.109767000,8.39.36.141
4497,-66,1649204052.109768000,8.39.36.141
4498,66,1649204052.109852000,10.11.219.6
4499,-54,1649204052.114156000,52.119.169.237
4500,-54,1649204052.114158000,54.240.253.31
4501,54,1649204052.114226000,10.11.219.6
4502,54,1649204052.114297000,10.11.219.6
4503,-66,1649204052.115247000,8.39.36.141
4504,-54,1649204052.115248000,54.240.253.31
4505,-66,1649204052.115249000,8.39.36.141
4506,54,1649204052.115352000,10.11.219.6
4507,66,1649204052.115426000,10.11.219.6
4508,-54,1649204052.116295000,52.119.175.30
4509,-54,1649204052.116297000,52.119.175.30
4510,54,1649204052.116366000,10.11.219.6
4511,-54,1649204052.119511000,52.119.175.30
4512,-54,1649204052.119511000,52.119.175.30
4513,-66,1649204052.119511000,52.36.17.87
4514,-66,1649204052.119512000,52.36.17.87
4515,54,1649204052.119543000,10.11.219.6
4516,66,1649204052.119564000,10.11.219.6
4517,-66,1649204052.120608000,54.69.142.143
4518,-54,1649204052.120609000,54.240.253.31
4519,-66,1649204052.120609000,54.69.142.143
4520,-66,1649204052.120609000,54.69.142.143
4521,-54,1649204052.120609000,52.119.175.30
4522,-54,1649204052.120609000,54.240.253.31
4523,-54,1649204052.120609000,54.240.253.31
4524,-54,1649204052.120610000,52.119.175.30
4525,54,1649204052.120636000,10.11.219.6
4526,66,1649204052.120665000,10.11.219.6
4527,54,1649204052.120676000,10.11.219.6
4528,54,1649204052.120687000,10.11.219.6
4529,-54,1649204052.120709000,52.119.167.229
4530,54,1649204052.120715000,10.11.219.6
4531,-54,1649204052.121636000,54.240.252.146
4532,-54,1649204052.121637000,54.240.252.146
4533,-54,1649204052.121637000,52.119.175.30
4534,54,1649204052.121668000,10.11.219.6
4535,74,1649204052.121886000,10.11.219.6
4536,-54,1649204052.122713000,52.119.175.30
4537,-54,1649204052.122714000,54.240.253.31
4538,-54,1649204052.122715000,54.240.253.31
4539,54,1649204052.122736000,10.11.219.6
4540,54,1649204052.122773000,10.11.219.6
4541,-54,1649204052.123810000,52.119.175.30
4542,-54,1649204052.123811000,52.119.175.30
