index,size,time,ip
0,130,1649298308.322717000,10.11.219.6
1,499,1649298308.322872000,10.11.219.6
2,-66,1649298308.327016000,18.65.123.80
3,-66,1649298308.327043000,18.65.123.80
4,-610,1649298308.327047000,18.65.123.80
5,66,1649298308.327060000,10.11.219.6
6,90,1649298308.327593000,10.11.219.6
7,66,1649298308.327644000,10.11.219.6
8,-90,1649298308.328173000,18.65.123.80
9,54,1649298308.328213000,10.11.219.6
10,74,1649298308.329425000,10.11.219.6
11,-74,1649298308.334641000,18.65.123.80
12,66,1649298308.334660000,10.11.219.6
13,-66,1649298308.336436000,54.68.66.106
14,583,1649298308.336627000,10.11.219.6
15,74,1649298308.341219000,10.11.219.6
16,-66,1649298308.341739000,18.65.123.80
17,-2802,1649298308.343215000,18.65.123.80
18,66,1649298308.343229000,10.11.219.6
19,-1328,1649298308.343249000,18.65.123.80
20,66,1649298308.343254000,10.11.219.6
21,-74,1649298308.345669000,18.65.116.14
22,66,1649298308.345701000,10.11.219.6
23,282,1649298308.345977000,10.11.219.6
24,130,1649298308.348251000,10.11.219.6
25,500,1649298308.348420000,10.11.219.6
26,-66,1649298308.349776000,18.65.116.14
27,-2802,1649298308.349789000,18.65.116.14
28,66,1649298308.349799000,10.11.219.6
29,-66,1649298308.350955000,18.65.123.80
30,-1229,1649298308.350968000,18.65.116.14
31,66,1649298308.350976000,10.11.219.6
32,-66,1649298308.350993000,18.65.123.80
33,159,1649298308.352512000,10.11.219.6
34,-609,1649298308.353117000,18.65.123.80
35,66,1649298308.353126000,10.11.219.6
36,-90,1649298308.353136000,18.65.123.80
37,90,1649298308.354253000,10.11.219.6
38,66,1649298308.354277000,10.11.219.6
39,-66,1649298308.355370000,18.65.116.14
40,-237,1649298308.355380000,18.65.116.14
41,66,1649298308.355388000,10.11.219.6
42,-135,1649298308.355403000,18.65.116.14
43,66,1649298308.355407000,10.11.219.6
44,74,1649298308.356469000,10.11.219.6
45,-54,1649298308.358127000,18.65.123.80
46,243,1649298308.359113000,10.11.219.6
47,104,1649298308.359449000,10.11.219.6
48,-74,1649298308.359655000,18.65.123.80
49,66,1649298308.359673000,10.11.219.6
50,-66,1649298308.362879000,18.65.116.14
51,-104,1649298308.362895000,18.65.116.14
52,66,1649298308.362905000,10.11.219.6
53,583,1649298308.362970000,10.11.219.6
54,-66,1649298308.363947000,18.65.116.14
55,-66,1649298308.366130000,18.65.123.80
56,538,1649298308.366678000,10.11.219.6
57,-2802,1649298308.367451000,18.65.123.80
58,66,1649298308.367458000,10.11.219.6
59,-1328,1649298308.368396000,18.65.123.80
60,66,1649298308.368405000,10.11.219.6
61,-66,1649298308.369352000,18.65.116.118
62,130,1649298308.370399000,10.11.219.6
63,-1060,1649298308.370507000,18.65.116.118
64,66,1649298308.370517000,10.11.219.6
65,494,1649298308.370743000,10.11.219.6
66,561,1649298308.373298000,10.11.219.6
67,-66,1649298308.374462000,18.65.123.80
68,-66,1649298308.374477000,18.65.123.80
69,-5538,1649298308.374486000,18.65.123.80
70,66,1649298308.374495000,10.11.219.6
71,-366,1649298308.374516000,18.65.123.80
72,78,1649298308.374523000,10.11.219.6
73,-1434,1649298308.374528000,18.65.123.80
74,66,1649298308.374532000,10.11.219.6
75,-90,1649298308.374541000,18.65.123.80
76,90,1649298308.374814000,10.11.219.6
77,66,1649298308.374835000,10.11.219.6
78,-66,1649298308.375794000,18.65.116.118
79,74,1649298308.376275000,10.11.219.6
80,-83,1649298308.377538000,18.65.116.118
81,78,1649298308.377548000,10.11.219.6
82,-1434,1649298308.377555000,18.65.116.118
83,66,1649298308.377561000,10.11.219.6
84,-54,1649298308.378086000,18.65.123.80
85,-74,1649298308.378995000,18.65.123.80
86,66,1649298308.379018000,10.11.219.6
87,583,1649298308.380990000,10.11.219.6
88,-66,1649298308.385066000,18.65.123.80
89,-2802,1649298308.385075000,18.65.123.80
90,66,1649298308.385080000,10.11.219.6
91,-1328,1649298308.385999000,18.65.123.80
92,66,1649298308.386010000,10.11.219.6
93,130,1649298308.388619000,10.11.219.6
94,495,1649298308.388749000,10.11.219.6
95,-66,1649298308.391928000,18.65.123.80
96,-66,1649298308.391939000,18.65.123.80
97,-642,1649298308.392667000,18.65.123.80
98,66,1649298308.392679000,10.11.219.6
99,-90,1649298308.392699000,18.65.123.80
100,90,1649298308.392904000,10.11.219.6
101,66,1649298308.392926000,10.11.219.6
102,74,1649298308.395661000,10.11.219.6
103,-54,1649298308.395845000,18.65.123.80
104,-74,1649298308.399132000,18.65.123.80
105,66,1649298308.399159000,10.11.219.6
106,583,1649298308.402450000,10.11.219.6
107,-66,1649298308.405587000,18.65.123.80
108,-2802,1649298308.406916000,18.65.123.80
109,66,1649298308.406936000,10.11.219.6
110,-1328,1649298308.407876000,18.65.123.80
111,66,1649298308.407895000,10.11.219.6
112,130,1649298308.411908000,10.11.219.6
113,500,1649298308.412117000,10.11.219.6
114,-66,1649298308.414264000,18.65.123.80
115,-66,1649298308.418312000,18.65.123.80
116,-2802,1649298308.418327000,18.65.123.80
117,66,1649298308.418341000,10.11.219.6
118,-11010,1649298308.418453000,18.65.123.80
119,66,1649298308.418466000,10.11.219.6
120,-2792,1649298308.420517000,18.65.123.80
121,66,1649298308.420535000,10.11.219.6
122,-15114,1649298308.420560000,18.65.123.80
123,66,1649298308.420567000,10.11.219.6
124,-6906,1649298308.420602000,18.65.123.80
125,66,1649298308.420610000,10.11.219.6
126,-2802,1649298308.422917000,18.65.123.80
127,66,1649298308.422928000,10.11.219.6
128,-2802,1649298308.423136000,18.65.123.80
129,66,1649298308.423153000,10.11.219.6
130,-20586,1649298308.423166000,18.65.123.80
131,66,1649298308.423170000,10.11.219.6
132,-1434,1649298308.424428000,18.65.123.80
133,66,1649298308.424443000,10.11.219.6
134,-4170,1649298308.424468000,18.65.123.80
135,66,1649298308.424475000,10.11.219.6
136,-4314,1649298308.424484000,18.65.123.80
137,66,1649298308.424490000,10.11.219.6
138,90,1649298308.424813000,10.11.219.6
139,66,1649298308.424834000,10.11.219.6
140,-54,1649298308.427799000,18.65.123.80
141,74,1649298308.448198000,10.11.219.6
142,-74,1649298308.451356000,18.65.123.80
143,66,1649298308.451373000,10.11.219.6
144,583,1649298308.453317000,10.11.219.6
145,-66,1649298308.456701000,18.65.123.80
146,-2802,1649298308.458059000,18.65.123.80
147,66,1649298308.458082000,10.11.219.6
148,-1328,1649298308.458958000,18.65.123.80
149,66,1649298308.458982000,10.11.219.6
150,130,1649298308.462996000,10.11.219.6
151,501,1649298308.463195000,10.11.219.6
152,-66,1649298308.466487000,18.65.123.80
153,-66,1649298308.466501000,18.65.123.80
154,-675,1649298308.466507000,18.65.123.80
155,66,1649298308.466517000,10.11.219.6
156,-90,1649298308.466542000,18.65.123.80
157,90,1649298308.466833000,10.11.219.6
158,66,1649298308.466858000,10.11.219.6
159,74,1649298308.468915000,10.11.219.6
160,-54,1649298308.470730000,18.65.123.80
161,-74,1649298308.471743000,18.65.123.80
162,66,1649298308.471768000,10.11.219.6
163,583,1649298308.475267000,10.11.219.6
164,-66,1649298308.478213000,18.65.123.80
165,-2802,1649298308.479486000,18.65.123.80
166,66,1649298308.479502000,10.11.219.6
167,-1328,1649298308.480373000,18.65.123.80
168,66,1649298308.480388000,10.11.219.6
169,130,1649298308.484067000,10.11.219.6
170,508,1649298308.484253000,10.11.219.6
171,-66,1649298308.486798000,18.65.123.80
172,-66,1649298308.486812000,18.65.123.80
173,-4102,1649298308.488187000,18.65.123.80
174,66,1649298308.488202000,10.11.219.6
175,-90,1649298308.488230000,18.65.123.80
176,90,1649298308.488539000,10.11.219.6
177,66,1649298308.488561000,10.11.219.6
178,-54,1649298308.490946000,18.65.123.80
179,74,1649298308.491172000,10.11.219.6
180,-74,1649298308.495044000,18.65.123.80
181,66,1649298308.495067000,10.11.219.6
182,583,1649298308.497595000,10.11.219.6
183,-66,1649298308.501380000,18.65.123.80
184,-2802,1649298308.501387000,18.65.123.80
185,66,1649298308.501392000,10.11.219.6
186,-1328,1649298308.502608000,18.65.123.80
187,66,1649298308.502631000,10.11.219.6
188,130,1649298308.505196000,10.11.219.6
189,506,1649298308.505336000,10.11.219.6
190,-66,1649298308.507705000,18.65.123.80
191,-66,1649298308.507726000,18.65.123.80
192,-1434,1649298308.508996000,18.65.123.80
193,66,1649298308.509013000,10.11.219.6
194,-86,1649298308.509058000,18.65.123.80
195,78,1649298308.509067000,10.11.219.6
196,-1434,1649298308.509074000,18.65.123.80
197,66,1649298308.509082000,10.11.219.6
198,-90,1649298308.509090000,18.65.123.80
199,90,1649298308.509468000,10.11.219.6
200,66,1649298308.509506000,10.11.219.6
201,-54,1649298308.511993000,18.65.123.80
202,74,1649298308.513963000,10.11.219.6
203,-74,1649298308.517333000,18.65.123.80
204,66,1649298308.517348000,10.11.219.6
205,583,1649298308.519193000,10.11.219.6
206,-1172,1649298308.521793000,18.65.110.227
207,66,1649298308.521825000,10.11.219.6
208,-66,1649298308.522954000,18.65.123.80
209,-2802,1649298308.522968000,18.65.123.80
210,66,1649298308.522977000,10.11.219.6
211,-1328,1649298308.523899000,18.65.123.80
212,66,1649298308.523919000,10.11.219.6
213,-5538,1649298308.527887000,18.65.110.227
214,66,1649298308.527913000,10.11.219.6
215,-6300,1649298308.528775000,18.65.110.227
216,66,1649298308.528804000,10.11.219.6
217,130,1649298308.534167000,10.11.219.6
218,518,1649298308.534509000,10.11.219.6
219,-66,1649298308.536657000,18.65.123.80
220,-66,1649298308.537804000,18.65.123.80
221,-996,1649298308.537814000,18.65.123.80
222,66,1649298308.537824000,10.11.219.6
223,-90,1649298308.537846000,18.65.123.80
224,90,1649298308.538071000,10.11.219.6
225,66,1649298308.538088000,10.11.219.6
226,-54,1649298308.540943000,18.65.123.80
227,74,1649298308.553083000,10.11.219.6
228,-74,1649298308.557004000,18.65.123.80
229,66,1649298308.557039000,10.11.219.6
230,583,1649298308.560617000,10.11.219.6
231,-66,1649298308.563416000,18.65.123.80
232,-2802,1649298308.564723000,18.65.123.80
233,66,1649298308.564737000,10.11.219.6
234,-1328,1649298308.565899000,18.65.123.80
235,66,1649298308.565923000,10.11.219.6
236,130,1649298308.568080000,10.11.219.6
237,518,1649298308.568207000,10.11.219.6
238,-66,1649298308.570997000,18.65.123.80
239,-66,1649298308.571016000,18.65.123.80
240,-675,1649298308.571020000,18.65.123.80
241,66,1649298308.571027000,10.11.219.6
242,90,1649298308.571246000,10.11.219.6
243,66,1649298308.571265000,10.11.219.6
244,-90,1649298308.571976000,18.65.123.80
245,54,1649298308.571999000,10.11.219.6
246,74,1649298308.615778000,10.11.219.6
247,74,1649298308.618991000,10.11.219.6
248,-74,1649298308.619043000,18.65.123.80
249,66,1649298308.619061000,10.11.219.6
250,74,1649298308.619076000,10.11.219.6
251,74,1649298308.619112000,10.11.219.6
252,74,1649298308.619158000,10.11.219.6
253,74,1649298308.619198000,10.11.219.6
254,583,1649298308.621033000,10.11.219.6
255,547,1649298308.621140000,10.11.219.6
256,-74,1649298308.622290000,18.65.156.210
257,66,1649298308.622310000,10.11.219.6
258,-74,1649298308.622317000,18.65.156.210
259,66,1649298308.622322000,10.11.219.6
260,-74,1649298308.622324000,18.65.156.210
261,66,1649298308.622328000,10.11.219.6
262,-74,1649298308.622330000,18.65.156.210
263,66,1649298308.622333000,10.11.219.6
264,-74,1649298308.622337000,18.65.156.210
265,66,1649298308.622340000,10.11.219.6
266,-66,1649298308.624493000,18.65.116.118
267,-66,1649298308.624505000,18.65.123.80
268,-1069,1649298308.624512000,18.65.116.118
269,66,1649298308.624521000,10.11.219.6
270,583,1649298308.624992000,10.11.219.6
271,-2802,1649298308.625760000,18.65.123.80
272,66,1649298308.625774000,10.11.219.6
273,-1328,1649298308.626636000,18.65.123.80
274,66,1649298308.626657000,10.11.219.6
275,-66,1649298308.627656000,18.65.156.210
276,583,1649298308.628309000,10.11.219.6
277,-4170,1649298308.629269000,18.65.156.210
278,66,1649298308.629315000,10.11.219.6
279,-1177,1649298308.629962000,18.65.156.210
280,66,1649298308.629974000,10.11.219.6
281,583,1649298308.631931000,10.11.219.6
282,-66,1649298308.632262000,18.65.156.210
283,-4170,1649298308.632297000,18.65.156.210
284,66,1649298308.632312000,10.11.219.6
285,-1177,1649298308.633220000,18.65.156.210
286,66,1649298308.633244000,10.11.219.6
287,-66,1649298308.635112000,18.65.156.210
288,583,1649298308.636331000,10.11.219.6
289,-4170,1649298308.636489000,18.65.156.210
290,66,1649298308.636499000,10.11.219.6
291,-1177,1649298308.637311000,18.65.156.210
292,66,1649298308.637320000,10.11.219.6
293,583,1649298308.638240000,10.11.219.6
294,-66,1649298308.639377000,18.65.156.210
295,570,1649298308.639390000,10.11.219.6
296,-4170,1649298308.640791000,18.65.156.210
297,66,1649298308.640808000,10.11.219.6
298,-1177,1649298308.641965000,18.65.156.210
299,66,1649298308.641976000,10.11.219.6
300,-66,1649298308.641989000,18.65.156.210
301,-4170,1649298308.641995000,18.65.156.210
302,66,1649298308.641997000,10.11.219.6
303,-66,1649298308.642905000,18.65.116.118
304,-468,1649298308.642944000,18.65.116.118
305,78,1649298308.642965000,10.11.219.6
306,-1177,1649298308.643004000,18.65.156.210
307,66,1649298308.643025000,10.11.219.6
308,-1434,1649298308.643038000,18.65.116.118
309,66,1649298308.643047000,10.11.219.6
310,130,1649298308.650892000,10.11.219.6
311,130,1649298308.651611000,10.11.219.6
312,517,1649298308.652924000,10.11.219.6
313,-66,1649298308.653466000,18.65.123.80
314,130,1649298308.653510000,10.11.219.6
315,-66,1649298308.654385000,18.65.156.210
316,-128,1649298308.654390000,18.65.156.210
317,66,1649298308.654393000,10.11.219.6
318,236,1649298308.654832000,10.11.219.6
319,546,1649298308.654847000,10.11.219.6
320,130,1649298308.655344000,10.11.219.6
321,97,1649298308.655802000,10.11.219.6
322,-66,1649298308.655940000,18.65.123.80
323,-66,1649298308.655948000,18.65.156.210
324,-772,1649298308.655950000,18.65.123.80
325,66,1649298308.655955000,10.11.219.6
326,-128,1649298308.656565000,18.65.156.210
327,66,1649298308.656577000,10.11.219.6
328,-90,1649298308.656588000,18.65.123.80
329,236,1649298308.657145000,10.11.219.6
330,403,1649298308.657181000,10.11.219.6
331,253,1649298308.657220000,10.11.219.6
332,684,1649298308.658370000,10.11.219.6
333,-66,1649298308.659042000,18.65.156.210
334,-66,1649298308.659058000,18.65.156.210
335,-97,1649298308.659061000,18.65.156.210
336,90,1649298308.659067000,10.11.219.6
337,66,1649298308.659077000,10.11.219.6
338,-16472,1649298308.659092000,18.65.156.210
339,66,1649298308.659089000,10.11.219.6
340,66,1649298308.659099000,10.11.219.6
341,97,1649298308.659212000,10.11.219.6
342,130,1649298308.659492000,10.11.219.6
343,130,1649298308.659995000,10.11.219.6
344,253,1649298308.660206000,10.11.219.6
345,443,1649298308.660568000,10.11.219.6
346,253,1649298308.660632000,10.11.219.6
347,-13746,1649298308.660696000,18.65.156.210
348,66,1649298308.660706000,10.11.219.6
349,-2792,1649298308.661190000,18.65.156.210
350,66,1649298308.661214000,10.11.219.6
351,-5538,1649298308.661238000,18.65.156.210
352,66,1649298308.661246000,10.11.219.6
353,169,1649298308.661589000,10.11.219.6
354,-1434,1649298308.663187000,18.65.156.210
355,66,1649298308.663211000,10.11.219.6
356,-66,1649298308.663228000,18.65.156.210
357,-66,1649298308.663237000,18.65.156.210
358,-128,1649298308.663241000,18.65.156.210
359,66,1649298308.663246000,10.11.219.6
360,-66,1649298308.663253000,18.65.156.210
361,-66,1649298308.663261000,18.65.156.210
362,-97,1649298308.663263000,18.65.156.210
363,66,1649298308.663266000,10.11.219.6
364,-8274,1649298308.663273000,18.65.156.210
365,66,1649298308.663277000,10.11.219.6
366,90,1649298308.663401000,10.11.219.6
367,66,1649298308.663419000,10.11.219.6
368,-5538,1649298308.664068000,18.65.156.210
369,66,1649298308.664074000,10.11.219.6
370,-532,1649298308.664082000,18.65.156.210
371,78,1649298308.664087000,10.11.219.6
372,-66,1649298308.664090000,18.65.156.210
373,-66,1649298308.664098000,18.65.156.210
374,-97,1649298308.664101000,18.65.156.210
375,54,1649298308.664119000,10.11.219.6
376,-66,1649298308.664134000,18.65.156.210
377,-66,1649298308.664136000,18.65.156.210
378,-66,1649298308.664138000,18.65.156.210
379,-66,1649298308.664139000,18.65.156.210
380,-1434,1649298308.664141000,18.65.156.210
381,66,1649298308.664147000,10.11.219.6
382,-66,1649298308.665813000,18.65.156.210
383,-6834,1649298308.665824000,18.65.156.210
384,66,1649298308.665831000,10.11.219.6
385,-66,1649298308.665849000,18.65.156.210
386,-137,1649298308.665853000,18.65.156.210
387,66,1649298308.665858000,10.11.219.6
388,-137,1649298308.665891000,18.65.156.210
389,66,1649298308.665896000,10.11.219.6
390,-54,1649298308.665907000,18.65.123.80
391,-4170,1649298308.665918000,18.65.156.210
392,66,1649298308.665923000,10.11.219.6
393,90,1649298308.666128000,10.11.219.6
394,66,1649298308.666151000,10.11.219.6
395,90,1649298308.666350000,10.11.219.6
396,66,1649298308.666366000,10.11.219.6
397,-5538,1649298308.667461000,18.65.156.210
398,66,1649298308.667474000,10.11.219.6
399,-6896,1649298308.667901000,18.65.156.210
400,66,1649298308.667911000,10.11.219.6
401,-12378,1649298308.667924000,18.65.156.210
402,66,1649298308.667927000,10.11.219.6
403,-2802,1649298308.670930000,18.65.156.210
404,66,1649298308.670942000,10.11.219.6
405,-1424,1649298308.671081000,18.65.156.210
406,-12063,1649298308.671087000,18.65.156.210
407,66,1649298308.671090000,10.11.219.6
408,66,1649298308.671109000,10.11.219.6
409,-6906,1649298308.671114000,18.65.156.210
410,66,1649298308.671342000,10.11.219.6
411,-66,1649298308.672848000,18.65.156.210
412,-16482,1649298308.672861000,18.65.156.210
413,66,1649298308.672910000,10.11.219.6
414,-2802,1649298308.675297000,18.65.156.210
415,66,1649298308.675365000,10.11.219.6
416,-8274,1649298308.675482000,18.65.156.210
417,66,1649298308.675506000,10.11.219.6
418,-4170,1649298308.675658000,18.65.156.210
419,66,1649298308.675665000,10.11.219.6
420,-66,1649298308.675671000,18.65.156.210
421,-66,1649298308.675679000,18.65.156.210
422,-66,1649298308.675681000,18.65.156.210
423,66,1649298308.675699000,10.11.219.6
424,-66,1649298308.675711000,18.65.156.210
425,66,1649298308.675715000,10.11.219.6
426,-8274,1649298308.675722000,18.65.156.210
427,66,1649298308.675725000,10.11.219.6
428,-6548,1649298308.677164000,18.65.156.210
429,-6906,1649298308.677170000,18.65.156.210
430,66,1649298308.677436000,10.11.219.6
431,66,1649298308.677838000,10.11.219.6
432,-2490,1649298308.678463000,18.65.156.210
433,66,1649298308.678497000,10.11.219.6
434,-568,1649298308.678535000,18.65.156.210
435,78,1649298308.678549000,10.11.219.6
436,-1434,1649298308.678563000,18.65.156.210
437,66,1649298308.678572000,10.11.219.6
438,-4170,1649298308.678580000,18.65.156.210
439,66,1649298308.678587000,10.11.219.6
440,-234,1649298308.678594000,18.65.156.210
441,78,1649298308.678599000,10.11.219.6
442,-1434,1649298308.678629000,18.65.156.210
443,66,1649298308.678642000,10.11.219.6
444,-5538,1649298308.680609000,18.65.156.210
445,66,1649298308.680627000,10.11.219.6
446,-11010,1649298308.680720000,18.65.156.210
447,66,1649298308.680727000,10.11.219.6
448,-533,1649298308.680738000,18.65.156.210
449,78,1649298308.680744000,10.11.219.6
450,-1434,1649298308.680748000,18.65.156.210
451,66,1649298308.680754000,10.11.219.6
452,-237,1649298308.702511000,18.65.110.227
453,78,1649298308.702526000,10.11.219.6
454,-1434,1649298308.702541000,18.65.110.227
455,66,1649298308.702550000,10.11.219.6
456,-2592,1649298308.702557000,18.65.110.227
457,66,1649298308.702561000,10.11.219.6
458,-1434,1649298308.702565000,18.65.110.227
459,66,1649298308.702569000,10.11.219.6
460,-1101,1649298308.702604000,18.65.110.227
461,66,1649298308.702610000,10.11.219.6
462,-568,1649298308.702618000,18.65.110.227
463,78,1649298308.702624000,10.11.219.6
464,-1434,1649298308.702628000,18.65.110.227
465,66,1649298308.702633000,10.11.219.6
466,-1434,1649298308.702636000,18.65.110.227
467,66,1649298308.702640000,10.11.219.6
468,-439,1649298308.703392000,18.65.110.227
469,78,1649298308.703401000,10.11.219.6
470,-1434,1649298308.703408000,18.65.110.227
471,66,1649298308.703416000,10.11.219.6
472,-2109,1649298308.703418000,18.65.110.227
473,66,1649298308.703420000,10.11.219.6
474,-2802,1649298308.706814000,18.65.110.227
475,66,1649298308.706836000,10.11.219.6
476,-4170,1649298308.706893000,18.65.110.227
477,66,1649298308.706898000,10.11.219.6
478,-884,1649298308.706903000,18.65.110.227
479,78,1649298308.706907000,10.11.219.6
480,-1434,1649298308.706911000,18.65.110.227
481,66,1649298308.706914000,10.11.219.6
482,-5538,1649298308.800439000,18.65.110.227
483,66,1649298308.800451000,10.11.219.6
484,-11000,1649298308.800504000,18.65.110.227
485,66,1649298308.800511000,10.11.219.6
486,-90,1649298308.800519000,18.65.110.227
487,66,1649298308.800581000,10.11.219.6
488,-12378,1649298308.802456000,18.65.110.227
489,66,1649298308.802463000,10.11.219.6
490,-68,1649298308.802478000,18.65.110.227
491,78,1649298308.802484000,10.11.219.6
492,-1434,1649298308.802489000,18.65.110.227
493,66,1649298308.802494000,10.11.219.6
494,-5538,1649298308.805643000,18.65.110.227
495,66,1649298308.805656000,10.11.219.6
496,-11000,1649298308.805726000,18.65.110.227
497,66,1649298308.805733000,10.11.219.6
498,-341,1649298308.805747000,18.65.110.227
499,78,1649298308.805752000,10.11.219.6
500,-1434,1649298308.805756000,18.65.110.227
501,66,1649298308.805760000,10.11.219.6
502,-8274,1649298308.898894000,18.65.110.227
503,66,1649298308.898969000,10.11.219.6
504,-8264,1649298308.899011000,18.65.110.227
505,66,1649298308.899018000,10.11.219.6
506,-100,1649298308.899026000,18.65.110.227
507,-8274,1649298308.899029000,18.65.110.227
508,66,1649298308.899033000,10.11.219.6
509,-1128,1649298308.900397000,18.65.110.227
510,78,1649298308.900412000,10.11.219.6
511,-1434,1649298308.900422000,18.65.110.227
512,66,1649298308.900429000,10.11.219.6
513,-8274,1649298308.900439000,18.65.110.227
514,66,1649298308.900445000,10.11.219.6
515,-5324,1649298308.902374000,18.65.110.227
516,66,1649298308.902381000,10.11.219.6
517,-6906,1649298308.902393000,18.65.110.227
518,66,1649298308.902398000,10.11.219.6
519,-884,1649298308.902421000,18.65.110.227
520,78,1649298308.902425000,10.11.219.6
521,-1434,1649298308.902430000,18.65.110.227
522,66,1649298308.902433000,10.11.219.6
523,-2802,1649298308.902437000,18.65.110.227
524,66,1649298308.902440000,10.11.219.6
525,-13736,1649298308.904357000,18.65.110.227
526,66,1649298308.904369000,10.11.219.6
527,-100,1649298308.904390000,18.65.110.227
528,-3820,1649298308.904419000,18.65.110.227
529,66,1649298308.904426000,10.11.219.6
530,74,1649298308.913261000,10.11.219.6
531,211,1649298308.946585000,10.11.219.6
532,198,1649298308.947039000,10.11.219.6
533,-66,1649298308.948850000,18.65.156.210
534,-66,1649298308.950675000,18.65.156.210
535,-5538,1649298308.950681000,18.65.156.210
536,66,1649298308.950692000,10.11.219.6
537,-4170,1649298308.950718000,18.65.156.210
538,66,1649298308.950721000,10.11.219.6
539,-374,1649298308.950724000,18.65.156.210
540,78,1649298308.950726000,10.11.219.6
541,-1434,1649298308.951795000,18.65.156.210
542,66,1649298308.951805000,10.11.219.6
543,-2802,1649298308.951812000,18.65.156.210
544,66,1649298308.951814000,10.11.219.6
545,-844,1649298308.951815000,18.65.156.210
546,78,1649298308.951817000,10.11.219.6
547,-1434,1649298308.951819000,18.65.156.210
548,66,1649298308.951820000,10.11.219.6
549,169,1649298308.971626000,10.11.219.6
550,-5538,1649298308.975758000,18.65.156.210
551,66,1649298308.975783000,10.11.219.6
552,-2689,1649298308.975830000,18.65.156.210
553,66,1649298308.975839000,10.11.219.6
554,-97,1649298308.975848000,18.65.156.210
555,74,1649298308.976745000,10.11.219.6
556,-74,1649298308.979389000,18.65.156.210
557,66,1649298308.979416000,10.11.219.6
558,200,1649298308.979525000,10.11.219.6
559,583,1649298308.981275000,10.11.219.6
560,-2802,1649298308.984461000,18.65.156.210
561,66,1649298308.984488000,10.11.219.6
562,-13736,1649298308.984608000,18.65.156.210
563,66,1649298308.984615000,10.11.219.6
564,-8274,1649298308.984635000,18.65.156.210
565,66,1649298308.984650000,10.11.219.6
566,-2802,1649298308.986893000,18.65.156.210
567,66,1649298308.986907000,10.11.219.6
568,-5528,1649298308.987051000,18.65.156.210
569,66,1649298308.987055000,10.11.219.6
570,-16482,1649298308.987062000,18.65.156.210
571,66,1649298308.987065000,10.11.219.6
572,-1030,1649298308.988885000,18.65.156.210
573,78,1649298308.988904000,10.11.219.6
574,-66,1649298308.988917000,18.65.156.210
575,-4170,1649298308.988924000,18.65.156.210
576,66,1649298308.988932000,10.11.219.6
577,-1177,1649298308.988937000,18.65.156.210
578,66,1649298308.988941000,10.11.219.6
579,-1434,1649298308.988944000,18.65.156.210
580,66,1649298308.988947000,10.11.219.6
581,130,1649298308.993766000,10.11.219.6
582,253,1649298308.994037000,10.11.219.6
583,-66,1649298308.995999000,18.65.156.210
584,-128,1649298308.996009000,18.65.156.210
585,66,1649298308.996015000,10.11.219.6
586,90,1649298308.996125000,10.11.219.6
587,66,1649298308.996144000,10.11.219.6
588,-66,1649298308.999231000,18.65.156.210
589,-97,1649298308.999242000,18.65.156.210
590,54,1649298308.999257000,10.11.219.6
591,-66,1649298308.999276000,18.65.156.210
592,54,1649298308.999282000,10.11.219.6
593,-66,1649298308.999285000,18.65.156.210
594,54,1649298308.999287000,10.11.219.6
595,-74,1649298309.039919000,34.213.237.248
596,66,1649298309.039966000,10.11.219.6
597,583,1649298309.043555000,10.11.219.6
598,-1432,1649298309.050571000,18.65.110.227
599,66,1649298309.050590000,10.11.219.6
600,-2172,1649298309.050608000,18.65.110.227
601,66,1649298309.050611000,10.11.219.6
602,-9491,1649298309.050616000,18.65.110.227
603,66,1649298309.050619000,10.11.219.6
604,-8274,1649298309.050649000,18.65.110.227
605,66,1649298309.050653000,10.11.219.6
606,-2802,1649298309.050678000,18.65.110.227
607,66,1649298309.050682000,10.11.219.6
608,-5528,1649298309.051400000,18.65.110.227
609,66,1649298309.051407000,10.11.219.6
610,-1428,1649298309.051414000,18.65.110.227
611,66,1649298309.051416000,10.11.219.6
612,-5538,1649298309.053787000,18.65.110.227
613,66,1649298309.053804000,10.11.219.6
614,-4027,1649298309.053848000,18.65.110.227
615,66,1649298309.053853000,10.11.219.6
616,156,1649298309.057499000,10.11.219.6
617,156,1649298309.057822000,10.11.219.6
618,-66,1649298309.059982000,18.65.156.210
619,-2287,1649298309.061413000,18.65.156.210
620,66,1649298309.061436000,10.11.219.6
621,-97,1649298309.061463000,18.65.156.210
622,-170,1649298309.061469000,18.65.156.210
623,78,1649298309.061474000,10.11.219.6
624,-1434,1649298309.061480000,18.65.156.210
625,66,1649298309.061484000,10.11.219.6
626,-97,1649298309.061488000,18.65.156.210
627,-680,1649298309.063264000,18.65.110.227
628,66,1649298309.063290000,10.11.219.6
629,193,1649298309.065888000,10.11.219.6
630,-66,1649298309.069586000,18.65.156.210
631,-5538,1649298309.069601000,18.65.156.210
632,66,1649298309.069619000,10.11.219.6
633,-6906,1649298309.069668000,18.65.156.210
634,66,1649298309.069680000,10.11.219.6
635,-918,1649298309.070923000,18.65.156.210
636,78,1649298309.070941000,10.11.219.6
637,-1434,1649298309.070951000,18.65.156.210
638,66,1649298309.070964000,10.11.219.6
639,156,1649298309.085805000,10.11.219.6
640,152,1649298309.085983000,10.11.219.6
641,-474,1649298309.086841000,18.65.110.227
642,66,1649298309.086851000,10.11.219.6
643,-1434,1649298309.089161000,18.65.156.210
644,66,1649298309.089178000,10.11.219.6
645,-113,1649298309.089196000,18.65.156.210
646,78,1649298309.089201000,10.11.219.6
647,-1434,1649298309.089204000,18.65.156.210
648,66,1649298309.089208000,10.11.219.6
649,-402,1649298309.090170000,18.65.156.210
650,78,1649298309.090191000,10.11.219.6
651,-97,1649298309.090208000,18.65.156.210
652,78,1649298309.090212000,10.11.219.6
653,-1434,1649298309.090218000,18.65.156.210
654,66,1649298309.090227000,10.11.219.6
655,155,1649298309.095162000,10.11.219.6
656,155,1649298309.098103000,10.11.219.6
657,-8758,1649298309.099605000,18.65.156.210
658,66,1649298309.099694000,10.11.219.6
659,-16472,1649298309.102498000,18.65.156.210
660,66,1649298309.102525000,10.11.219.6
661,-4170,1649298309.102563000,18.65.156.210
662,66,1649298309.102574000,10.11.219.6
663,-367,1649298309.103322000,18.65.156.210
664,78,1649298309.103336000,10.11.219.6
665,-1434,1649298309.103350000,18.65.156.210
666,66,1649298309.103357000,10.11.219.6
667,-66,1649298309.168734000,34.213.237.248
668,-2802,1649298309.172459000,34.213.237.248
669,66,1649298309.172479000,10.11.219.6
670,-2775,1649298309.172637000,34.213.237.248
671,66,1649298309.172646000,10.11.219.6
672,192,1649298309.179647000,10.11.219.6
673,-680,1649298309.267357000,18.65.110.227
674,66,1649298309.267372000,10.11.219.6
675,-759,1649298309.267389000,18.65.110.227
676,66,1649298309.267393000,10.11.219.6
677,-11010,1649298309.271053000,18.65.110.227
678,66,1649298309.271066000,10.11.219.6
679,-533,1649298309.271089000,18.65.110.227
680,78,1649298309.271097000,10.11.219.6
681,-1434,1649298309.271103000,18.65.110.227
682,66,1649298309.271107000,10.11.219.6
683,-5538,1649298309.281464000,18.65.110.227
684,66,1649298309.281482000,10.11.219.6
685,-1434,1649298309.281521000,18.65.110.227
686,-884,1649298309.281524000,18.65.110.227
687,78,1649298309.281530000,10.11.219.6
688,-1434,1649298309.281535000,18.65.110.227
689,66,1649298309.281539000,10.11.219.6
690,-5538,1649298309.283858000,18.65.110.227
691,66,1649298309.283907000,10.11.219.6
692,-1434,1649298309.283907000,18.65.110.227
693,-890,1649298309.283910000,18.65.110.227
694,-1434,1649298309.283911000,18.65.110.227
695,-5538,1649298309.283913000,18.65.110.227
696,78,1649298309.283925000,10.11.219.6
697,66,1649298309.283931000,10.11.219.6
698,66,1649298309.283943000,10.11.219.6
699,-2802,1649298309.286080000,18.65.110.227
700,66,1649298309.286100000,10.11.219.6
701,-8264,1649298309.286156000,18.65.110.227
702,-90,1649298309.286160000,18.65.110.227
703,-345,1649298309.286161000,18.65.110.227
704,-1434,1649298309.286170000,18.65.110.227
705,66,1649298309.286179000,10.11.219.6
706,78,1649298309.286192000,10.11.219.6
707,66,1649298309.286198000,10.11.219.6
708,157,1649298309.295672000,10.11.219.6
709,246,1649298309.296013000,10.11.219.6
710,156,1649298309.296162000,10.11.219.6
711,157,1649298309.296412000,10.11.219.6
712,156,1649298309.297042000,10.11.219.6
713,-66,1649298309.298443000,18.65.156.210
714,-66,1649298309.299436000,18.65.156.210
715,198,1649298309.299462000,10.11.219.6
716,74,1649298309.299522000,10.11.219.6
717,155,1649298309.300162000,10.11.219.6
718,189,1649298309.300415000,10.11.219.6
719,-2568,1649298309.301173000,18.65.156.210
720,66,1649298309.301190000,10.11.219.6
721,-97,1649298309.301202000,18.65.156.210
722,-673,1649298309.301212000,18.65.156.210
723,78,1649298309.301215000,10.11.219.6
724,-1434,1649298309.301216000,18.65.156.210
725,66,1649298309.301219000,10.11.219.6
726,-97,1649298309.301221000,18.65.156.210
727,-919,1649298309.302016000,18.65.156.210
728,-97,1649298309.302020000,18.65.156.210
729,-112,1649298309.302021000,18.65.156.210
730,78,1649298309.302025000,10.11.219.6
731,-1434,1649298309.302031000,18.65.156.210
732,66,1649298309.302035000,10.11.219.6
733,-97,1649298309.302051000,18.65.156.210
734,-658,1649298309.302053000,18.65.156.210
735,-97,1649298309.302055000,18.65.156.210
736,-674,1649298309.302057000,18.65.156.210
737,-97,1649298309.302058000,18.65.156.210
738,66,1649298309.302578000,10.11.219.6
739,-699,1649298309.303239000,18.65.156.210
740,-74,1649298309.303259000,18.65.156.210
741,66,1649298309.303284000,10.11.219.6
742,-979,1649298309.303298000,18.65.156.210
743,66,1649298309.303306000,10.11.219.6
744,-2559,1649298309.304228000,18.65.156.210
745,66,1649298309.304252000,10.11.219.6
746,-324,1649298309.305366000,34.213.237.248
747,66,1649298309.305374000,10.11.219.6
748,-135,1649298309.305382000,34.213.237.248
749,66,1649298309.305384000,10.11.219.6
750,583,1649298309.309636000,10.11.219.6
751,-66,1649298309.312784000,18.65.156.210
752,-4170,1649298309.314249000,18.65.156.210
753,66,1649298309.314270000,10.11.219.6
754,-1177,1649298309.315050000,18.65.156.210
755,66,1649298309.315072000,10.11.219.6
756,155,1649298309.347267000,10.11.219.6
757,243,1649298309.348051000,10.11.219.6
758,506,1649298309.348072000,10.11.219.6
759,104,1649298309.348909000,10.11.219.6
760,130,1649298309.351051000,10.11.219.6
761,-2802,1649298309.351152000,18.65.156.210
762,66,1649298309.351167000,10.11.219.6
763,253,1649298309.351343000,10.11.219.6
764,-13736,1649298309.351560000,18.65.156.210
765,66,1649298309.351569000,10.11.219.6
766,-519,1649298309.351580000,18.65.156.210
767,-66,1649298309.354577000,18.65.156.210
768,-66,1649298309.354586000,18.65.156.210
769,-137,1649298309.354589000,18.65.156.210
770,66,1649298309.354595000,10.11.219.6
771,90,1649298309.354720000,10.11.219.6
772,66,1649298309.354739000,10.11.219.6
773,-66,1649298309.357771000,18.65.156.210
774,-66,1649298309.357784000,18.65.156.210
775,66,1649298309.357794000,10.11.219.6
776,-2802,1649298309.367492000,18.65.110.227
777,66,1649298309.367509000,10.11.219.6
778,-8274,1649298309.367566000,18.65.110.227
779,-500,1649298309.367571000,18.65.110.227
780,-1434,1649298309.367572000,18.65.110.227
781,-687,1649298309.367575000,18.65.110.227
782,66,1649298309.367582000,10.11.219.6
783,78,1649298309.367594000,10.11.219.6
784,66,1649298309.367599000,10.11.219.6
785,66,1649298309.367665000,10.11.219.6
786,66,1649298309.393423000,10.11.219.6
787,190,1649298309.406424000,10.11.219.6
788,623,1649298309.406905000,10.11.219.6
789,-884,1649298309.411963000,18.65.156.210
790,66,1649298309.411992000,10.11.219.6
791,-1434,1649298309.412013000,18.65.156.210
792,66,1649298309.412021000,10.11.219.6
793,-15104,1649298309.412130000,18.65.156.210
794,66,1649298309.412137000,10.11.219.6
795,-6906,1649298309.412156000,18.65.156.210
796,66,1649298309.412159000,10.11.219.6
797,-5538,1649298309.414313000,18.65.156.210
798,66,1649298309.414344000,10.11.219.6
799,-4160,1649298309.414532000,18.65.156.210
800,66,1649298309.414542000,10.11.219.6
801,-16482,1649298309.414565000,18.65.156.210
802,66,1649298309.414572000,10.11.219.6
803,207,1649298309.414589000,10.11.219.6
804,1180,1649298309.415306000,10.11.219.6
805,-4170,1649298309.416506000,18.65.156.210
806,66,1649298309.416521000,10.11.219.6
807,-9642,1649298309.417142000,18.65.156.210
808,66,1649298309.417163000,10.11.219.6
809,-12378,1649298309.417185000,18.65.156.210
810,66,1649298309.417196000,10.11.219.6
811,405,1649298309.417454000,10.11.219.6
812,-11010,1649298309.418733000,18.65.156.210
813,66,1649298309.418744000,10.11.219.6
814,294,1649298309.418968000,10.11.219.6
815,174,1649298309.419273000,10.11.219.6
816,-2802,1649298309.421356000,18.65.156.210
817,279,1649298309.421356000,10.11.219.6
818,66,1649298309.421384000,10.11.219.6
819,-4170,1649298309.421537000,18.65.156.210
820,66,1649298309.421547000,10.11.219.6
821,-17850,1649298309.421563000,18.65.156.210
822,66,1649298309.421567000,10.11.219.6
823,181,1649298309.421858000,10.11.219.6
824,296,1649298309.422423000,10.11.219.6
825,-2802,1649298309.424114000,18.65.156.210
826,66,1649298309.424130000,10.11.219.6
827,-9642,1649298309.424219000,18.65.156.210
828,66,1649298309.424225000,10.11.219.6
829,-2802,1649298309.424235000,18.65.156.210
830,66,1649298309.424244000,10.11.219.6
831,-724,1649298309.424254000,18.65.156.210
832,78,1649298309.424261000,10.11.219.6
833,-1434,1649298309.424266000,18.65.156.210
834,66,1649298309.424270000,10.11.219.6
835,-66,1649298309.426819000,18.65.156.210
836,-2802,1649298309.426835000,18.65.156.210
837,66,1649298309.426846000,10.11.219.6
838,-13736,1649298309.426985000,18.65.156.210
839,66,1649298309.426991000,10.11.219.6
840,-8274,1649298309.427018000,18.65.156.210
841,66,1649298309.427024000,10.11.219.6
842,-5538,1649298309.429139000,18.65.156.210
843,66,1649298309.429161000,10.11.219.6
844,-746,1649298309.429183000,18.65.156.210
845,78,1649298309.429191000,10.11.219.6
846,-1434,1649298309.429343000,18.65.156.210
847,66,1649298309.429350000,10.11.219.6
848,-327,1649298309.429357000,18.65.156.210
849,78,1649298309.429366000,10.11.219.6
850,-1434,1649298309.429369000,18.65.156.210
851,66,1649298309.429373000,10.11.219.6
852,-1434,1649298309.429376000,18.65.156.210
853,-566,1649298309.429379000,18.65.156.210
854,78,1649298309.429384000,10.11.219.6
855,-1434,1649298309.429388000,18.65.156.210
856,66,1649298309.429392000,10.11.219.6
857,-3411,1649298309.429411000,18.65.156.210
858,66,1649298309.429415000,10.11.219.6
859,-456,1649298309.429445000,18.65.156.210
860,78,1649298309.429449000,10.11.219.6
861,-1434,1649298309.429454000,18.65.156.210
862,66,1649298309.429457000,10.11.219.6
863,-8274,1649298309.429462000,18.65.156.210
864,66,1649298309.429464000,10.11.219.6
865,-841,1649298309.432025000,18.65.156.210
866,78,1649298309.432047000,10.11.219.6
867,-1434,1649298309.432079000,18.65.156.210
868,66,1649298309.432091000,10.11.219.6
869,-2802,1649298309.432099000,18.65.156.210
870,66,1649298309.432103000,10.11.219.6
871,-13736,1649298309.432175000,18.65.156.210
872,66,1649298309.432185000,10.11.219.6
873,-5538,1649298309.432204000,18.65.156.210
874,66,1649298309.432208000,10.11.219.6
875,-2802,1649298309.434437000,18.65.156.210
876,66,1649298309.434462000,10.11.219.6
877,-8264,1649298309.434604000,18.65.156.210
878,66,1649298309.434616000,10.11.219.6
879,-13746,1649298309.434623000,18.65.156.210
880,66,1649298309.434626000,10.11.219.6
881,-1434,1649298309.436827000,18.65.156.210
882,-66,1649298309.436843000,18.65.156.210
883,-1434,1649298309.436855000,18.65.156.210
884,66,1649298309.436866000,10.11.219.6
885,-5538,1649298309.437011000,18.65.156.210
886,66,1649298309.437022000,10.11.219.6
887,-66,1649298309.437033000,18.65.156.210
888,-16482,1649298309.437043000,18.65.156.210
889,66,1649298309.437049000,10.11.219.6
890,-2802,1649298309.439003000,18.65.156.210
891,66,1649298309.439018000,10.11.219.6
892,-11010,1649298309.439159000,18.65.156.210
893,66,1649298309.439166000,10.11.219.6
894,-11010,1649298309.439235000,18.65.156.210
895,66,1649298309.439242000,10.11.219.6
896,-2802,1649298309.441654000,18.65.156.210
897,66,1649298309.441677000,10.11.219.6
898,-2802,1649298309.441815000,18.65.156.210
899,66,1649298309.441822000,10.11.219.6
900,-11010,1649298309.441833000,18.65.156.210
901,66,1649298309.441837000,10.11.219.6
902,-8274,1649298309.441869000,18.65.156.210
903,66,1649298309.441876000,10.11.219.6
904,-2802,1649298309.443815000,18.65.156.210
905,66,1649298309.443835000,10.11.219.6
906,-19218,1649298309.443999000,18.65.156.210
907,-2802,1649298309.444014000,18.65.156.210
908,66,1649298309.444033000,10.11.219.6
909,-2802,1649298309.446796000,18.65.156.210
910,66,1649298309.446815000,10.11.219.6
911,-20586,1649298309.446977000,18.65.156.210
912,-1434,1649298309.446987000,18.65.156.210
913,66,1649298309.447015000,10.11.219.6
914,-2802,1649298309.449207000,18.65.156.210
915,-4170,1649298309.449391000,18.65.156.210
916,-17850,1649298309.449408000,18.65.156.210
917,66,1649298309.449472000,10.11.219.6
918,-2802,1649298309.451610000,18.65.156.210
919,66,1649298309.451628000,10.11.219.6
920,-9642,1649298309.451797000,18.65.156.210
921,-12378,1649298309.451807000,18.65.156.210
922,66,1649298309.451833000,10.11.219.6
923,-2802,1649298309.454114000,18.65.156.210
924,66,1649298309.454145000,10.11.219.6
925,-15114,1649298309.454280000,18.65.156.210
926,-4170,1649298309.454309000,18.65.156.210
927,66,1649298309.454311000,10.11.219.6
928,-2802,1649298309.454312000,18.65.156.210
929,66,1649298309.454444000,10.11.219.6
930,-5538,1649298309.456963000,18.65.156.210
931,66,1649298309.456981000,10.11.219.6
932,-5538,1649298309.457103000,18.65.156.210
933,-13746,1649298309.457110000,18.65.156.210
934,66,1649298309.457123000,10.11.219.6
935,-11010,1649298309.458064000,18.65.156.210
936,66,1649298309.458077000,10.11.219.6
937,-5538,1649298309.460730000,18.65.156.210
938,66,1649298309.460778000,10.11.219.6
939,-19218,1649298309.460941000,18.65.156.210
940,66,1649298309.461302000,10.11.219.6
941,-1434,1649298309.462589000,18.65.156.210
942,-4170,1649298309.462657000,18.65.156.210
943,66,1649298309.462701000,10.11.219.6
944,-20586,1649298309.463160000,18.65.156.210
945,-5538,1649298309.465478000,18.65.156.210
946,-2802,1649298309.465751000,18.65.156.210
947,-16482,1649298309.465793000,18.65.156.210
948,-6906,1649298309.467912000,18.65.156.210
949,-8274,1649298309.467968000,18.65.156.210
950,-11010,1649298309.468066000,18.65.156.210
951,66,1649298309.468365000,10.11.219.6
952,-5538,1649298309.469265000,18.65.156.210
953,66,1649298309.469276000,10.11.219.6
954,-16482,1649298309.469847000,18.65.156.210
955,66,1649298309.469856000,10.11.219.6
956,-2802,1649298309.469887000,18.65.156.210
957,66,1649298309.469902000,10.11.219.6
958,-6856,1649298309.471233000,18.65.156.210
959,66,1649298309.471251000,10.11.219.6
960,-66,1649298309.472682000,34.213.237.248
961,-104,1649298309.474038000,34.213.237.248
962,66,1649298309.474063000,10.11.219.6
963,-236,1649298309.474102000,34.213.237.248
964,66,1649298309.474114000,10.11.219.6
965,-104,1649298309.474118000,34.213.237.248
966,66,1649298309.474121000,10.11.219.6
967,194,1649298309.681680000,10.11.219.6
968,181,1649298309.682852000,10.11.219.6
969,-2802,1649298309.687337000,18.65.156.210
970,66,1649298309.687365000,10.11.219.6
971,-13736,1649298309.687483000,18.65.156.210
972,66,1649298309.687491000,10.11.219.6
973,-8274,1649298309.687526000,18.65.156.210
974,66,1649298309.687530000,10.11.219.6
975,-8264,1649298309.688727000,18.65.156.210
976,66,1649298309.688741000,10.11.219.6
977,-2802,1649298309.688760000,18.65.156.210
978,66,1649298309.688763000,10.11.219.6
979,-11010,1649298309.691698000,18.65.156.210
980,66,1649298309.691722000,10.11.219.6
981,-5538,1649298309.691784000,18.65.156.210
982,66,1649298309.691788000,10.11.219.6
983,-102,1649298309.691792000,18.65.156.210
984,78,1649298309.691797000,10.11.219.6
985,-1434,1649298309.691800000,18.65.156.210
986,66,1649298309.691803000,10.11.219.6
987,-2802,1649298309.691806000,18.65.156.210
988,66,1649298309.691807000,10.11.219.6
989,-808,1649298309.691819000,18.65.156.210
990,78,1649298309.691821000,10.11.219.6
991,-1434,1649298309.691824000,18.65.156.210
992,66,1649298309.691827000,10.11.219.6
993,157,1649298309.788112000,10.11.219.6
994,-5538,1649298309.792768000,18.65.156.210
995,66,1649298309.792802000,10.11.219.6
996,-8274,1649298309.792861000,18.65.156.210
997,66,1649298309.792868000,10.11.219.6
998,-2792,1649298309.795724000,18.65.156.210
999,66,1649298309.795738000,10.11.219.6
1000,-2802,1649298309.795755000,18.65.156.210
1001,66,1649298309.795764000,10.11.219.6
1002,-13736,1649298309.795833000,18.65.156.210
1003,66,1649298309.795838000,10.11.219.6
1004,-827,1649298309.795848000,18.65.156.210
1005,66,1649298309.795853000,10.11.219.6
1006,-2802,1649298309.797410000,18.65.110.227
1007,66,1649298309.797426000,10.11.219.6
1008,-290,1649298309.797451000,18.65.110.227
1009,78,1649298309.797466000,10.11.219.6
1010,-1434,1649298309.797470000,18.65.110.227
1011,66,1649298309.797474000,10.11.219.6
1012,828,1649298309.800404000,10.11.219.6
1013,137,1649298309.800805000,10.11.219.6
1014,-66,1649298309.808242000,18.65.110.227
1015,-66,1649298309.808255000,18.65.110.227
1016,-4145,1649298309.810334000,18.65.110.227
1017,66,1649298309.810386000,10.11.219.6
1018,188,1649298309.813989000,10.11.219.6
1019,-978,1649298309.837786000,18.65.110.227
1020,66,1649298309.837815000,10.11.219.6
1021,-9410,1649298309.839008000,18.65.110.227
1022,66,1649298309.839033000,10.11.219.6
1023,155,1649298309.842203000,10.11.219.6
1024,-2043,1649298309.845166000,18.65.156.210
1025,66,1649298309.845204000,10.11.219.6
1026,-1410,1649298309.845235000,18.65.156.210
1027,66,1649298309.845242000,10.11.219.6
1028,164,1649298309.853564000,10.11.219.6
1029,164,1649298309.854172000,10.11.219.6
1030,164,1649298309.854871000,10.11.219.6
1031,164,1649298309.855548000,10.11.219.6
1032,-66,1649298309.856538000,18.65.156.210
1033,164,1649298309.857646000,10.11.219.6
1034,-2802,1649298309.857986000,18.65.156.210
1035,66,1649298309.858002000,10.11.219.6
1036,-259,1649298309.858014000,18.65.156.210
1037,78,1649298309.858020000,10.11.219.6
1038,-1434,1649298309.858025000,18.65.156.210
1039,66,1649298309.858030000,10.11.219.6
1040,-97,1649298309.858034000,18.65.156.210
1041,66,1649298309.858037000,10.11.219.6
1042,164,1649298309.858725000,10.11.219.6
1043,-2802,1649298309.859197000,18.65.156.210
1044,66,1649298309.859216000,10.11.219.6
1045,-307,1649298309.859230000,18.65.156.210
1046,78,1649298309.859237000,10.11.219.6
1047,-1434,1649298309.859241000,18.65.156.210
1048,66,1649298309.859245000,10.11.219.6
1049,-97,1649298309.859249000,18.65.156.210
1050,66,1649298309.859251000,10.11.219.6
1051,164,1649298309.860204000,10.11.219.6
1052,-1434,1649298309.860613000,18.65.156.210
1053,66,1649298309.860669000,10.11.219.6
1054,-487,1649298309.860715000,18.65.156.210
1055,78,1649298309.860730000,10.11.219.6
1056,-1434,1649298309.860744000,18.65.156.210
1057,66,1649298309.860755000,10.11.219.6
1058,-97,1649298309.860767000,18.65.156.210
1059,-1434,1649298309.860774000,18.65.156.210
1060,66,1649298309.860780000,10.11.219.6
1061,-936,1649298309.860788000,18.65.156.210
1062,78,1649298309.860795000,10.11.219.6
1063,-1434,1649298309.860803000,18.65.156.210
1064,66,1649298309.860810000,10.11.219.6
1065,-97,1649298309.860820000,18.65.156.210
1066,66,1649298309.861988000,10.11.219.6
1067,-4069,1649298309.862256000,18.65.156.210
1068,66,1649298309.862271000,10.11.219.6
1069,-97,1649298309.862284000,18.65.156.210
1070,66,1649298309.862555000,10.11.219.6
1071,164,1649298309.862730000,10.11.219.6
1072,165,1649298309.862927000,10.11.219.6
1073,-4012,1649298309.863424000,18.65.156.210
1074,164,1649298309.863442000,10.11.219.6
1075,-97,1649298309.863459000,18.65.156.210
1076,66,1649298309.863778000,10.11.219.6
1077,164,1649298309.864989000,10.11.219.6
1078,-4117,1649298309.865423000,18.65.156.210
1079,66,1649298309.865439000,10.11.219.6
1080,-97,1649298309.865453000,18.65.156.210
1081,66,1649298309.865778000,10.11.219.6
1082,-66,1649298309.866355000,18.65.156.210
1083,165,1649298309.867221000,10.11.219.6
1084,-4170,1649298309.868437000,18.65.156.210
1085,66,1649298309.868453000,10.11.219.6
1086,-115,1649298309.868479000,18.65.156.210
1087,78,1649298309.868488000,10.11.219.6
1088,-1434,1649298309.868494000,18.65.156.210
1089,66,1649298309.868499000,10.11.219.6
1090,-97,1649298309.868503000,18.65.156.210
1091,-2802,1649298309.868526000,18.65.156.210
1092,66,1649298309.868529000,10.11.219.6
1093,-232,1649298309.868531000,18.65.156.210
1094,78,1649298309.868536000,10.11.219.6
1095,-1434,1649298309.868538000,18.65.156.210
1096,66,1649298309.868541000,10.11.219.6
1097,-97,1649298309.868543000,18.65.156.210
1098,-4018,1649298309.868544000,18.65.156.210
1099,66,1649298309.868545000,10.11.219.6
1100,-97,1649298309.868552000,18.65.156.210
1101,-5274,1649298309.869957000,18.65.156.210
1102,66,1649298309.869983000,10.11.219.6
1103,-97,1649298309.870011000,18.65.156.210
1104,-1434,1649298309.873047000,18.65.156.210
1105,66,1649298309.873070000,10.11.219.6
1106,-1104,1649298309.873100000,18.65.156.210
1107,78,1649298309.873107000,10.11.219.6
1108,-1434,1649298309.873114000,18.65.156.210
1109,66,1649298309.873120000,10.11.219.6
1110,-499,1649298309.873126000,18.65.156.210
1111,-97,1649298309.873129000,18.65.156.210
1112,66,1649298309.873481000,10.11.219.6
1113,152,1649298309.880285000,10.11.219.6
1114,-2802,1649298309.883962000,18.65.156.210
1115,-2802,1649298309.883998000,18.65.156.210
1116,-469,1649298309.884001000,18.65.156.210
1117,78,1649298309.884011000,10.11.219.6
1118,-1434,1649298309.884028000,18.65.156.210
1119,66,1649298309.884035000,10.11.219.6
1120,-757,1649298309.896903000,18.65.110.227
1121,78,1649298309.896923000,10.11.219.6
1122,-1434,1649298309.896937000,18.65.110.227
1123,66,1649298309.896947000,10.11.219.6
1124,-498,1649298309.906377000,18.65.110.227
1125,66,1649298309.906392000,10.11.219.6
1126,-1129,1649298309.917295000,18.65.110.227
1127,66,1649298309.917314000,10.11.219.6
1128,-383,1649298309.918273000,18.65.110.227
1129,66,1649298309.918287000,10.11.219.6
1130,-1434,1649298309.929314000,18.65.110.227
1131,66,1649298309.929329000,10.11.219.6
1132,-586,1649298309.929349000,18.65.110.227
1133,78,1649298309.929352000,10.11.219.6
1134,-1434,1649298309.929355000,18.65.110.227
1135,66,1649298309.929357000,10.11.219.6
1136,-2802,1649298309.959370000,18.65.110.227
1137,66,1649298309.959384000,10.11.219.6
1138,-4170,1649298309.959437000,18.65.110.227
1139,-239,1649298309.959445000,18.65.110.227
1140,78,1649298309.959452000,10.11.219.6
1141,-1434,1649298309.959457000,18.65.110.227
1142,66,1649298309.959470000,10.11.219.6
1143,-1719,1649298309.972821000,18.65.110.227
1144,66,1649298309.972840000,10.11.219.6
1145,-5538,1649298309.985180000,18.65.110.227
1146,66,1649298309.985242000,10.11.219.6
1147,-2802,1649298309.985252000,18.65.110.227
1148,-118,1649298309.985254000,18.65.110.227
1149,-1434,1649298309.985256000,18.65.110.227
1150,78,1649298309.985264000,10.11.219.6
1151,66,1649298309.985269000,10.11.219.6
1152,-1126,1649298309.990050000,18.65.110.227
1153,66,1649298309.990106000,10.11.219.6
1154,-5293,1649298309.991601000,18.65.110.227
1155,-76,1649298309.991613000,18.65.110.227
1156,78,1649298309.991627000,10.11.219.6
1157,-1434,1649298309.991641000,18.65.110.227
1158,66,1649298309.991645000,10.11.219.6
1159,164,1649298309.996254000,10.11.219.6
1160,160,1649298309.997994000,10.11.219.6
1161,-865,1649298309.998615000,18.65.156.210
1162,159,1649298309.998936000,10.11.219.6
1163,160,1649298309.999452000,10.11.219.6
1164,159,1649298310.000235000,10.11.219.6
1165,160,1649298310.000492000,10.11.219.6
1166,-678,1649298310.001086000,18.65.156.210
1167,159,1649298310.001786000,10.11.219.6
1168,159,1649298310.002326000,10.11.219.6
1169,160,1649298310.002378000,10.11.219.6
1170,-66,1649298310.002873000,18.65.156.210
1171,-2802,1649298310.005584000,18.65.156.210
1172,66,1649298310.005606000,10.11.219.6
1173,-239,1649298310.005624000,18.65.156.210
1174,78,1649298310.005631000,10.11.219.6
1175,-1434,1649298310.005676000,18.65.156.210
1176,66,1649298310.005682000,10.11.219.6
1177,-97,1649298310.005688000,18.65.156.210
1178,-1434,1649298310.005691000,18.65.156.210
1179,-466,1649298310.005692000,18.65.156.210
1180,-1434,1649298310.005694000,18.65.156.210
1181,-97,1649298310.005695000,18.65.156.210
1182,66,1649298310.005697000,10.11.219.6
1183,78,1649298310.005707000,10.11.219.6
1184,66,1649298310.005711000,10.11.219.6
1185,-2802,1649298310.007605000,18.65.156.210
1186,66,1649298310.007673000,10.11.219.6
1187,-527,1649298310.007748000,18.65.156.210
1188,78,1649298310.007782000,10.11.219.6
1189,-1434,1649298310.007797000,18.65.156.210
1190,66,1649298310.007816000,10.11.219.6
1191,-97,1649298310.007832000,18.65.156.210
1192,-6906,1649298310.007844000,18.65.110.227
1193,66,1649298310.007861000,10.11.219.6
1194,-884,1649298310.008035000,18.65.110.227
1195,78,1649298310.008046000,10.11.219.6
1196,-1434,1649298310.008056000,18.65.110.227
1197,66,1649298310.008060000,10.11.219.6
1198,-2802,1649298310.008063000,18.65.156.210
1199,66,1649298310.008071000,10.11.219.6
1200,-2780,1649298310.008744000,18.65.156.210
1201,66,1649298310.008763000,10.11.219.6
1202,-97,1649298310.008777000,18.65.156.210
1203,-3640,1649298310.008781000,18.65.156.210
1204,66,1649298310.008790000,10.11.219.6
1205,-97,1649298310.008794000,18.65.156.210
1206,-1434,1649298310.008796000,18.65.156.210
1207,66,1649298310.008804000,10.11.219.6
1208,-1434,1649298310.009834000,18.65.156.210
1209,-152,1649298310.009842000,18.65.156.210
1210,78,1649298310.009851000,10.11.219.6
1211,-1434,1649298310.009863000,18.65.156.210
1212,66,1649298310.009866000,10.11.219.6
1213,-97,1649298310.009868000,18.65.156.210
1214,-3750,1649298310.009870000,18.65.156.210
1215,-97,1649298310.009871000,18.65.156.210
1216,66,1649298310.011022000,10.11.219.6
1217,-4170,1649298310.027078000,18.65.110.227
1218,66,1649298310.027151000,10.11.219.6
1219,-10900,1649298310.029543000,18.65.110.227
1220,66,1649298310.029624000,10.11.219.6
1221,178,1649298310.033875000,10.11.219.6
1222,239,1649298310.034028000,10.11.219.6
1223,167,1649298310.037902000,10.11.219.6
1224,-2802,1649298310.037998000,18.65.156.210
1225,66,1649298310.038014000,10.11.219.6
1226,-5380,1649298310.038063000,18.65.156.210
1227,66,1649298310.038069000,10.11.219.6
1228,-1434,1649298310.038075000,18.65.156.210
1229,-668,1649298310.038078000,18.65.156.210
1230,78,1649298310.038082000,10.11.219.6
1231,-1434,1649298310.038087000,18.65.156.210
1232,66,1649298310.038090000,10.11.219.6
1233,168,1649298310.042039000,10.11.219.6
1234,-5538,1649298310.043118000,18.65.156.210
1235,66,1649298310.043211000,10.11.219.6
1236,-1434,1649298310.043369000,18.65.156.210
1237,-299,1649298310.043381000,18.65.156.210
1238,78,1649298310.043404000,10.11.219.6
1239,-1434,1649298310.043413000,18.65.156.210
1240,-97,1649298310.043415000,18.65.156.210
1241,66,1649298310.043442000,10.11.219.6
1242,168,1649298310.045679000,10.11.219.6
1243,-6906,1649298310.046918000,18.65.156.210
1244,-69,1649298310.046940000,18.65.156.210
1245,78,1649298310.046954000,10.11.219.6
1246,-1434,1649298310.046970000,18.65.156.210
1247,66,1649298310.046974000,10.11.219.6
1248,-97,1649298310.046977000,18.65.156.210
1249,-2802,1649298310.049602000,18.65.156.210
1250,66,1649298310.049621000,10.11.219.6
1251,-2735,1649298310.049654000,18.65.156.210
1252,-97,1649298310.049657000,18.65.156.210
1253,66,1649298310.049955000,10.11.219.6
1254,168,1649298310.050725000,10.11.219.6
1255,-5538,1649298310.055074000,18.65.156.210
1256,66,1649298310.055223000,10.11.219.6
1257,-4170,1649298310.056417000,18.65.156.210
1258,66,1649298310.056438000,10.11.219.6
1259,-327,1649298310.056452000,18.65.156.210
1260,78,1649298310.056456000,10.11.219.6
1261,-1434,1649298310.056457000,18.65.156.210
1262,66,1649298310.056460000,10.11.219.6
1263,-97,1649298310.056461000,18.65.156.210
1264,-438,1649298310.056462000,18.65.110.227
1265,78,1649298310.056464000,10.11.219.6
1266,-1434,1649298310.056466000,18.65.110.227
1267,66,1649298310.056467000,10.11.219.6
1268,154,1649298310.060319000,10.11.219.6
1269,153,1649298310.062349000,10.11.219.6
1270,154,1649298310.062724000,10.11.219.6
1271,153,1649298310.064021000,10.11.219.6
1272,-4106,1649298310.064394000,18.65.156.210
1273,-97,1649298310.064409000,18.65.156.210
1274,66,1649298310.064470000,10.11.219.6
1275,153,1649298310.064832000,10.11.219.6
1276,-66,1649298310.065120000,18.65.156.210
1277,154,1649298310.065133000,10.11.219.6
1278,-2802,1649298310.066729000,18.65.156.210
1279,66,1649298310.066740000,10.11.219.6
1280,-374,1649298310.066752000,18.65.156.210
1281,78,1649298310.066758000,10.11.219.6
1282,-1434,1649298310.066761000,18.65.156.210
1283,66,1649298310.066765000,10.11.219.6
1284,-97,1649298310.066767000,18.65.156.210
1285,-232,1649298310.066771000,18.65.156.210
1286,78,1649298310.066774000,10.11.219.6
1287,-1434,1649298310.066777000,18.65.156.210
1288,66,1649298310.066781000,10.11.219.6
1289,-97,1649298310.066783000,18.65.156.210
1290,-2802,1649298310.067518000,18.65.156.210
1291,-2686,1649298310.069446000,18.65.156.210
1292,-97,1649298310.069452000,18.65.156.210
1293,-66,1649298310.069456000,18.65.156.210
1294,-1434,1649298310.069480000,18.65.156.210
1295,-695,1649298310.069482000,18.65.156.210
1296,78,1649298310.069497000,10.11.219.6
1297,-1434,1649298310.069514000,18.65.156.210
1298,66,1649298310.069518000,10.11.219.6
1299,-97,1649298310.069522000,18.65.156.210
1300,-4097,1649298310.069524000,18.65.156.210
1301,-97,1649298310.069525000,18.65.156.210
1302,66,1649298310.077994000,10.11.219.6
1303,153,1649298310.078808000,10.11.219.6
1304,153,1649298310.079137000,10.11.219.6
1305,240,1649298310.079328000,10.11.219.6
1306,166,1649298310.079464000,10.11.219.6
1307,153,1649298310.079703000,10.11.219.6
1308,153,1649298310.080055000,10.11.219.6
1309,154,1649298310.080302000,10.11.219.6
1310,-66,1649298310.081665000,18.65.156.210
1311,-86,1649298310.082863000,18.65.156.210
1312,78,1649298310.082881000,10.11.219.6
1313,-66,1649298310.082896000,18.65.156.210
1314,-1434,1649298310.082900000,18.65.156.210
1315,66,1649298310.082908000,10.11.219.6
1316,-2802,1649298310.085066000,18.65.156.210
1317,66,1649298310.085083000,10.11.219.6
1318,-860,1649298310.085135000,18.65.156.210
1319,78,1649298310.085140000,10.11.219.6
1320,-1434,1649298310.085145000,18.65.156.210
1321,66,1649298310.085149000,10.11.219.6
1322,-97,1649298310.085152000,18.65.156.210
1323,-4120,1649298310.085154000,18.65.156.210
1324,-97,1649298310.085155000,18.65.156.210
1325,-4162,1649298310.085156000,18.65.156.210
1326,-97,1649298310.085161000,18.65.156.210
1327,66,1649298310.085386000,10.11.219.6
1328,-258,1649298310.086998000,18.65.156.210
1329,78,1649298310.087012000,10.11.219.6
1330,-1434,1649298310.087024000,18.65.156.210
1331,66,1649298310.087031000,10.11.219.6
1332,-97,1649298310.087035000,18.65.156.210
1333,-2204,1649298310.087037000,18.65.156.210
1334,-97,1649298310.087039000,18.65.156.210
1335,-1414,1649298310.087040000,18.65.156.210
1336,-97,1649298310.087042000,18.65.156.210
1337,66,1649298310.087061000,10.11.219.6
1338,-112,1649298310.087063000,18.65.156.210
1339,-1434,1649298310.087065000,18.65.156.210
1340,-97,1649298310.087066000,18.65.156.210
1341,78,1649298310.087071000,10.11.219.6
1342,66,1649298310.087076000,10.11.219.6
1343,-596,1649298310.087876000,18.65.110.227
1344,-97,1649298310.087886000,18.65.110.227
1345,66,1649298310.088025000,10.11.219.6
1346,155,1649298310.096194000,10.11.219.6
1347,-1729,1649298310.099643000,18.65.156.210
1348,66,1649298310.099700000,10.11.219.6
1349,251,1649298310.104512000,10.11.219.6
1350,-5538,1649298310.108221000,18.65.156.210
1351,66,1649298310.108284000,10.11.219.6
1352,-11000,1649298310.108299000,18.65.156.210
1353,66,1649298310.108314000,10.11.219.6
1354,-951,1649298310.109199000,18.65.156.210
1355,184,1649298310.117235000,10.11.219.6
1356,180,1649298310.119990000,10.11.219.6
1357,-2802,1649298310.122209000,18.65.156.210
1358,66,1649298310.122293000,10.11.219.6
1359,-13736,1649298310.122340000,18.65.156.210
1360,-4170,1649298310.122362000,18.65.156.210
1361,66,1649298310.122388000,10.11.219.6
1362,66,1649298310.122573000,10.11.219.6
1363,-2626,1649298310.123616000,18.65.156.210
1364,66,1649298310.123663000,10.11.219.6
1365,-370,1649298310.123722000,18.65.156.210
1366,78,1649298310.123764000,10.11.219.6
1367,-1434,1649298310.123790000,18.65.156.210
1368,66,1649298310.123806000,10.11.219.6
1369,66,1649298310.149423000,10.11.219.6
1370,240,1649298310.152822000,10.11.219.6
1371,-8274,1649298310.157475000,18.65.156.210
1372,-4170,1649298310.157634000,18.65.156.210
1373,-991,1649298310.157650000,18.65.156.210
1374,78,1649298310.157691000,10.11.219.6
1375,-1434,1649298310.157757000,18.65.156.210
1376,66,1649298310.157774000,10.11.219.6
1377,-1434,1649298310.199342000,18.65.110.227
1378,-130,1649298310.199359000,18.65.110.227
1379,78,1649298310.199374000,10.11.219.6
1380,-1434,1649298310.199394000,18.65.110.227
1381,66,1649298310.199400000,10.11.219.6
1382,-102,1649298310.209910000,18.65.110.227
1383,78,1649298310.209937000,10.11.219.6
1384,-1434,1649298310.209963000,18.65.110.227
1385,66,1649298310.209975000,10.11.219.6
1386,-545,1649298310.212981000,18.65.110.227
1387,66,1649298310.213051000,10.11.219.6
1388,-2802,1649298310.230663000,18.65.110.227
1389,66,1649298310.230742000,10.11.219.6
1390,-2490,1649298310.231083000,18.65.110.227
1391,66,1649298310.231090000,10.11.219.6
1392,-2802,1649298310.240841000,18.65.110.227
1393,-4170,1649298310.240895000,18.65.110.227
1394,-884,1649298310.240900000,18.65.110.227
1395,78,1649298310.240913000,10.11.219.6
1396,-1434,1649298310.240931000,18.65.110.227
1397,66,1649298310.240940000,10.11.219.6
1398,-5538,1649298310.242965000,18.65.110.227
1399,66,1649298310.242980000,10.11.219.6
1400,-11000,1649298310.243075000,18.65.110.227
1401,-100,1649298310.243095000,18.65.110.227
1402,-5538,1649298310.243098000,18.65.110.227
1403,66,1649298310.243102000,10.11.219.6
1404,66,1649298310.243166000,10.11.219.6
1405,-278,1649298310.243494000,18.65.110.227
1406,78,1649298310.243502000,10.11.219.6
1407,-1434,1649298310.243509000,18.65.110.227
1408,66,1649298310.243518000,10.11.219.6
1409,-97,1649298310.243522000,18.65.110.227
1410,66,1649298310.243551000,10.11.219.6
1411,177,1649298310.247512000,10.11.219.6
1412,166,1649298310.247914000,10.11.219.6
1413,-2802,1649298310.252712000,18.65.156.210
1414,66,1649298310.252793000,10.11.219.6
1415,-4170,1649298310.253454000,18.65.156.210
1416,-1294,1649298310.253461000,18.65.156.210
1417,78,1649298310.253467000,10.11.219.6
1418,-1434,1649298310.253478000,18.65.156.210
1419,66,1649298310.253483000,10.11.219.6
1420,-15114,1649298310.253488000,18.65.156.210
1421,66,1649298310.253699000,10.11.219.6
1422,-1424,1649298310.255828000,18.65.156.210
1423,-1434,1649298310.255843000,18.65.156.210
1424,66,1649298310.255853000,10.11.219.6
1425,-15104,1649298310.256001000,18.65.156.210
1426,-6906,1649298310.256022000,18.65.156.210
1427,66,1649298310.256189000,10.11.219.6
1428,-2802,1649298310.258852000,18.65.156.210
1429,66,1649298310.258866000,10.11.219.6
1430,-21954,1649298310.259026000,18.65.156.210
1431,66,1649298310.259050000,10.11.219.6
1432,-1414,1649298310.260185000,18.65.156.210
1433,-377,1649298310.260207000,18.65.156.210
1434,78,1649298310.260226000,10.11.219.6
1435,-1434,1649298310.260263000,18.65.156.210
1436,66,1649298310.260270000,10.11.219.6
1437,74,1649298310.261743000,10.11.219.6
1438,171,1649298310.295270000,10.11.219.6
1439,-678,1649298310.298302000,18.65.156.210
1440,66,1649298310.298376000,10.11.219.6
1441,157,1649298310.348524000,10.11.219.6
1442,-2802,1649298310.353462000,18.65.156.210
1443,-9642,1649298310.353520000,18.65.156.210
1444,66,1649298310.353561000,10.11.219.6
1445,-2802,1649298310.355639000,18.65.156.210
1446,66,1649298310.355655000,10.11.219.6
1447,-1424,1649298310.355817000,18.65.156.210
1448,-16472,1649298310.355824000,18.65.156.210
1449,-4170,1649298310.355839000,18.65.156.210
1450,66,1649298310.356389000,10.11.219.6
1451,-8274,1649298310.357752000,18.65.156.210
1452,66,1649298310.357826000,10.11.219.6
1453,-16482,1649298310.358149000,18.65.156.210
1454,66,1649298310.358340000,10.11.219.6
1455,-4150,1649298310.360387000,18.65.156.210
1456,66,1649298310.360424000,10.11.219.6
1457,-20586,1649298310.360480000,18.65.156.210
1458,66,1649298310.360806000,10.11.219.6
1459,-4170,1649298310.361905000,18.65.156.210
1460,66,1649298310.361921000,10.11.219.6
1461,-730,1649298310.361938000,18.65.156.210
1462,78,1649298310.361944000,10.11.219.6
1463,-1434,1649298310.361947000,18.65.156.210
1464,66,1649298310.361951000,10.11.219.6
1465,-66,1649298310.384135000,52.119.171.205
1466,54,1649298310.384171000,10.11.219.6
1467,571,1649298310.386495000,10.11.219.6
1468,189,1649298310.465338000,10.11.219.6
1469,-1434,1649298310.469298000,18.65.110.227
1470,66,1649298310.469313000,10.11.219.6
1471,-329,1649298310.469331000,18.65.110.227
1472,78,1649298310.469347000,10.11.219.6
1473,-1434,1649298310.469350000,18.65.110.227
1474,66,1649298310.469354000,10.11.219.6
1475,-54,1649298310.508110000,52.119.171.205
1476,-54,1649298310.509137000,52.119.171.205
1477,-2774,1649298310.512193000,52.119.171.205
1478,54,1649298310.512209000,10.11.219.6
1479,-3236,1649298310.512352000,52.119.171.205
1480,54,1649298310.512360000,10.11.219.6
1481,180,1649298310.515387000,10.11.219.6
1482,178,1649298310.557823000,10.11.219.6
1483,-1297,1649298310.560667000,18.65.156.210
1484,66,1649298310.560892000,10.11.219.6
1485,198,1649298310.561229000,10.11.219.6
1486,202,1649298310.562294000,10.11.219.6
1487,74,1649298310.562371000,10.11.219.6
1488,74,1649298310.562452000,10.11.219.6
1489,197,1649298310.562622000,10.11.219.6
1490,-82,1649298310.564999000,18.65.156.210
1491,78,1649298310.565021000,10.11.219.6
1492,-1434,1649298310.565034000,18.65.156.210
1493,66,1649298310.565041000,10.11.219.6
1494,-97,1649298310.565046000,18.65.156.210
1495,-1298,1649298310.565048000,18.65.156.210
1496,66,1649298310.565290000,10.11.219.6
1497,-74,1649298310.565982000,18.65.156.210
1498,66,1649298310.566009000,10.11.219.6
1499,-74,1649298310.566025000,18.65.156.210
1500,66,1649298310.566033000,10.11.219.6
1501,-116,1649298310.567059000,18.65.156.210
1502,78,1649298310.567078000,10.11.219.6
1503,-1434,1649298310.567097000,18.65.156.210
1504,66,1649298310.567103000,10.11.219.6
1505,-97,1649298310.567107000,18.65.156.210
1506,583,1649298310.568653000,10.11.219.6
1507,66,1649298310.568859000,10.11.219.6
1508,583,1649298310.571390000,10.11.219.6
1509,-66,1649298310.571399000,18.65.156.210
1510,-4170,1649298310.572841000,18.65.156.210
1511,66,1649298310.572867000,10.11.219.6
1512,-1177,1649298310.573710000,18.65.156.210
1513,66,1649298310.573811000,10.11.219.6
1514,-66,1649298310.574650000,18.65.156.210
1515,281,1649298310.575370000,10.11.219.6
1516,-4170,1649298310.576263000,18.65.156.210
1517,66,1649298310.576282000,10.11.219.6
1518,-1177,1649298310.576911000,18.65.156.210
1519,66,1649298310.576928000,10.11.219.6
1520,-9642,1649298310.578833000,18.65.156.210
1521,-429,1649298310.578853000,18.65.156.210
1522,78,1649298310.578869000,10.11.219.6
1523,-1434,1649298310.578904000,18.65.156.210
1524,66,1649298310.578913000,10.11.219.6
1525,130,1649298310.581253000,10.11.219.6
1526,253,1649298310.582063000,10.11.219.6
1527,130,1649298310.584905000,10.11.219.6
1528,179,1649298310.585214000,10.11.219.6
1529,253,1649298310.585460000,10.11.219.6
1530,-66,1649298310.586533000,18.65.156.210
1531,-128,1649298310.586546000,18.65.156.210
1532,66,1649298310.586556000,10.11.219.6
1533,90,1649298310.586645000,10.11.219.6
1534,66,1649298310.586671000,10.11.219.6
1535,-66,1649298310.587522000,18.65.156.210
1536,-97,1649298310.587533000,18.65.156.210
1537,54,1649298310.587551000,10.11.219.6
1538,-66,1649298310.590543000,18.65.156.210
1539,-66,1649298310.590555000,18.65.156.210
1540,-137,1649298310.590562000,18.65.156.210
1541,66,1649298310.590581000,10.11.219.6
1542,-1434,1649298310.590606000,18.65.156.210
1543,-8274,1649298310.590662000,18.65.156.210
1544,-429,1649298310.590666000,18.65.156.210
1545,78,1649298310.590672000,10.11.219.6
1546,-1434,1649298310.590682000,18.65.156.210
1547,66,1649298310.590688000,10.11.219.6
1548,90,1649298310.593169000,10.11.219.6
1549,66,1649298310.593349000,10.11.219.6
1550,179,1649298310.593970000,10.11.219.6
1551,-66,1649298310.596079000,18.65.156.210
1552,-66,1649298310.596094000,18.65.156.210
1553,66,1649298310.596105000,10.11.219.6
1554,-9642,1649298310.598114000,18.65.156.210
1555,-428,1649298310.598127000,18.65.156.210
1556,78,1649298310.598139000,10.11.219.6
1557,-1434,1649298310.598163000,18.65.156.210
1558,66,1649298310.598168000,10.11.219.6
1559,-105,1649298310.637991000,52.119.171.205
1560,54,1649298310.638011000,10.11.219.6
1561,524,1649298310.638289000,10.11.219.6
1562,222,1649298310.640657000,10.11.219.6
1563,352,1649298310.642783000,10.11.219.6
1564,179,1649298310.643468000,10.11.219.6
1565,-2802,1649298310.645752000,18.65.156.210
1566,-820,1649298310.645777000,18.65.156.210
1567,78,1649298310.645790000,10.11.219.6
1568,-1434,1649298310.645809000,18.65.156.210
1569,66,1649298310.645815000,10.11.219.6
1570,-5538,1649298310.647866000,18.65.156.210
1571,66,1649298310.647924000,10.11.219.6
1572,-11000,1649298310.648007000,18.65.156.210
1573,66,1649298310.648036000,10.11.219.6
1574,-8274,1649298310.648042000,18.65.156.210
1575,66,1649298310.648230000,10.11.219.6
1576,-8264,1649298310.650352000,18.65.156.210
1577,66,1649298310.650369000,10.11.219.6
1578,-9642,1649298310.650390000,18.65.156.210
1579,-429,1649298310.650418000,18.65.156.210
1580,78,1649298310.650425000,10.11.219.6
1581,-1434,1649298310.650431000,18.65.156.210
1582,66,1649298310.650435000,10.11.219.6
1583,-4170,1649298310.650438000,18.65.156.210
1584,66,1649298310.650441000,10.11.219.6
1585,-24690,1649298310.652784000,18.65.156.210
1586,66,1649298310.652882000,10.11.219.6
1587,-4150,1649298310.655169000,18.65.156.210
1588,66,1649298310.655188000,10.11.219.6
1589,-20586,1649298310.655216000,18.65.156.210
1590,66,1649298310.655254000,10.11.219.6
1591,-2802,1649298310.656388000,18.65.156.210
1592,66,1649298310.656405000,10.11.219.6
1593,-9642,1649298310.658753000,18.65.156.210
1594,-6906,1649298310.658773000,18.65.156.210
1595,66,1649298310.658827000,10.11.219.6
1596,-7776,1649298310.660788000,18.65.156.210
1597,66,1649298310.660830000,10.11.219.6
1598,163,1649298310.677956000,10.11.219.6
1599,-1186,1649298310.681322000,18.65.156.210
1600,66,1649298310.725421000,10.11.219.6
1601,152,1649298310.748762000,10.11.219.6
1602,-1434,1649298310.752086000,18.65.156.210
1603,-104,1649298310.752106000,18.65.156.210
1604,78,1649298310.752117000,10.11.219.6
1605,-1434,1649298310.752133000,18.65.156.210
1606,66,1649298310.752138000,10.11.219.6
1607,178,1649298310.754496000,10.11.219.6
1608,147,1649298310.757634000,10.11.219.6
1609,-2802,1649298310.757733000,18.65.156.210
1610,148,1649298310.757806000,10.11.219.6
1611,-1434,1649298310.757833000,18.65.156.210
1612,-146,1649298310.757838000,18.65.156.210
1613,78,1649298310.757844000,10.11.219.6
1614,-1434,1649298310.757850000,18.65.156.210
1615,66,1649298310.757854000,10.11.219.6
1616,149,1649298310.758160000,10.11.219.6
1617,-66,1649298310.761453000,18.65.156.210
1618,-5039,1649298310.761478000,18.65.156.210
1619,-1434,1649298310.761494000,18.65.156.210
1620,66,1649298310.761622000,10.11.219.6
1621,-8274,1649298310.765090000,18.65.156.210
1622,66,1649298310.765132000,10.11.219.6
1623,-6896,1649298310.765241000,18.65.156.210
1624,-1434,1649298310.765253000,18.65.156.210
1625,66,1649298310.765289000,10.11.219.6
1626,-15104,1649298310.767476000,18.65.156.210
1627,-6599,1649298310.767509000,18.65.156.210
1628,-1434,1649298310.767514000,18.65.156.210
1629,66,1649298310.767551000,10.11.219.6
1630,-15104,1649298310.769666000,18.65.156.210
1631,-12378,1649298310.769707000,18.65.156.210
1632,66,1649298310.769781000,10.11.219.6
1633,204,1649298310.770782000,10.11.219.6
1634,-2802,1649298310.771987000,18.65.156.210
1635,66,1649298310.772061000,10.11.219.6
1636,-8274,1649298310.772498000,18.65.156.210
1637,66,1649298310.772537000,10.11.219.6
1638,-9622,1649298310.774686000,18.65.156.210
1639,-4170,1649298310.774703000,18.65.156.210
1640,-19218,1649298310.774802000,18.65.156.210
1641,66,1649298310.774825000,10.11.219.6
1642,66,1649298310.774936000,10.11.219.6
1643,-5538,1649298310.777438000,18.65.156.210
1644,66,1649298310.777488000,10.11.219.6
1645,-6906,1649298310.777628000,18.65.156.210
1646,-12378,1649298310.777642000,18.65.156.210
1647,66,1649298310.777763000,10.11.219.6
1648,-14591,1649298310.779158000,18.65.156.210
1649,66,1649298310.779172000,10.11.219.6
1650,-2802,1649298310.779226000,18.65.156.210
1651,66,1649298310.779262000,10.11.219.6
1652,-8274,1649298310.781529000,18.65.156.210
1653,66,1649298310.781547000,10.11.219.6
1654,-5528,1649298310.782306000,18.65.156.210
1655,66,1649298310.782320000,10.11.219.6
1656,-956,1649298310.782336000,18.65.156.210
1657,66,1649298310.782580000,10.11.219.6
1658,-503,1649298310.786414000,52.119.171.205
1659,54,1649298310.786441000,10.11.219.6
1660,74,1649298310.806231000,10.11.219.6
1661,74,1649298310.818506000,10.11.219.6
1662,154,1649298310.890049000,10.11.219.6
1663,152,1649298310.890496000,10.11.219.6
1664,-1104,1649298310.893259000,18.65.156.210
1665,-918,1649298310.893281000,18.65.156.210
1666,66,1649298310.893383000,10.11.219.6
1667,74,1649298310.930105000,10.11.219.6
1668,-66,1649298310.943502000,52.94.215.121
1669,54,1649298310.943575000,10.11.219.6
1670,571,1649298310.945640000,10.11.219.6
1671,-66,1649298310.952066000,52.94.215.121
1672,54,1649298310.952090000,10.11.219.6
1673,571,1649298310.954367000,10.11.219.6
1674,74,1649298310.956454000,10.11.219.6
1675,74,1649298310.958206000,10.11.219.6
1676,74,1649298310.976780000,10.11.219.6
1677,74,1649298310.980087000,10.11.219.6
1678,-66,1649298311.065917000,52.94.215.121
1679,54,1649298311.065952000,10.11.219.6
1680,571,1649298311.067991000,10.11.219.6
1681,161,1649298311.078209000,10.11.219.6
1682,-54,1649298311.080892000,52.94.215.121
1683,-66,1649298311.080904000,54.240.248.156
1684,54,1649298311.080934000,10.11.219.6
1685,-54,1649298311.080963000,52.94.215.121
1686,-431,1649298311.082062000,18.65.156.210
1687,78,1649298311.082079000,10.11.219.6
1688,-1434,1649298311.082092000,18.65.156.210
1689,66,1649298311.082098000,10.11.219.6
1690,-97,1649298311.082101000,18.65.156.210
1691,571,1649298311.082891000,10.11.219.6
1692,66,1649298311.083324000,10.11.219.6
1693,-5950,1649298311.083446000,52.94.215.121
1694,54,1649298311.083458000,10.11.219.6
1695,-54,1649298311.084063000,52.94.215.121
1696,-66,1649298311.086241000,54.240.248.156
1697,54,1649298311.086273000,10.11.219.6
1698,-54,1649298311.086290000,52.94.215.121
1699,180,1649298311.087637000,10.11.219.6
1700,-5950,1649298311.087780000,52.94.215.121
1701,54,1649298311.087794000,10.11.219.6
1702,180,1649298311.093602000,10.11.219.6
1703,571,1649298311.096840000,10.11.219.6
1704,-66,1649298311.110866000,54.240.248.156
1705,54,1649298311.110897000,10.11.219.6
1706,-66,1649298311.111883000,54.240.248.156
1707,54,1649298311.111900000,10.11.219.6
1708,571,1649298311.112845000,10.11.219.6
1709,571,1649298311.114752000,10.11.219.6
1710,177,1649298311.119961000,10.11.219.6
1711,-2386,1649298311.127144000,18.65.156.210
1712,66,1649298311.127254000,10.11.219.6
1713,162,1649298311.132291000,10.11.219.6
1714,-1434,1649298311.136816000,18.65.156.210
1715,-656,1649298311.136838000,18.65.156.210
1716,78,1649298311.136857000,10.11.219.6
1717,-1434,1649298311.136882000,18.65.156.210
1718,-97,1649298311.136884000,18.65.156.210
1719,66,1649298311.136892000,10.11.219.6
1720,66,1649298311.177515000,10.11.219.6
1721,-54,1649298311.199645000,52.94.215.121
1722,-54,1649298311.201790000,52.94.215.121
1723,-5950,1649298311.205354000,52.94.215.121
1724,54,1649298311.205374000,10.11.219.6
1725,-54,1649298311.205393000,54.240.248.156
1726,-54,1649298311.208216000,54.240.248.156
1727,180,1649298311.208362000,10.11.219.6
1728,-5931,1649298311.211930000,54.240.248.156
1729,54,1649298311.211947000,10.11.219.6
1730,-105,1649298311.211962000,52.94.215.121
1731,54,1649298311.211970000,10.11.219.6
1732,-54,1649298311.213555000,54.240.248.156
1733,180,1649298311.214948000,10.11.219.6
1734,718,1649298311.215369000,10.11.219.6
1735,-105,1649298311.222602000,52.94.215.121
1736,54,1649298311.222619000,10.11.219.6
1737,718,1649298311.222883000,10.11.219.6
1738,-54,1649298311.224714000,54.240.248.156
1739,-5931,1649298311.226351000,54.240.248.156
1740,54,1649298311.226366000,10.11.219.6
1741,180,1649298311.230129000,10.11.219.6
1742,-54,1649298311.238721000,54.240.248.156
1743,-54,1649298311.239905000,54.240.248.156
1744,-5931,1649298311.242530000,54.240.248.156
1745,54,1649298311.242542000,10.11.219.6
1746,-54,1649298311.245113000,54.240.248.156
1747,180,1649298311.245291000,10.11.219.6
1748,74,1649298311.245601000,10.11.219.6
1749,-54,1649298311.248327000,54.240.248.156
1750,-5931,1649298311.252926000,54.240.248.156
1751,54,1649298311.252934000,10.11.219.6
1752,180,1649298311.255570000,10.11.219.6
1753,-105,1649298311.338652000,54.240.248.156
1754,54,1649298311.338667000,10.11.219.6
1755,593,1649298311.338897000,10.11.219.6
1756,-105,1649298311.341845000,52.94.215.121
1757,54,1649298311.341852000,10.11.219.6
1758,719,1649298311.342027000,10.11.219.6
1759,74,1649298311.349673000,10.11.219.6
1760,74,1649298311.349743000,10.11.219.6
1761,74,1649298311.349787000,10.11.219.6
1762,-105,1649298311.357943000,54.240.248.156
1763,54,1649298311.357953000,10.11.219.6
1764,593,1649298311.358158000,10.11.219.6
1765,-2774,1649298311.366432000,52.94.215.121
1766,54,1649298311.366439000,10.11.219.6
1767,-8214,1649298311.366496000,52.94.215.121
1768,54,1649298311.366498000,10.11.219.6
1769,-2774,1649298311.367773000,52.94.215.121
1770,54,1649298311.367775000,10.11.219.6
1771,-105,1649298311.371823000,54.240.248.156
1772,54,1649298311.371833000,10.11.219.6
1773,-66,1649298311.386630000,52.119.166.51
1774,54,1649298311.386643000,10.11.219.6
1775,-1797,1649298311.386650000,52.94.215.121
1776,54,1649298311.386654000,10.11.219.6
1777,-4463,1649298311.386681000,52.94.215.121
1778,54,1649298311.386685000,10.11.219.6
1779,571,1649298311.388617000,10.11.219.6
1780,-5494,1649298311.389378000,52.94.215.121
1781,54,1649298311.389387000,10.11.219.6
1782,-105,1649298311.390036000,54.240.248.156
1783,54,1649298311.390044000,10.11.219.6
1784,-689,1649298311.471510000,54.240.248.156
1785,54,1649298311.471556000,10.11.219.6
1786,755,1649298311.472727000,10.11.219.6
1787,-66,1649298311.473480000,52.94.176.11
1788,54,1649298311.473513000,10.11.219.6
1789,-66,1649298311.473529000,52.94.176.11
1790,54,1649298311.473537000,10.11.219.6
1791,571,1649298311.477703000,10.11.219.6
1792,571,1649298311.480187000,10.11.219.6
1793,-66,1649298311.484530000,52.94.176.11
1794,54,1649298311.484564000,10.11.219.6
1795,571,1649298311.487408000,10.11.219.6
1796,-10934,1649298311.491333000,52.94.215.121
1797,54,1649298311.491352000,10.11.219.6
1798,-12294,1649298311.491417000,52.94.215.121
1799,54,1649298311.491428000,10.11.219.6
1800,-689,1649298311.492278000,54.240.248.156
1801,54,1649298311.492301000,10.11.219.6
1802,-4134,1649298311.492311000,52.94.215.121
1803,54,1649298311.492314000,10.11.219.6
1804,755,1649298311.493410000,10.11.219.6
1805,-8214,1649298311.501547000,52.94.215.121
1806,54,1649298311.501572000,10.11.219.6
1807,-5494,1649298311.501757000,52.94.215.121
1808,54,1649298311.501764000,10.11.219.6
1809,-8214,1649298311.516720000,52.94.215.121
1810,54,1649298311.516741000,10.11.219.6
1811,-8214,1649298311.516826000,52.94.215.121
1812,54,1649298311.516840000,10.11.219.6
1813,-2774,1649298311.517868000,52.94.215.121
1814,54,1649298311.517888000,10.11.219.6
1815,-8214,1649298311.519323000,52.94.215.121
1816,54,1649298311.519338000,10.11.219.6
1817,-54,1649298311.526185000,52.119.166.51
1818,-54,1649298311.527273000,52.119.166.51
1819,-6014,1649298311.529968000,52.119.166.51
1820,54,1649298311.530005000,10.11.219.6
1821,180,1649298311.536884000,10.11.219.6
1822,-54,1649298311.596824000,52.94.176.11
1823,-54,1649298311.596834000,52.94.176.11
1824,-54,1649298311.601026000,52.94.176.11
1825,-2774,1649298311.602726000,52.94.176.11
1826,54,1649298311.602737000,10.11.219.6
1827,-3359,1649298311.602762000,52.94.176.11
1828,54,1649298311.602766000,10.11.219.6
1829,-696,1649298311.605326000,54.240.248.156
1830,-54,1649298311.606550000,52.94.176.11
1831,-2774,1649298311.606558000,52.94.176.11
1832,54,1649298311.606564000,10.11.219.6
1833,180,1649298311.606749000,10.11.219.6
1834,-3359,1649298311.607706000,52.94.176.11
1835,54,1649298311.607723000,10.11.219.6
1836,180,1649298311.611748000,10.11.219.6
1837,-2774,1649298311.615363000,52.94.215.121
1838,54,1649298311.615376000,10.11.219.6
1839,-17734,1649298311.615502000,52.94.215.121
1840,54,1649298311.615506000,10.11.219.6
1841,-2594,1649298311.616434000,52.94.215.121
1842,54,1649298311.616443000,10.11.219.6
1843,-54,1649298311.619194000,52.94.176.11
1844,-54,1649298311.621333000,52.94.176.11
1845,-2774,1649298311.624068000,52.94.176.11
1846,54,1649298311.624079000,10.11.219.6
1847,-3359,1649298311.624127000,52.94.176.11
1848,54,1649298311.624133000,10.11.219.6
1849,-696,1649298311.628861000,54.240.248.156
1850,180,1649298311.633198000,10.11.219.6
1851,-2774,1649298311.637359000,52.94.215.121
1852,54,1649298311.637375000,10.11.219.6
1853,-10934,1649298311.637426000,52.94.215.121
1854,54,1649298311.637438000,10.11.219.6
1855,54,1649298311.645423000,10.11.219.6
1856,-4134,1649298311.645998000,52.94.215.121
1857,54,1649298311.646012000,10.11.219.6
1858,-10934,1649298311.647825000,52.94.215.121
1859,54,1649298311.647835000,10.11.219.6
1860,-14922,1649298311.649590000,52.94.215.121
1861,54,1649298311.649599000,10.11.219.6
1862,54,1649298311.669425000,10.11.219.6
1863,-105,1649298311.676032000,52.119.166.51
1864,54,1649298311.676050000,10.11.219.6
1865,585,1649298311.678473000,10.11.219.6
1866,755,1649298311.700345000,10.11.219.6
1867,-105,1649298311.729607000,52.94.176.11
1868,54,1649298311.729674000,10.11.219.6
1869,639,1649298311.730308000,10.11.219.6
1870,-105,1649298311.734902000,52.94.176.11
1871,54,1649298311.734924000,10.11.219.6
1872,1330,1649298311.735333000,10.11.219.6
1873,-105,1649298311.768182000,52.94.176.11
1874,54,1649298311.768202000,10.11.219.6
1875,-15014,1649298311.775061000,52.94.215.121
1876,54,1649298311.775087000,10.11.219.6
1877,755,1649298311.779126000,10.11.219.6
1878,162,1649298311.815888000,10.11.219.6
1879,-5538,1649298311.820128000,18.65.156.210
1880,66,1649298311.820148000,10.11.219.6
1881,-203,1649298311.820160000,18.65.156.210
1882,78,1649298311.820163000,10.11.219.6
1883,-1434,1649298311.820176000,18.65.156.210
1884,66,1649298311.820179000,10.11.219.6
1885,-1434,1649298311.820181000,18.65.156.210
1886,66,1649298311.820182000,10.11.219.6
1887,-317,1649298311.820184000,18.65.156.210
1888,78,1649298311.820185000,10.11.219.6
1889,-1434,1649298311.820187000,18.65.156.210
1890,66,1649298311.820189000,10.11.219.6
1891,-97,1649298311.820191000,18.65.156.210
1892,66,1649298311.820192000,10.11.219.6
1893,-439,1649298311.823646000,52.119.166.51
1894,54,1649298311.823670000,10.11.219.6
1895,-696,1649298311.832227000,54.240.248.156
1896,54,1649298311.832252000,10.11.219.6
1897,-756,1649298311.864502000,52.94.176.11
1898,54,1649298311.864535000,10.11.219.6
1899,-103,1649298311.864557000,52.94.176.11
1900,54,1649298311.864565000,10.11.219.6
1901,1414,1649298311.866042000,10.11.219.6
1902,254,1649298311.866060000,10.11.219.6
1903,-681,1649298311.870777000,52.94.176.11
1904,54,1649298311.870799000,10.11.219.6
1905,-8214,1649298311.910439000,52.94.215.121
1906,54,1649298311.910456000,10.11.219.6
1907,-5987,1649298311.910498000,52.94.215.121
1908,54,1649298311.910504000,10.11.219.6
1909,-696,1649298311.913549000,54.240.248.156
1910,54,1649298311.913597000,10.11.219.6
1911,159,1649298311.936118000,10.11.219.6
1912,-707,1649298311.939234000,18.65.156.210
1913,66,1649298311.939260000,10.11.219.6
1914,755,1649298311.943840000,10.11.219.6
1915,161,1649298311.981226000,10.11.219.6
1916,148,1649298311.984500000,10.11.219.6
1917,-5538,1649298311.985020000,18.65.156.210
1918,66,1649298311.985036000,10.11.219.6
1919,-443,1649298311.985049000,18.65.156.210
1920,78,1649298311.985055000,10.11.219.6
1921,-1434,1649298311.985059000,18.65.156.210
1922,66,1649298311.985063000,10.11.219.6
1923,-97,1649298311.985066000,18.65.156.210
1924,66,1649298311.985069000,10.11.219.6
1925,-5538,1649298311.990112000,18.65.156.210
1926,66,1649298311.990135000,10.11.219.6
1927,-11000,1649298311.990259000,18.65.156.210
1928,-8274,1649298311.990284000,18.65.156.210
1929,66,1649298311.990303000,10.11.219.6
1930,66,1649298311.990514000,10.11.219.6
1931,-8264,1649298311.991480000,18.65.156.210
1932,66,1649298311.991492000,10.11.219.6
1933,-54,1649298311.991508000,52.94.176.11
1934,-2802,1649298311.991519000,18.65.156.210
1935,66,1649298311.991552000,10.11.219.6
1936,1434,1649298311.999662000,10.11.219.6
1937,320,1649298311.999684000,10.11.219.6
1938,1434,1649298312.000670000,10.11.219.6
1939,697,1649298312.000688000,10.11.219.6
1940,-15846,1649298312.001964000,18.65.156.210
1941,-97,1649298312.001985000,18.65.156.210
1942,66,1649298312.002010000,10.11.219.6
1943,1427,1649298312.002706000,10.11.219.6
1944,-682,1649298312.002983000,52.94.176.11
1945,-66,1649298312.002995000,18.65.110.227
1946,74,1649298312.010153000,10.11.219.6
1947,149,1649298312.036070000,10.11.219.6
1948,-4984,1649298312.039621000,18.65.156.210
1949,66,1649298312.039898000,10.11.219.6
1950,74,1649298312.043825000,10.11.219.6
1951,54,1649298312.045426000,10.11.219.6
1952,-74,1649298312.046547000,18.65.156.177
1953,66,1649298312.046602000,10.11.219.6
1954,583,1649298312.050429000,10.11.219.6
1955,-66,1649298312.054017000,18.65.156.177
1956,-5538,1649298312.055630000,18.65.156.177
1957,66,1649298312.055670000,10.11.219.6
1958,-568,1649298312.055700000,18.65.156.177
1959,66,1649298312.055719000,10.11.219.6
1960,158,1649298312.070353000,10.11.219.6
1961,157,1649298312.071749000,10.11.219.6
1962,158,1649298312.071992000,10.11.219.6
1963,157,1649298312.072409000,10.11.219.6
1964,130,1649298312.073100000,10.11.219.6
1965,158,1649298312.073723000,10.11.219.6
1966,249,1649298312.074246000,10.11.219.6
1967,-11010,1649298312.074386000,18.65.156.210
1968,236,1649298312.074384000,10.11.219.6
1969,-5528,1649298312.074587000,18.65.156.210
1970,-772,1649298312.074594000,18.65.156.210
1971,66,1649298312.074610000,10.11.219.6
1972,385,1649298312.075114000,10.11.219.6
1973,-2802,1649298312.077537000,18.65.156.210
1974,66,1649298312.077569000,10.11.219.6
1975,-13736,1649298312.080075000,18.65.156.210
1976,-8274,1649298312.080102000,18.65.156.210
1977,66,1649298312.080136000,10.11.219.6
1978,-4049,1649298312.080201000,18.65.156.210
1979,-15114,1649298312.080206000,18.65.156.210
1980,66,1649298312.080306000,10.11.219.6
1981,-1424,1649298312.082311000,18.65.156.210
1982,-696,1649298312.082325000,54.240.248.156
1983,54,1649298312.082356000,10.11.219.6
1984,-2802,1649298312.082382000,18.65.156.210
1985,66,1649298312.082384000,10.11.219.6
1986,-1434,1649298312.082422000,18.65.156.210
1987,-344,1649298312.082426000,18.65.156.210
1988,78,1649298312.082431000,10.11.219.6
1989,-1434,1649298312.082437000,18.65.156.210
1990,66,1649298312.082441000,10.11.219.6
1991,-9642,1649298312.082446000,18.65.156.210
1992,66,1649298312.082568000,10.11.219.6
1993,-5538,1649298312.084627000,18.65.156.210
1994,66,1649298312.084644000,10.11.219.6
1995,-1424,1649298312.084775000,18.65.156.210
1996,-276,1649298312.084781000,18.65.156.210
1997,78,1649298312.084791000,10.11.219.6
1998,-66,1649298312.084804000,18.65.156.177
1999,-66,1649298312.084812000,18.65.156.177
2000,-1434,1649298312.084818000,18.65.156.210
2001,66,1649298312.084822000,10.11.219.6
2002,-66,1649298312.084828000,18.65.156.210
2003,-137,1649298312.084832000,18.65.156.177
2004,66,1649298312.084836000,10.11.219.6
2005,-66,1649298312.084840000,18.65.156.177
2006,-16472,1649298312.084878000,18.65.156.210
2007,-1786,1649298312.084892000,18.65.156.210
2008,66,1649298312.084981000,10.11.219.6
2009,97,1649298312.085331000,10.11.219.6
2010,-16472,1649298312.087276000,18.65.156.210
2011,66,1649298312.087297000,10.11.219.6
2012,-8274,1649298312.087347000,18.65.156.177
2013,66,1649298312.087354000,10.11.219.6
2014,-135,1649298312.087363000,18.65.156.177
2015,78,1649298312.087372000,10.11.219.6
2016,-1434,1649298312.090414000,18.65.156.177
2017,66,1649298312.090519000,10.11.219.6
2018,-9642,1649298312.090610000,18.65.156.210
2019,66,1649298312.090633000,10.11.219.6
2020,-3935,1649298312.090818000,18.65.156.210
2021,-9642,1649298312.090842000,18.65.156.210
2022,66,1649298312.090867000,10.11.219.6
2023,66,1649298312.090944000,10.11.219.6
2024,-6896,1649298312.093010000,18.65.156.210
2025,66,1649298312.093068000,10.11.219.6
2026,-7530,1649298312.093128000,18.65.156.210
2027,-66,1649298312.093166000,18.65.156.177
2028,66,1649298312.094009000,10.11.219.6
2029,710,1649298312.095779000,10.11.219.6
2030,620,1649298312.106232000,10.11.219.6
2031,454,1649298312.106577000,10.11.219.6
2032,441,1649298312.109271000,10.11.219.6
2033,440,1649298312.110777000,10.11.219.6
2034,-669,1649298312.112966000,18.65.110.227
2035,66,1649298312.112991000,10.11.219.6
2036,-97,1649298312.113014000,18.65.110.227
2037,66,1649298312.113020000,10.11.219.6
2038,699,1649298312.114689000,10.11.219.6
2039,454,1649298312.119260000,10.11.219.6
2040,454,1649298312.122747000,10.11.219.6
2041,-66,1649298312.126770000,34.213.237.248
2042,691,1649298312.128082000,10.11.219.6
2043,-235,1649298312.131106000,34.213.237.248
2044,66,1649298312.131145000,10.11.219.6
2045,-104,1649298312.131167000,34.213.237.248
2046,66,1649298312.131174000,10.11.219.6
2047,-66,1649298312.131180000,18.65.110.227
2048,600,1649298312.135908000,10.11.219.6
2049,688,1649298312.136998000,10.11.219.6
2050,566,1649298312.141983000,10.11.219.6
2051,-66,1649298312.146013000,52.94.176.11
2052,54,1649298312.146052000,10.11.219.6
2053,571,1649298312.148024000,10.11.219.6
2054,74,1649298312.149976000,10.11.219.6
2055,616,1649298312.150137000,10.11.219.6
2056,457,1649298312.150540000,10.11.219.6
2057,-236,1649298312.154658000,34.213.237.248
2058,66,1649298312.154674000,10.11.219.6
2059,-104,1649298312.154693000,34.213.237.248
2060,66,1649298312.154699000,10.11.219.6
2061,456,1649298312.156729000,10.11.219.6
2062,455,1649298312.157075000,10.11.219.6
2063,74,1649298312.157349000,10.11.219.6
2064,442,1649298312.157409000,10.11.219.6
2065,440,1649298312.163333000,10.11.219.6
2066,74,1649298312.165162000,10.11.219.6
2067,688,1649298312.166490000,10.11.219.6
2068,-66,1649298312.169648000,18.65.110.227
2069,731,1649298312.170231000,10.11.219.6
2070,540,1649298312.170438000,10.11.219.6
2071,-66,1649298312.217784000,18.65.110.227
2072,-66,1649298312.231691000,34.213.237.248
2073,832,1649298312.231709000,10.11.219.6
2074,-235,1649298312.233873000,34.213.237.248
2075,-104,1649298312.233883000,34.213.237.248
2076,-235,1649298312.233885000,34.213.237.248
2077,-104,1649298312.233891000,34.213.237.248
2078,66,1649298312.234228000,10.11.219.6
2079,-235,1649298312.237076000,34.213.237.248
2080,-104,1649298312.237090000,34.213.237.248
2081,66,1649298312.237216000,10.11.219.6
2082,-2234,1649298312.243789000,18.65.110.227
2083,-97,1649298312.243808000,18.65.110.227
2084,66,1649298312.243873000,10.11.219.6
2085,-66,1649298312.247737000,34.213.237.248
2086,-2774,1649298312.255392000,52.94.215.121
2087,54,1649298312.255428000,10.11.219.6
2088,-10934,1649298312.255497000,52.94.215.121
2089,54,1649298312.255504000,10.11.219.6
2090,-1366,1649298312.255747000,52.94.215.121
2091,54,1649298312.255754000,10.11.219.6
2092,-3003,1649298312.257539000,52.94.215.121
2093,54,1649298312.257555000,10.11.219.6
2094,-4463,1649298312.257576000,52.94.215.121
2095,54,1649298312.257582000,10.11.219.6
2096,-1543,1649298312.257588000,52.94.215.121
2097,54,1649298312.257591000,10.11.219.6
2098,-1414,1649298312.257609000,52.94.215.121
2099,54,1649298312.257612000,10.11.219.6
2100,-1643,1649298312.259137000,52.94.215.121
2101,54,1649298312.259151000,10.11.219.6
2102,-688,1649298312.259171000,34.213.237.248
2103,-3003,1649298312.259176000,52.94.215.121
2104,54,1649298312.259180000,10.11.219.6
2105,-3003,1649298312.259186000,52.94.215.121
2106,54,1649298312.259190000,10.11.219.6
2107,-2774,1649298312.259207000,52.94.215.121
2108,54,1649298312.259211000,10.11.219.6
2109,-2240,1649298312.259889000,18.65.110.227
2110,66,1649298312.259905000,10.11.219.6
2111,-97,1649298312.259923000,18.65.110.227
2112,-2241,1649298312.266143000,18.65.110.227
2113,66,1649298312.266159000,10.11.219.6
2114,-97,1649298312.266179000,18.65.110.227
2115,-533,1649298312.274566000,52.94.215.121
2116,54,1649298312.274600000,10.11.219.6
2117,739,1649298312.275528000,10.11.219.6
2118,-66,1649298312.275612000,34.213.237.248
2119,-235,1649298312.277796000,34.213.237.248
2120,-104,1649298312.277813000,34.213.237.248
2121,-236,1649298312.277816000,34.213.237.248
2122,66,1649298312.278026000,10.11.219.6
2123,373,1649298312.279474000,10.11.219.6
2124,-104,1649298312.280022000,34.213.237.248
2125,-54,1649298312.280961000,52.94.176.11
2126,423,1649298312.281766000,10.11.219.6
2127,-66,1649298312.282015000,18.65.110.227
2128,-66,1649298312.283120000,34.213.237.248
2129,-54,1649298312.283138000,52.94.176.11
2130,-235,1649298312.284208000,34.213.237.248
2131,-104,1649298312.284220000,34.213.237.248
2132,-235,1649298312.284223000,34.213.237.248
2133,66,1649298312.284441000,10.11.219.6
2134,-66,1649298312.285785000,52.94.215.121
2135,54,1649298312.285821000,10.11.219.6
2136,-540,1649298312.285842000,52.94.215.121
2137,54,1649298312.285852000,10.11.219.6
2138,-6079,1649298312.285861000,52.94.176.11
2139,54,1649298312.285866000,10.11.219.6
2140,-66,1649298312.286359000,52.94.215.121
2141,54,1649298312.286380000,10.11.219.6
2142,180,1649298312.291390000,10.11.219.6
2143,-2245,1649298312.292924000,18.65.110.227
2144,571,1649298312.293643000,10.11.219.6
2145,-97,1649298312.293788000,18.65.110.227
2146,567,1649298312.293810000,10.11.219.6
2147,66,1649298312.294172000,10.11.219.6
2148,-66,1649298312.296136000,34.213.237.248
2149,-2280,1649298312.296151000,18.65.110.227
2150,66,1649298312.296159000,10.11.219.6
2151,-97,1649298312.296173000,18.65.110.227
2152,571,1649298312.296729000,10.11.219.6
2153,-66,1649298312.298057000,52.94.215.121
2154,54,1649298312.298089000,10.11.219.6
2155,571,1649298312.301521000,10.11.219.6
2156,66,1649298312.341515000,10.11.219.6
2157,-724,1649298312.359325000,34.213.237.248
2158,-235,1649298312.359363000,34.213.237.248
2159,-104,1649298312.359370000,34.213.237.248
2160,-235,1649298312.359376000,34.213.237.248
2161,-104,1649298312.359379000,34.213.237.248
2162,66,1649298312.360688000,10.11.219.6
2163,-2774,1649298312.386132000,52.94.215.121
2164,54,1649298312.386149000,10.11.219.6
2165,-5494,1649298312.386279000,52.94.215.121
2166,54,1649298312.386285000,10.11.219.6
2167,-668,1649298312.388503000,18.65.110.227
2168,66,1649298312.388517000,10.11.219.6
2169,-97,1649298312.388529000,18.65.110.227
2170,66,1649298312.388532000,10.11.219.6
2171,-23174,1649298312.388537000,52.94.215.121
2172,54,1649298312.388541000,10.11.219.6
2173,-2141,1649298312.388559000,52.94.215.121
2174,54,1649298312.388561000,10.11.219.6
2175,795,1649298312.389115000,10.11.219.6
2176,-540,1649298312.407018000,52.94.215.121
2177,-235,1649298312.410061000,34.213.237.248
2178,-104,1649298312.410107000,34.213.237.248
2179,-54,1649298312.413173000,52.94.215.121
2180,157,1649298312.417780000,10.11.219.6
2181,600,1649298312.418050000,10.11.219.6
2182,66,1649298312.418242000,10.11.219.6
2183,-54,1649298312.419826000,52.94.215.121
2184,-2802,1649298312.421302000,18.65.156.210
2185,66,1649298312.421333000,10.11.219.6
2186,-466,1649298312.421359000,18.65.156.210
2187,-1434,1649298312.421361000,18.65.156.210
2188,-97,1649298312.421362000,18.65.156.210
2189,78,1649298312.421370000,10.11.219.6
2190,66,1649298312.421384000,10.11.219.6
2191,66,1649298312.421389000,10.11.219.6
2192,-54,1649298312.424120000,52.94.215.121
2193,-5494,1649298312.427863000,52.94.215.121
2194,54,1649298312.427880000,10.11.219.6
2195,-510,1649298312.435650000,52.94.215.121
2196,54,1649298312.435669000,10.11.219.6
2197,-105,1649298312.435685000,52.94.176.11
2198,54,1649298312.435696000,10.11.219.6
2199,-54,1649298312.435701000,52.94.215.121
2200,-5950,1649298312.436589000,52.94.215.121
2201,54,1649298312.436598000,10.11.219.6
2202,-54,1649298312.436608000,52.94.215.121
2203,-540,1649298312.437057000,52.94.215.121
2204,-54,1649298312.437065000,52.94.215.121
2205,180,1649298312.438856000,10.11.219.6
2206,-5950,1649298312.440772000,52.94.215.121
2207,54,1649298312.440792000,10.11.219.6
2208,180,1649298312.443319000,10.11.219.6
2209,567,1649298312.443565000,10.11.219.6
2210,180,1649298312.446915000,10.11.219.6
2211,1414,1649298312.448030000,10.11.219.6
2212,1110,1649298312.448057000,10.11.219.6
2213,755,1649298312.461715000,10.11.219.6
2214,156,1649298312.468023000,10.11.219.6
2215,-2551,1649298312.482481000,18.65.156.210
2216,66,1649298312.482497000,10.11.219.6
2217,-97,1649298312.482510000,18.65.156.210
2218,66,1649298312.482512000,10.11.219.6
2219,157,1649298312.492846000,10.11.219.6
2220,-1434,1649298312.497235000,18.65.156.210
2221,66,1649298312.497257000,10.11.219.6
2222,-543,1649298312.497275000,18.65.156.210
2223,78,1649298312.497279000,10.11.219.6
2224,-1434,1649298312.497281000,18.65.156.210
2225,-97,1649298312.497282000,18.65.156.210
2226,66,1649298312.497291000,10.11.219.6
2227,66,1649298312.497302000,10.11.219.6
2228,74,1649298312.531775000,10.11.219.6
2229,-533,1649298312.555991000,52.94.215.121
2230,741,1649298312.556282000,10.11.219.6
2231,-105,1649298312.566953000,52.94.215.121
2232,54,1649298312.566971000,10.11.219.6
2233,600,1649298312.567276000,10.11.219.6
2234,-54,1649298312.575172000,52.94.215.121
2235,-105,1649298312.577469000,52.94.215.121
2236,54,1649298312.577544000,10.11.219.6
2237,600,1649298312.578120000,10.11.219.6
2238,-105,1649298312.582905000,52.94.215.121
2239,54,1649298312.582923000,10.11.219.6
2240,566,1649298312.583184000,10.11.219.6
2241,541,1649298312.587088000,10.11.219.6
2242,457,1649298312.588679000,10.11.219.6
2243,-54,1649298312.589067000,52.94.176.11
2244,-540,1649298312.589082000,52.94.215.121
2245,600,1649298312.589649000,10.11.219.6
2246,912,1649298312.590395000,10.11.219.6
2247,-1098,1649298312.590915000,52.94.215.121
2248,567,1649298312.591355000,10.11.219.6
2249,676,1649298312.591976000,10.11.219.6
2250,-66,1649298312.594899000,18.65.110.227
2251,-696,1649298312.596029000,54.240.248.156
2252,54,1649298312.596059000,10.11.219.6
2253,-681,1649298312.602426000,52.94.176.11
2254,54,1649298312.602438000,10.11.219.6
2255,-540,1649298312.688238000,52.94.215.121
2256,842,1649298312.688939000,10.11.219.6
2257,-66,1649298312.708581000,52.94.234.174
2258,54,1649298312.708632000,10.11.219.6
2259,-533,1649298312.708659000,52.94.215.121
2260,54,1649298312.708672000,10.11.219.6
2261,641,1649298312.709238000,10.11.219.6
2262,-66,1649298312.714921000,34.213.237.248
2263,-235,1649298312.714932000,34.213.237.248
2264,-104,1649298312.714935000,34.213.237.248
2265,571,1649298312.716072000,10.11.219.6
2266,-235,1649298312.716251000,34.213.237.248
2267,-104,1649298312.716259000,34.213.237.248
2268,160,1649298312.716484000,10.11.219.6
2269,66,1649298312.716933000,10.11.219.6
2270,-54,1649298312.720024000,52.94.215.121
2271,-717,1649298312.720034000,18.65.156.210
2272,78,1649298312.720042000,10.11.219.6
2273,-1434,1649298312.720054000,18.65.156.210
2274,66,1649298312.720060000,10.11.219.6
2275,-97,1649298312.720062000,18.65.156.210
2276,66,1649298312.720065000,10.11.219.6
2277,-2377,1649298312.722511000,18.65.110.227
2278,66,1649298312.722527000,10.11.219.6
2279,-97,1649298312.722542000,18.65.110.227
2280,66,1649298312.722546000,10.11.219.6
2281,-696,1649298312.722548000,54.240.248.156
2282,54,1649298312.722554000,10.11.219.6
2283,-533,1649298312.725540000,52.94.215.121
2284,54,1649298312.725559000,10.11.219.6
2285,608,1649298312.725743000,10.11.219.6
2286,-540,1649298312.726614000,52.94.215.121
2287,54,1649298312.726631000,10.11.219.6
2288,-540,1649298312.728761000,52.94.215.121
2289,-533,1649298312.735311000,52.94.215.121
2290,54,1649298312.769446000,10.11.219.6
2291,54,1649298312.777515000,10.11.219.6
2292,-533,1649298312.849523000,52.94.215.121
2293,-54,1649298312.856912000,52.94.215.121
2294,-54,1649298312.883867000,52.94.234.174
2295,-54,1649298312.891156000,52.94.234.174
2296,-150,1649298312.892797000,52.94.234.174
2297,54,1649298312.892814000,10.11.219.6
2298,-5022,1649298312.892865000,52.94.234.174
2299,54,1649298312.892880000,10.11.219.6
2300,-392,1649298312.892889000,52.94.234.174
2301,54,1649298312.892894000,10.11.219.6
2302,-63,1649298312.892898000,52.94.234.174
2303,54,1649298312.892902000,10.11.219.6
2304,54,1649298312.893423000,10.11.219.6
2305,204,1649298312.898153000,10.11.219.6
2306,-1950,1649298312.912903000,52.94.215.121
2307,54,1649298312.912917000,10.11.219.6
2308,-63,1649298312.921116000,52.94.234.174
2309,66,1649298312.921135000,10.11.219.6
2310,74,1649298312.947521000,10.11.219.6
2311,-533,1649298312.992619000,52.94.215.121
2312,66,1649298312.992651000,10.11.219.6
2313,-54,1649298313.073700000,52.94.234.174
2314,-60,1649298313.073721000,52.94.234.174
2315,54,1649298313.073737000,10.11.219.6
2316,-123,1649298313.073778000,52.94.234.174
2317,54,1649298313.073784000,10.11.219.6
2318,507,1649298313.074562000,10.11.219.6
2319,-540,1649298313.085535000,52.94.215.121
2320,54,1649298313.085567000,10.11.219.6
2321,792,1649298313.106594000,10.11.219.6
2322,796,1649298313.106718000,10.11.219.6
2323,-66,1649298313.123899000,209.54.180.144
2324,54,1649298313.123950000,10.11.219.6
2325,571,1649298313.128974000,10.11.219.6
2326,794,1649298313.129337000,10.11.219.6
2327,396,1649298313.167489000,10.11.219.6
2328,1355,1649298313.167574000,10.11.219.6
2329,1434,1649298313.167749000,10.11.219.6
2330,1434,1649298313.167758000,10.11.219.6
2331,1434,1649298313.167760000,10.11.219.6
2332,1434,1649298313.168042000,10.11.219.6
2333,1434,1649298313.168053000,10.11.219.6
2334,1434,1649298313.168058000,10.11.219.6
2335,1434,1649298313.168598000,10.11.219.6
2336,1434,1649298313.168606000,10.11.219.6
2337,1434,1649298313.168609000,10.11.219.6
2338,1434,1649298313.168958000,10.11.219.6
2339,1434,1649298313.168964000,10.11.219.6
2340,808,1649298313.173565000,10.11.219.6
2341,-54,1649298313.228901000,52.94.215.121
2342,-540,1649298313.236943000,52.94.215.121
2343,-540,1649298313.243447000,52.94.215.121
2344,54,1649298313.243480000,10.11.219.6
2345,-283,1649298313.249554000,52.94.234.174
2346,54,1649298313.249574000,10.11.219.6
2347,74,1649298313.265181000,10.11.219.6
2348,-540,1649298313.272133000,52.94.215.121
2349,54,1649298313.272192000,10.11.219.6
2350,808,1649298313.276971000,10.11.219.6
2351,54,1649298313.277430000,10.11.219.6
2352,-66,1649298313.292821000,34.213.237.248
2353,1434,1649298313.292846000,10.11.219.6
2354,1434,1649298313.292860000,10.11.219.6
2355,1434,1649298313.292869000,10.11.219.6
2356,1434,1649298313.292871000,10.11.219.6
2357,-108,1649298313.292876000,34.213.237.248
2358,-108,1649298313.292887000,34.213.237.248
2359,66,1649298313.293050000,10.11.219.6
2360,-66,1649298313.293747000,34.213.237.248
2361,1434,1649298313.293776000,10.11.219.6
2362,1434,1649298313.293791000,10.11.219.6
2363,1434,1649298313.293803000,10.11.219.6
2364,1434,1649298313.293807000,10.11.219.6
2365,-66,1649298313.293814000,34.213.237.248
2366,1434,1649298313.294687000,10.11.219.6
2367,1434,1649298313.294704000,10.11.219.6
2368,1434,1649298313.294719000,10.11.219.6
2369,1434,1649298313.294723000,10.11.219.6
2370,-66,1649298313.294799000,34.213.237.248
2371,-66,1649298313.294828000,34.213.237.248
2372,1434,1649298313.297803000,10.11.219.6
2373,1434,1649298313.297822000,10.11.219.6
2374,1434,1649298313.297841000,10.11.219.6
2375,1434,1649298313.297846000,10.11.219.6
2376,1434,1649298313.297851000,10.11.219.6
2377,1434,1649298313.298620000,10.11.219.6
2378,1434,1649298313.298645000,10.11.219.6
2379,1434,1649298313.298650000,10.11.219.6
2380,1434,1649298313.298669000,10.11.219.6
2381,1434,1649298313.298675000,10.11.219.6
2382,1434,1649298313.298680000,10.11.219.6
2383,1434,1649298313.299445000,10.11.219.6
2384,1434,1649298313.299468000,10.11.219.6
2385,1434,1649298313.299473000,10.11.219.6
2386,-54,1649298313.301017000,209.54.180.144
2387,-54,1649298313.305237000,209.54.180.144
2388,-6001,1649298313.309182000,209.54.180.144
2389,54,1649298313.309212000,10.11.219.6
2390,-696,1649298313.309236000,54.240.248.156
2391,54,1649298313.309249000,10.11.219.6
2392,180,1649298313.318024000,10.11.219.6
2393,-74,1649298313.389392000,52.24.75.179
2394,66,1649298313.389419000,10.11.219.6
2395,583,1649298313.391101000,10.11.219.6
2396,-696,1649298313.416473000,54.240.248.156
2397,54,1649298313.416488000,10.11.219.6
2398,-66,1649298313.418282000,34.213.237.248
2399,1434,1649298313.418297000,10.11.219.6
2400,1434,1649298313.418306000,10.11.219.6
2401,1434,1649298313.418307000,10.11.219.6
2402,-66,1649298313.418311000,34.213.237.248
2403,1434,1649298313.418316000,10.11.219.6
2404,1434,1649298313.418318000,10.11.219.6
2405,1434,1649298313.418319000,10.11.219.6
2406,-108,1649298313.418321000,34.213.237.248
2407,-66,1649298313.420400000,34.213.237.248
2408,1434,1649298313.420411000,10.11.219.6
2409,1434,1649298313.420417000,10.11.219.6
2410,1434,1649298313.420418000,10.11.219.6
2411,1434,1649298313.420423000,10.11.219.6
2412,1434,1649298313.420424000,10.11.219.6
2413,1434,1649298313.420426000,10.11.219.6
2414,-66,1649298313.420428000,34.213.237.248
2415,1434,1649298313.421135000,10.11.219.6
2416,1434,1649298313.421139000,10.11.219.6
2417,1434,1649298313.421141000,10.11.219.6
2418,1434,1649298313.421142000,10.11.219.6
2419,-66,1649298313.422546000,34.213.237.248
2420,1434,1649298313.422555000,10.11.219.6
2421,1434,1649298313.422560000,10.11.219.6
2422,1434,1649298313.422561000,10.11.219.6
2423,1434,1649298313.422562000,10.11.219.6
2424,-66,1649298313.422565000,34.213.237.248
2425,-108,1649298313.422567000,34.213.237.248
2426,1088,1649298313.423171000,10.11.219.6
2427,-66,1649298313.423840000,34.213.237.248
2428,-66,1649298313.423845000,34.213.237.248
2429,-108,1649298313.423846000,34.213.237.248
2430,-66,1649298313.423848000,34.213.237.248
2431,-66,1649298313.423849000,34.213.237.248
2432,-66,1649298313.425806000,34.213.237.248
2433,-108,1649298313.425811000,34.213.237.248
2434,66,1649298313.425824000,10.11.219.6
2435,-105,1649298313.494777000,209.54.180.144
2436,54,1649298313.494791000,10.11.219.6
2437,1391,1649298313.495004000,10.11.219.6
2438,186,1649298313.516061000,10.11.219.6
2439,-66,1649298313.516259000,52.24.75.179
2440,691,1649298313.516767000,10.11.219.6
2441,-1434,1649298313.517696000,52.24.75.179
2442,66,1649298313.517707000,10.11.219.6
2443,-82,1649298313.517719000,52.24.75.179
2444,78,1649298313.517724000,10.11.219.6
2445,-4170,1649298313.517728000,52.24.75.179
2446,66,1649298313.517732000,10.11.219.6
2447,189,1649298313.518130000,10.11.219.6
2448,-2802,1649298313.520734000,18.65.156.210
2449,-13736,1649298313.520847000,18.65.156.210
2450,-1402,1649298313.520859000,18.65.156.210
2451,192,1649298313.520982000,10.11.219.6
2452,66,1649298313.521027000,10.11.219.6
2453,684,1649298313.521155000,10.11.219.6
2454,181,1649298313.521887000,10.11.219.6
2455,-16472,1649298313.525515000,18.65.156.210
2456,-11010,1649298313.525543000,18.65.156.210
2457,66,1649298313.525969000,10.11.219.6
2458,187,1649298313.527166000,10.11.219.6
2459,-1121,1649298313.528309000,18.65.156.210
2460,-1180,1649298313.528321000,18.65.156.210
2461,-13746,1649298313.528327000,18.65.156.210
2462,66,1649298313.528372000,10.11.219.6
2463,-2792,1649298313.528823000,18.65.156.210
2464,66,1649298313.528835000,10.11.219.6
2465,-12063,1649298313.528852000,18.65.156.210
2466,-1434,1649298313.528864000,18.65.156.210
2467,66,1649298313.528890000,10.11.219.6
2468,-4170,1649298313.531421000,18.65.156.210
2469,66,1649298313.531438000,10.11.219.6
2470,-11000,1649298313.531550000,18.65.156.210
2471,-8274,1649298313.531584000,18.65.156.210
2472,66,1649298313.531617000,10.11.219.6
2473,1008,1649298313.532025000,10.11.219.6
2474,-2802,1649298313.535336000,18.65.156.210
2475,66,1649298313.535390000,10.11.219.6
2476,-5528,1649298313.535500000,18.65.156.210
2477,-13746,1649298313.535508000,18.65.156.210
2478,66,1649298313.535529000,10.11.219.6
2479,174,1649298313.536728000,10.11.219.6
2480,-2802,1649298313.537863000,18.65.156.210
2481,-2802,1649298313.538440000,18.65.156.210
2482,66,1649298313.538729000,10.11.219.6
2483,169,1649298313.538899000,10.11.219.6
2484,1228,1649298313.539720000,10.11.219.6
2485,-13726,1649298313.540298000,18.65.156.210
2486,-13746,1649298313.540333000,18.65.156.210
2487,66,1649298313.540337000,10.11.219.6
2488,66,1649298313.540405000,10.11.219.6
2489,-13746,1649298313.540804000,18.65.156.210
2490,66,1649298313.540811000,10.11.219.6
2491,-2802,1649298313.543238000,18.65.156.210
2492,66,1649298313.543251000,10.11.219.6
2493,-2802,1649298313.543426000,18.65.156.210
2494,66,1649298313.543432000,10.11.219.6
2495,-19218,1649298313.543444000,18.65.156.210
2496,66,1649298313.543485000,10.11.219.6
2497,-5538,1649298313.544928000,18.65.156.210
2498,66,1649298313.544937000,10.11.219.6
2499,-8274,1649298313.548175000,18.65.156.210
2500,66,1649298313.548209000,10.11.219.6
2501,-24690,1649298313.550606000,18.65.156.210
2502,-4170,1649298313.550690000,18.65.156.210
2503,-9642,1649298313.550695000,18.65.156.210
2504,66,1649298313.550706000,10.11.219.6
2505,66,1649298313.550786000,10.11.219.6
2506,-18622,1649298313.552846000,18.65.156.210
2507,66,1649298313.552852000,10.11.219.6
2508,-5538,1649298313.554861000,18.65.156.210
2509,66,1649298313.554878000,10.11.219.6
2510,-2802,1649298313.555036000,18.65.156.210
2511,66,1649298313.555042000,10.11.219.6
2512,-19218,1649298313.555056000,18.65.156.210
2513,66,1649298313.555086000,10.11.219.6
2514,-2802,1649298313.557436000,18.65.156.210
2515,66,1649298313.557456000,10.11.219.6
2516,-2802,1649298313.557475000,18.65.156.210
2517,66,1649298313.557547000,10.11.219.6
2518,-9642,1649298313.557590000,18.65.156.210
2519,66,1649298313.557644000,10.11.219.6
2520,-6906,1649298313.559871000,18.65.156.210
2521,66,1649298313.559888000,10.11.219.6
2522,-5538,1649298313.559914000,18.65.156.210
2523,-66,1649298313.559927000,18.65.156.210
2524,-1434,1649298313.559937000,18.65.156.210
2525,66,1649298313.559988000,10.11.219.6
2526,-19218,1649298313.560036000,18.65.156.210
2527,66,1649298313.560070000,10.11.219.6
2528,571,1649298313.560976000,10.11.219.6
2529,-5538,1649298313.561663000,18.65.156.210
2530,66,1649298313.561745000,10.11.219.6
2531,-66,1649298313.564320000,34.213.237.248
2532,-2802,1649298313.564332000,18.65.156.210
2533,66,1649298313.564401000,10.11.219.6
2534,-4170,1649298313.564535000,18.65.156.210
2535,-66,1649298313.564542000,34.213.237.248
2536,-4170,1649298313.564547000,18.65.156.210
2537,-66,1649298313.564548000,34.213.237.248
2538,-66,1649298313.564562000,34.213.237.248
2539,-66,1649298313.564564000,34.213.237.248
2540,-108,1649298313.564566000,34.213.237.248
2541,-66,1649298313.564567000,34.213.237.248
2542,-66,1649298313.564571000,34.213.237.248
2543,-66,1649298313.564572000,34.213.237.248
2544,-6906,1649298313.564576000,18.65.156.210
2545,66,1649298313.564585000,10.11.219.6
2546,-13746,1649298313.564616000,18.65.156.210
2547,66,1649298313.564653000,10.11.219.6
2548,838,1649298313.565496000,10.11.219.6
2549,-5538,1649298313.566520000,18.65.156.210
2550,66,1649298313.566559000,10.11.219.6
2551,-8274,1649298313.566979000,18.65.156.210
2552,-259,1649298313.566986000,34.213.237.248
2553,-8274,1649298313.566992000,18.65.156.210
2554,-2802,1649298313.567000000,18.65.156.210
2555,66,1649298313.567003000,10.11.219.6
2556,66,1649298313.567047000,10.11.219.6
2557,66,1649298313.567064000,10.11.219.6
2558,-2802,1649298313.569637000,18.65.156.210
2559,66,1649298313.569650000,10.11.219.6
2560,-16482,1649298313.569820000,18.65.156.210
2561,-5538,1649298313.569855000,18.65.156.210
2562,66,1649298313.570288000,10.11.219.6
2563,-2802,1649298313.571599000,18.65.156.210
2564,66,1649298313.571612000,10.11.219.6
2565,-21954,1649298313.572063000,18.65.156.210
2566,66,1649298313.572100000,10.11.219.6
2567,-2802,1649298313.574687000,18.65.156.210
2568,66,1649298313.574696000,10.11.219.6
2569,-5538,1649298313.574713000,18.65.156.210
2570,66,1649298313.574765000,10.11.219.6
2571,-16482,1649298313.574865000,18.65.156.210
2572,66,1649298313.574911000,10.11.219.6
2573,-5538,1649298313.577465000,18.65.156.210
2574,66,1649298313.577474000,10.11.219.6
2575,-2802,1649298313.577634000,18.65.156.210
2576,66,1649298313.577644000,10.11.219.6
2577,-1434,1649298313.579799000,18.65.156.210
2578,-4170,1649298313.579811000,18.65.156.210
2579,-15114,1649298313.579817000,18.65.156.210
2580,66,1649298313.579870000,10.11.219.6
2581,-17850,1649298313.579998000,18.65.156.210
2582,-4170,1649298313.580013000,18.65.156.210
2583,66,1649298313.580045000,10.11.219.6
2584,-11010,1649298313.582484000,18.65.156.210
2585,66,1649298313.582499000,10.11.219.6
2586,-12378,1649298313.582571000,18.65.156.210
2587,-1434,1649298313.582580000,18.65.156.210
2588,66,1649298313.582636000,10.11.219.6
2589,-13746,1649298313.586598000,18.65.156.210
2590,66,1649298313.586624000,10.11.219.6
2591,-5538,1649298313.586695000,18.65.156.210
2592,66,1649298313.586787000,10.11.219.6
2593,-12378,1649298313.588851000,18.65.156.210
2594,66,1649298313.588867000,10.11.219.6
2595,-13746,1649298313.588951000,18.65.156.210
2596,-2802,1649298313.588970000,18.65.156.210
2597,66,1649298313.589697000,10.11.219.6
2598,-8274,1649298313.590467000,18.65.156.210
2599,66,1649298313.590481000,10.11.219.6
2600,-6906,1649298313.591184000,18.65.156.210
2601,-11010,1649298313.591194000,18.65.156.210
2602,66,1649298313.591238000,10.11.219.6
2603,-2802,1649298313.593289000,18.65.156.210
2604,66,1649298313.593304000,10.11.219.6
2605,-17850,1649298313.593473000,18.65.156.210
2606,-4170,1649298313.593492000,18.65.156.210
2607,66,1649298313.593512000,10.11.219.6
2608,-2802,1649298313.595570000,18.65.156.210
2609,66,1649298313.595586000,10.11.219.6
2610,-13746,1649298313.595733000,18.65.156.210
2611,66,1649298313.595767000,10.11.219.6
2612,-6906,1649298313.597778000,18.65.156.210
2613,66,1649298313.597796000,10.11.219.6
2614,-2802,1649298313.597819000,18.65.156.210
2615,-2802,1649298313.597942000,18.65.156.210
2616,-19218,1649298313.597950000,18.65.156.210
2617,66,1649298313.598137000,10.11.219.6
2618,-5538,1649298313.600227000,18.65.156.210
2619,66,1649298313.600241000,10.11.219.6
2620,-2802,1649298313.600356000,18.65.156.210
2621,66,1649298313.600514000,10.11.219.6
2622,191,1649298313.602590000,10.11.219.6
2623,-5538,1649298313.602689000,18.65.156.210
2624,-11010,1649298313.602699000,18.65.156.210
2625,66,1649298313.602722000,10.11.219.6
2626,-6906,1649298313.603233000,18.65.156.210
2627,66,1649298313.603243000,10.11.219.6
2628,-13746,1649298313.603261000,18.65.156.210
2629,66,1649298313.603412000,10.11.219.6
2630,174,1649298313.603924000,10.11.219.6
2631,-2802,1649298313.605914000,18.65.156.210
2632,66,1649298313.605962000,10.11.219.6
2633,-11010,1649298313.606072000,18.65.156.210
2634,182,1649298313.606087000,10.11.219.6
2635,-11010,1649298313.606102000,18.65.156.210
2636,66,1649298313.606166000,10.11.219.6
2637,-5538,1649298313.608603000,18.65.156.210
2638,66,1649298313.608608000,10.11.219.6
2639,-16482,1649298313.608764000,18.65.156.210
2640,-2802,1649298313.608782000,18.65.156.210
2641,66,1649298313.608797000,10.11.219.6
2642,-2802,1649298313.610956000,18.65.156.210
2643,66,1649298313.610965000,10.11.219.6
2644,-12378,1649298313.611140000,18.65.156.210
2645,-9642,1649298313.611165000,18.65.156.210
2646,66,1649298313.611174000,10.11.219.6
2647,66,1649298313.611235000,10.11.219.6
2648,-8274,1649298313.613947000,18.65.156.210
2649,66,1649298313.613953000,10.11.219.6
2650,-15114,1649298313.614087000,18.65.156.210
2651,-1434,1649298313.614096000,18.65.156.210
2652,66,1649298313.614116000,10.11.219.6
2653,-5538,1649298313.616333000,18.65.156.210
2654,66,1649298313.616342000,10.11.219.6
2655,-19218,1649298313.616503000,18.65.156.210
2656,66,1649298313.616533000,10.11.219.6
2657,-5538,1649298313.618768000,18.65.156.210
2658,66,1649298313.618779000,10.11.219.6
2659,-19218,1649298313.618960000,18.65.156.210
2660,66,1649298313.619001000,10.11.219.6
2661,-5538,1649298313.621202000,18.65.156.210
2662,66,1649298313.621224000,10.11.219.6
2663,-1434,1649298313.621357000,18.65.156.210
2664,-17850,1649298313.621379000,18.65.156.210
2665,66,1649298313.621436000,10.11.219.6
2666,-5538,1649298313.623577000,18.65.156.210
2667,66,1649298313.623594000,10.11.219.6
2668,-9642,1649298313.623720000,18.65.156.210
2669,-4170,1649298313.623726000,18.65.156.210
2670,-2802,1649298313.623781000,18.65.156.210
2671,-2802,1649298313.623796000,18.65.156.210
2672,66,1649298313.623831000,10.11.219.6
2673,-2802,1649298313.625947000,18.65.156.210
2674,66,1649298313.625962000,10.11.219.6
2675,-5538,1649298313.626103000,18.65.156.210
2676,-2802,1649298313.626112000,18.65.156.210
2677,-2802,1649298313.626114000,18.65.156.210
2678,-2802,1649298313.626151000,18.65.156.210
2679,-2802,1649298313.626154000,18.65.156.210
2680,-2802,1649298313.626156000,18.65.156.210
2681,66,1649298313.626156000,10.11.219.6
2682,-2802,1649298313.626158000,18.65.156.210
2683,66,1649298313.626381000,10.11.219.6
2684,-2802,1649298313.629008000,18.65.156.210
2685,66,1649298313.629024000,10.11.219.6
2686,-2802,1649298313.629166000,18.65.156.210
2687,-2802,1649298313.629171000,18.65.156.210
2688,-2802,1649298313.629174000,18.65.156.210
2689,-2802,1649298313.629176000,18.65.156.210
2690,66,1649298313.629184000,10.11.219.6
2691,-2802,1649298313.629213000,18.65.156.210
2692,-2802,1649298313.629215000,18.65.156.210
2693,-2802,1649298313.629217000,18.65.156.210
2694,-2802,1649298313.629219000,18.65.156.210
2695,66,1649298313.629229000,10.11.219.6
2696,-466,1649298313.629775000,18.65.156.210
2697,78,1649298313.629785000,10.11.219.6
2698,-1434,1649298313.629793000,18.65.156.210
2699,66,1649298313.629797000,10.11.219.6
2700,219,1649298313.635797000,10.11.219.6
2701,952,1649298313.636212000,10.11.219.6
2702,-2802,1649298313.640554000,18.65.156.210
2703,66,1649298313.640588000,10.11.219.6
2704,-6906,1649298313.640656000,18.65.156.210
2705,-6896,1649298313.640670000,18.65.156.210
2706,66,1649298313.640691000,10.11.219.6
2707,176,1649298313.641933000,10.11.219.6
2708,292,1649298313.642203000,10.11.219.6
2709,-9642,1649298313.642787000,18.65.156.210
2710,-1434,1649298313.642794000,18.65.156.210
2711,66,1649298313.642810000,10.11.219.6
2712,-4923,1649298313.643405000,18.65.156.210
2713,66,1649298313.643410000,10.11.219.6
2714,-9642,1649298313.643418000,18.65.156.210
2715,66,1649298313.643430000,10.11.219.6
2716,1297,1649298313.644695000,10.11.219.6
2717,-9642,1649298313.645997000,18.65.156.210
2718,-6906,1649298313.646005000,18.65.156.210
2719,66,1649298313.646027000,10.11.219.6
2720,-2802,1649298313.651394000,18.65.156.210
2721,66,1649298313.651408000,10.11.219.6
2722,-9642,1649298313.651614000,18.65.156.210
2723,-372,1649298313.651618000,52.24.75.179
2724,66,1649298313.651627000,10.11.219.6
2725,66,1649298313.651635000,10.11.219.6
2726,-135,1649298313.651644000,52.24.75.179
2727,66,1649298313.651647000,10.11.219.6
2728,-9642,1649298313.651652000,18.65.156.210
2729,-9642,1649298313.651690000,18.65.156.210
2730,-4170,1649298313.651692000,18.65.156.210
2731,-270,1649298313.651697000,18.65.156.210
2732,-1434,1649298313.651698000,18.65.156.210
2733,-1142,1649298313.651699000,18.65.156.210
2734,66,1649298313.651702000,10.11.219.6
2735,78,1649298313.651715000,10.11.219.6
2736,66,1649298313.651722000,10.11.219.6
2737,243,1649298313.652804000,10.11.219.6
2738,376,1649298313.652823000,10.11.219.6
2739,-66,1649298313.653979000,18.65.156.210
2740,-4170,1649298313.653991000,18.65.156.210
2741,66,1649298313.653999000,10.11.219.6
2742,-665,1649298313.654015000,18.65.156.210
2743,78,1649298313.654019000,10.11.219.6
2744,-1434,1649298313.654348000,18.65.156.210
2745,66,1649298313.654356000,10.11.219.6
2746,-1219,1649298313.654362000,18.65.156.210
2747,-12378,1649298313.654366000,18.65.156.210
2748,-1334,1649298313.654378000,18.65.156.210
2749,-2802,1649298313.654380000,18.65.156.210
2750,66,1649298313.654666000,10.11.219.6
2751,104,1649298313.654714000,10.11.219.6
2752,-4170,1649298313.657176000,18.65.156.210
2753,66,1649298313.657192000,10.11.219.6
2754,-5538,1649298313.657423000,18.65.156.210
2755,66,1649298313.657430000,10.11.219.6
2756,-4160,1649298313.657442000,18.65.156.210
2757,-12378,1649298313.657447000,18.65.156.210
2758,66,1649298313.657566000,10.11.219.6
2759,-2802,1649298313.659679000,18.65.156.210
2760,66,1649298313.659700000,10.11.219.6
2761,-9642,1649298313.659890000,18.65.156.210
2762,-11010,1649298313.659897000,18.65.156.210
2763,66,1649298313.660019000,10.11.219.6
2764,184,1649298313.661550000,10.11.219.6
2765,-1434,1649298313.661844000,18.65.156.210
2766,-6906,1649298313.661852000,18.65.156.210
2767,-5538,1649298313.661853000,18.65.156.210
2768,-2802,1649298313.661860000,18.65.156.210
2769,66,1649298313.661881000,10.11.219.6
2770,-4170,1649298313.662292000,18.65.156.210
2771,66,1649298313.662298000,10.11.219.6
2772,-4170,1649298313.662310000,18.65.156.210
2773,66,1649298313.663422000,10.11.219.6
2774,-2802,1649298313.664247000,18.65.156.210
2775,-5538,1649298313.664255000,18.65.156.210
2776,66,1649298313.664687000,10.11.219.6
2777,-1434,1649298313.664775000,18.65.156.210
2778,-9642,1649298313.664781000,18.65.156.210
2779,-5538,1649298313.664798000,18.65.156.210
2780,66,1649298313.664844000,10.11.219.6
2781,200,1649298313.665008000,10.11.219.6
2782,567,1649298313.665190000,10.11.219.6
2783,-2802,1649298313.666429000,18.65.156.210
2784,66,1649298313.666491000,10.11.219.6
2785,-1434,1649298313.666852000,18.65.156.210
2786,-9642,1649298313.666862000,18.65.156.210
2787,-2802,1649298313.666891000,18.65.156.210
2788,-8274,1649298313.666894000,18.65.156.210
2789,66,1649298313.666915000,10.11.219.6
2790,187,1649298313.668360000,10.11.219.6
2791,-1434,1649298313.668833000,18.65.156.210
2792,-9642,1649298313.668843000,18.65.156.210
2793,-2802,1649298313.668849000,18.65.156.210
2794,66,1649298313.668867000,10.11.219.6
2795,-6906,1649298313.669403000,18.65.156.210
2796,66,1649298313.669411000,10.11.219.6
2797,-5538,1649298313.669422000,18.65.156.210
2798,66,1649298313.669460000,10.11.219.6
2799,-2802,1649298313.672009000,18.65.156.210
2800,66,1649298313.672017000,10.11.219.6
2801,-1434,1649298313.672166000,18.65.156.210
2802,-9642,1649298313.672171000,18.65.156.210
2803,-9642,1649298313.672194000,18.65.156.210
2804,66,1649298313.672193000,10.11.219.6
2805,-1434,1649298313.672196000,18.65.156.210
2806,66,1649298313.672245000,10.11.219.6
2807,-5538,1649298313.674712000,18.65.156.210
2808,66,1649298313.674719000,10.11.219.6
2809,-9642,1649298313.674891000,18.65.156.210
2810,-9642,1649298313.674902000,18.65.156.210
2811,66,1649298313.674961000,10.11.219.6
2812,-5538,1649298313.676913000,18.65.156.210
2813,66,1649298313.676919000,10.11.219.6
2814,-4170,1649298313.677074000,18.65.156.210
2815,66,1649298313.677078000,10.11.219.6
2816,-6906,1649298313.677086000,18.65.156.210
2817,66,1649298313.677112000,10.11.219.6
2818,-2802,1649298313.679442000,18.65.156.210
2819,66,1649298313.679448000,10.11.219.6
2820,-5538,1649298313.679460000,18.65.156.210
2821,66,1649298313.679490000,10.11.219.6
2822,-4170,1649298313.679678000,18.65.156.210
2823,-9642,1649298313.679684000,18.65.156.210
2824,-66,1649298313.679697000,18.65.156.210
2825,-6906,1649298313.679704000,18.65.156.210
2826,-2802,1649298313.679706000,18.65.156.210
2827,66,1649298313.679718000,10.11.219.6
2828,-6906,1649298313.682100000,18.65.156.210
2829,66,1649298313.682117000,10.11.219.6
2830,-2802,1649298313.682142000,18.65.156.210
2831,66,1649298313.682216000,10.11.219.6
2832,-6906,1649298313.682275000,18.65.156.210
2833,-9642,1649298313.682284000,18.65.156.210
2834,66,1649298313.682318000,10.11.219.6
2835,-5538,1649298313.684901000,18.65.156.210
2836,66,1649298313.684928000,10.11.219.6
2837,-4170,1649298313.685076000,18.65.156.210
2838,-5594,1649298313.685085000,209.54.180.144
2839,54,1649298313.685101000,10.11.219.6
2840,-9642,1649298313.685154000,18.65.156.210
2841,-1434,1649298313.685158000,18.65.156.210
2842,66,1649298313.685174000,10.11.219.6
2843,-5538,1649298313.688666000,18.65.156.210
2844,66,1649298313.688689000,10.11.219.6
2845,-2802,1649298313.688846000,18.65.156.210
2846,-9642,1649298313.688856000,18.65.156.210
2847,-6906,1649298313.688886000,18.65.156.210
2848,66,1649298313.689555000,10.11.219.6
2849,-2802,1649298313.690644000,18.65.156.210
2850,66,1649298313.690658000,10.11.219.6
2851,-2802,1649298313.690674000,18.65.156.210
2852,66,1649298313.690730000,10.11.219.6
2853,-4170,1649298313.691103000,18.65.156.210
2854,-9642,1649298313.691114000,18.65.156.210
2855,-5538,1649298313.691128000,18.65.156.210
2856,66,1649298313.691165000,10.11.219.6
2857,-4170,1649298313.693440000,18.65.156.210
2858,66,1649298313.693453000,10.11.219.6
2859,-1434,1649298313.693474000,18.65.156.210
2860,-8274,1649298313.693646000,18.65.156.210
2861,-9642,1649298313.693654000,18.65.156.210
2862,-2802,1649298313.693666000,18.65.156.210
2863,66,1649298313.693679000,10.11.219.6
2864,-6906,1649298313.695504000,18.65.156.210
2865,66,1649298313.695522000,10.11.219.6
2866,-4170,1649298313.695547000,18.65.156.210
2867,-701,1649298313.695568000,18.65.156.210
2868,78,1649298313.695573000,10.11.219.6
2869,-1434,1649298313.695579000,18.65.156.210
2870,66,1649298313.695582000,10.11.219.6
2871,176,1649298313.700151000,10.11.219.6
2872,185,1649298313.700658000,10.11.219.6
2873,456,1649298313.701456000,10.11.219.6
2874,-1143,1649298313.702925000,18.65.156.210
2875,-629,1649298313.704108000,18.65.156.210
2876,78,1649298313.704128000,10.11.219.6
2877,-1434,1649298313.704143000,18.65.156.210
2878,66,1649298313.704152000,10.11.219.6
2879,-9642,1649298313.706363000,18.65.156.210
2880,-4170,1649298313.706378000,18.65.156.210
2881,-2792,1649298313.706403000,18.65.156.210
2882,66,1649298313.706425000,10.11.219.6
2883,-9642,1649298313.709103000,18.65.156.210
2884,66,1649298313.709109000,10.11.219.6
2885,-9642,1649298313.709121000,18.65.156.210
2886,-6906,1649298313.709143000,18.65.156.210
2887,66,1649298313.709146000,10.11.219.6
2888,66,1649298313.709158000,10.11.219.6
2889,-2802,1649298313.711920000,18.65.156.210
2890,66,1649298313.711934000,10.11.219.6
2891,-9642,1649298313.712097000,18.65.156.210
2892,-9642,1649298313.712102000,18.65.156.210
2893,-2802,1649298313.712123000,18.65.156.210
2894,66,1649298313.712124000,10.11.219.6
2895,66,1649298313.712181000,10.11.219.6
2896,-5538,1649298313.714253000,18.65.156.210
2897,66,1649298313.714270000,10.11.219.6
2898,-1434,1649298313.714317000,18.65.156.210
2899,-9642,1649298313.714322000,18.65.156.210
2900,-1434,1649298313.714333000,18.65.156.210
2901,-2802,1649298313.716252000,18.65.156.210
2902,-5538,1649298313.716376000,18.65.156.210
2903,-9642,1649298313.716382000,18.65.156.210
2904,-847,1649298313.716388000,18.65.156.210
2905,66,1649298313.716570000,10.11.219.6
2906,740,1649298313.717686000,10.11.219.6
2907,-12378,1649298313.721468000,18.65.156.210
2908,66,1649298313.723019000,10.11.219.6
2909,-9642,1649298313.723390000,18.65.156.210
2910,66,1649298313.723402000,10.11.219.6
2911,-5538,1649298313.723457000,18.65.156.210
2912,-4170,1649298313.723477000,18.65.156.210
2913,66,1649298313.723481000,10.11.219.6
2914,66,1649298313.723903000,10.11.219.6
2915,-9642,1649298313.725118000,18.65.156.210
2916,66,1649298313.725132000,10.11.219.6
2917,-2802,1649298313.725181000,18.65.156.210
2918,66,1649298313.725637000,10.11.219.6
2919,-6906,1649298313.727803000,18.65.156.210
2920,66,1649298313.727814000,10.11.219.6
2921,-6906,1649298313.727826000,18.65.156.210
2922,-224,1649298313.727839000,18.65.156.210
2923,78,1649298313.727845000,10.11.219.6
2924,-1434,1649298313.727860000,18.65.156.210
2925,66,1649298313.727864000,10.11.219.6
2926,74,1649298313.732026000,10.11.219.6
2927,74,1649298313.732439000,10.11.219.6
2928,-74,1649298313.735809000,18.65.148.38
2929,66,1649298313.735825000,10.11.219.6
2930,74,1649298313.735862000,10.11.219.6
2931,-74,1649298313.738794000,18.65.116.37
2932,66,1649298313.738810000,10.11.219.6
2933,583,1649298313.740210000,10.11.219.6
2934,583,1649298313.742321000,10.11.219.6
2935,-66,1649298313.743062000,18.65.148.38
2936,-74,1649298313.744607000,54.250.152.22
2937,66,1649298313.744627000,10.11.219.6
2938,-5538,1649298313.744638000,18.65.148.38
2939,66,1649298313.744643000,10.11.219.6
2940,-922,1649298313.745247000,18.65.148.38
2941,66,1649298313.745254000,10.11.219.6
2942,-66,1649298313.745261000,18.65.116.37
2943,583,1649298313.746763000,10.11.219.6
2944,-5538,1649298313.748133000,18.65.116.37
2945,66,1649298313.748143000,10.11.219.6
2946,-592,1649298313.748152000,18.65.116.37
2947,66,1649298313.748154000,10.11.219.6
2948,130,1649298313.752148000,10.11.219.6
2949,130,1649298313.752533000,10.11.219.6
2950,236,1649298313.752806000,10.11.219.6
2951,406,1649298313.752839000,10.11.219.6
2952,-66,1649298313.755168000,18.65.116.37
2953,-128,1649298313.755176000,18.65.116.37
2954,66,1649298313.755181000,10.11.219.6
2955,-66,1649298313.755188000,18.65.148.38
2956,-66,1649298313.755190000,18.65.116.37
2957,-66,1649298313.755192000,18.65.116.37
2958,-97,1649298313.755193000,18.65.116.37
2959,66,1649298313.755194000,10.11.219.6
2960,-128,1649298313.755196000,18.65.148.38
2961,66,1649298313.755198000,10.11.219.6
2962,-66,1649298313.758319000,54.250.152.22
2963,-1855,1649298313.759543000,54.250.152.22
2964,78,1649298313.759547000,10.11.219.6
2965,-1434,1649298313.760560000,54.250.152.22
2966,66,1649298313.760565000,10.11.219.6
2967,-842,1649298313.763742000,18.65.116.37
2968,66,1649298313.763747000,10.11.219.6
2969,-97,1649298313.763752000,18.65.116.37
2970,66,1649298313.763754000,10.11.219.6
2971,-104,1649298313.780214000,52.24.75.179
2972,66,1649298313.780232000,10.11.219.6
2973,-234,1649298313.781297000,52.24.75.179
2974,66,1649298313.781312000,10.11.219.6
2975,97,1649298313.782700000,10.11.219.6
2976,236,1649298313.783240000,10.11.219.6
2977,388,1649298313.783257000,10.11.219.6
2978,-66,1649298313.785577000,18.65.116.37
2979,-66,1649298313.785591000,18.65.148.38
2980,-66,1649298313.785596000,18.65.148.38
2981,-97,1649298313.786613000,18.65.148.38
2982,66,1649298313.786630000,10.11.219.6
2983,192,1649298313.789623000,10.11.219.6
2984,97,1649298313.789977000,10.11.219.6
2985,-66,1649298313.793056000,18.65.148.38
2986,-324,1649298313.800665000,54.250.152.22
2987,66,1649298313.800680000,10.11.219.6
2988,-135,1649298313.800700000,54.250.152.22
2989,66,1649298313.800703000,10.11.219.6
2990,74,1649298313.804880000,10.11.219.6
2991,-521,1649298313.829545000,18.65.148.38
2992,-97,1649298313.829556000,18.65.148.38
2993,-74,1649298313.855442000,13.224.162.190
2994,66,1649298313.855473000,10.11.219.6
2995,-97,1649298313.860967000,18.65.148.38
2996,78,1649298313.860981000,10.11.219.6
2997,243,1649298313.865578000,10.11.219.6
2998,403,1649298313.865608000,10.11.219.6
2999,104,1649298313.865996000,10.11.219.6
3000,583,1649298313.868346000,10.11.219.6
3001,510,1649298313.868552000,10.11.219.6
3002,-66,1649298313.877028000,54.250.152.22
3003,-104,1649298313.877041000,54.250.152.22
3004,66,1649298313.877049000,10.11.219.6
3005,-622,1649298313.879228000,54.250.152.22
3006,66,1649298313.879248000,10.11.219.6
3007,-104,1649298313.879272000,54.250.152.22
3008,66,1649298313.879274000,10.11.219.6
3009,74,1649298313.883970000,10.11.219.6
3010,-66,1649298313.919844000,13.224.162.190
3011,-2802,1649298313.922572000,13.224.162.190
3012,66,1649298313.922597000,10.11.219.6
3013,-2802,1649298313.922644000,13.224.162.190
3014,66,1649298313.922659000,10.11.219.6
3015,-586,1649298313.924168000,13.224.162.190
3016,66,1649298313.924185000,10.11.219.6
3017,130,1649298313.941451000,10.11.219.6
3018,912,1649298313.941846000,10.11.219.6
3019,526,1649298313.942002000,10.11.219.6
3020,-66,1649298314.004874000,13.224.162.190
3021,-66,1649298314.009489000,13.224.162.190
3022,-576,1649298314.009500000,13.224.162.190
3023,66,1649298314.009508000,10.11.219.6
3024,186,1649298314.019270000,10.11.219.6
3025,181,1649298314.020229000,10.11.219.6
3026,183,1649298314.020412000,10.11.219.6
3027,179,1649298314.022261000,10.11.219.6
3028,167,1649298314.023108000,10.11.219.6
3029,194,1649298314.023298000,10.11.219.6
3030,193,1649298314.023683000,10.11.219.6
3031,175,1649298314.024030000,10.11.219.6
3032,-2600,1649298314.030010000,18.65.156.210
3033,66,1649298314.030030000,10.11.219.6
3034,-1434,1649298314.030041000,18.65.156.210
3035,66,1649298314.030049000,10.11.219.6
3036,-485,1649298314.030054000,18.65.156.210
3037,-1434,1649298314.030056000,18.65.156.210
3038,-788,1649298314.030057000,18.65.156.210
3039,-4170,1649298314.030059000,18.65.156.210
3040,78,1649298314.030064000,10.11.219.6
3041,66,1649298314.030078000,10.11.219.6
3042,-213,1649298314.030081000,18.65.156.210
3043,-1434,1649298314.030083000,18.65.156.210
3044,-66,1649298314.030084000,18.65.156.210
3045,66,1649298314.030085000,10.11.219.6
3046,-680,1649298314.030085000,18.65.156.210
3047,-796,1649298314.030087000,18.65.156.210
3048,-158,1649298314.030087000,18.65.156.210
3049,-1434,1649298314.030088000,18.65.156.210
3050,-662,1649298314.030090000,18.65.156.210
3051,66,1649298314.030094000,10.11.219.6
3052,78,1649298314.030100000,10.11.219.6
3053,66,1649298314.030104000,10.11.219.6
3054,66,1649298314.030111000,10.11.219.6
3055,66,1649298314.030115000,10.11.219.6
3056,78,1649298314.030118000,10.11.219.6
3057,66,1649298314.030121000,10.11.219.6
3058,66,1649298314.030124000,10.11.219.6
3059,161,1649298314.040745000,10.11.219.6
3060,-3840,1649298314.044532000,18.65.156.210
3061,66,1649298314.044546000,10.11.219.6
3062,-2642,1649298314.044561000,18.65.156.210
3063,66,1649298314.044564000,10.11.219.6
3064,-97,1649298314.044567000,18.65.156.210
3065,66,1649298314.044782000,10.11.219.6
3066,-639,1649298314.051846000,209.54.180.144
3067,54,1649298314.051873000,10.11.219.6
3068,536,1649298314.052224000,10.11.219.6
3069,-66,1649298314.053896000,209.54.180.144
3070,54,1649298314.053918000,10.11.219.6
3071,571,1649298314.057209000,10.11.219.6
3072,-696,1649298314.076496000,54.240.248.156
3073,54,1649298314.076518000,10.11.219.6
3074,488,1649298314.079852000,10.11.219.6
3075,434,1649298314.080930000,10.11.219.6
3076,-66,1649298314.082728000,18.65.110.227
3077,291,1649298314.100820000,10.11.219.6
3078,403,1649298314.101521000,10.11.219.6
3079,-66,1649298314.104138000,18.65.110.227
3080,284,1649298314.107749000,10.11.219.6
3081,397,1649298314.110260000,10.11.219.6
3082,284,1649298314.111716000,10.11.219.6
3083,-66,1649298314.111848000,18.65.110.227
3084,397,1649298314.114618000,10.11.219.6
3085,-66,1649298314.114849000,18.65.110.227
3086,286,1649298314.116246000,10.11.219.6
3087,398,1649298314.116901000,10.11.219.6
3088,289,1649298314.117135000,10.11.219.6
3089,401,1649298314.117832000,10.11.219.6
3090,281,1649298314.118097000,10.11.219.6
3091,393,1649298314.118530000,10.11.219.6
3092,285,1649298314.118677000,10.11.219.6
3093,397,1649298314.119012000,10.11.219.6
3094,-66,1649298314.119124000,18.65.110.227
3095,-66,1649298314.120223000,18.65.110.227
3096,-66,1649298314.120232000,18.65.110.227
3097,-66,1649298314.122402000,18.65.110.227
3098,74,1649298314.155243000,10.11.219.6
3099,74,1649298314.155978000,10.11.219.6
3100,74,1649298314.156623000,10.11.219.6
3101,74,1649298314.157392000,10.11.219.6
3102,74,1649298314.157766000,10.11.219.6
3103,74,1649298314.158351000,10.11.219.6
3104,-74,1649298314.159825000,35.186.254.217
3105,66,1649298314.159859000,10.11.219.6
3106,-74,1649298314.159877000,23.205.97.4
3107,66,1649298314.159893000,10.11.219.6
3108,-74,1649298314.160858000,23.64.8.218
3109,66,1649298314.160882000,10.11.219.6
3110,-74,1649298314.160899000,142.250.206.226
3111,66,1649298314.160912000,10.11.219.6
3112,583,1649298314.164723000,10.11.219.6
3113,583,1649298314.166646000,10.11.219.6
3114,-66,1649298314.168309000,35.186.254.217
3115,583,1649298314.169359000,10.11.219.6
3116,-1434,1649298314.169687000,35.186.254.217
3117,66,1649298314.169697000,10.11.219.6
3118,-749,1649298314.169704000,35.186.254.217
3119,78,1649298314.169708000,10.11.219.6
3120,-66,1649298314.169711000,23.205.97.4
3121,-74,1649298314.169715000,35.213.12.39
3122,66,1649298314.169725000,10.11.219.6
3123,-1434,1649298314.169729000,35.186.254.217
3124,66,1649298314.169732000,10.11.219.6
3125,-2802,1649298314.170784000,23.205.97.4
3126,66,1649298314.170788000,10.11.219.6
3127,-1426,1649298314.170793000,23.205.97.4
3128,66,1649298314.170795000,10.11.219.6
3129,-454,1649298314.171553000,23.205.97.4
3130,66,1649298314.171556000,10.11.219.6
3131,583,1649298314.171662000,10.11.219.6
3132,74,1649298314.171935000,10.11.219.6
3133,-74,1649298314.172629000,18.178.22.21
3134,66,1649298314.172639000,10.11.219.6
3135,-66,1649298314.172645000,142.250.206.226
3136,-66,1649298314.174736000,23.64.8.218
3137,-2802,1649298314.176139000,23.64.8.218
3138,66,1649298314.176146000,10.11.219.6
3139,-1391,1649298314.176156000,23.64.8.218
3140,66,1649298314.176159000,10.11.219.6
3141,192,1649298314.176370000,10.11.219.6
3142,74,1649298314.176539000,10.11.219.6
3143,74,1649298314.176618000,10.11.219.6
3144,74,1649298314.176725000,10.11.219.6
3145,583,1649298314.178727000,10.11.219.6
3146,-66,1649298314.179300000,23.205.97.4
3147,-340,1649298314.179307000,23.205.97.4
3148,66,1649298314.179312000,10.11.219.6
3149,-74,1649298314.179318000,184.25.233.136
3150,66,1649298314.179326000,10.11.219.6
3151,583,1649298314.183341000,10.11.219.6
3152,-74,1649298314.184632000,52.193.147.183
3153,66,1649298314.184653000,10.11.219.6
3154,583,1649298314.186380000,10.11.219.6
3155,-667,1649298314.187003000,18.65.110.227
3156,66,1649298314.187020000,10.11.219.6
3157,-97,1649298314.187027000,18.65.110.227
3158,66,1649298314.187030000,10.11.219.6
3159,74,1649298314.188196000,10.11.219.6
3160,-66,1649298314.188924000,184.25.233.136
3161,-74,1649298314.188937000,104.244.42.67
3162,66,1649298314.188953000,10.11.219.6
3163,583,1649298314.191968000,10.11.219.6
3164,-2802,1649298314.192436000,184.25.233.136
3165,66,1649298314.192444000,10.11.219.6
3166,-1159,1649298314.192451000,184.25.233.136
3167,66,1649298314.192455000,10.11.219.6
3168,-66,1649298314.192457000,35.213.12.39
3169,-2802,1649298314.193514000,35.213.12.39
3170,66,1649298314.193524000,10.11.219.6
3171,-1426,1649298314.193533000,35.213.12.39
3172,66,1649298314.193538000,10.11.219.6
3173,-958,1649298314.194322000,35.213.12.39
3174,66,1649298314.194328000,10.11.219.6
3175,583,1649298314.195486000,10.11.219.6
3176,-66,1649298314.196613000,18.178.22.21
3177,192,1649298314.198860000,10.11.219.6
3178,-2802,1649298314.198932000,18.178.22.21
3179,66,1649298314.198937000,10.11.219.6
3180,-1309,1649298314.199029000,18.178.22.21
3181,66,1649298314.199036000,10.11.219.6
3182,74,1649298314.199092000,10.11.219.6
3183,159,1649298314.201389000,10.11.219.6
3184,-66,1649298314.201952000,184.25.233.136
3185,-324,1649298314.203336000,184.25.233.136
3186,66,1649298314.203348000,10.11.219.6
3187,-66,1649298314.204622000,52.193.147.183
3188,-5190,1649298314.207213000,52.193.147.183
3189,66,1649298314.207227000,10.11.219.6
3190,-668,1649298314.208150000,18.65.110.227
3191,66,1649298314.208155000,10.11.219.6
3192,-66,1649298314.208161000,104.244.42.67
3193,-97,1649298314.208167000,18.65.110.227
3194,66,1649298314.208170000,10.11.219.6
3195,-235,1649298314.209173000,34.213.237.248
3196,-104,1649298314.209178000,34.213.237.248
3197,-2762,1649298314.210755000,104.244.42.67
3198,66,1649298314.210761000,10.11.219.6
3199,-811,1649298314.210767000,104.244.42.67
3200,66,1649298314.210770000,10.11.219.6
3201,-74,1649298314.210773000,18.176.105.211
3202,66,1649298314.210781000,10.11.219.6
3203,-2802,1649298314.214984000,142.250.206.226
3204,66,1649298314.214989000,10.11.219.6
3205,-496,1649298314.214996000,142.250.206.226
3206,78,1649298314.214999000,10.11.219.6
3207,-670,1649298314.215001000,18.65.110.227
3208,66,1649298314.215003000,10.11.219.6
3209,-97,1649298314.215005000,18.65.110.227
3210,66,1649298314.215007000,10.11.219.6
3211,-66,1649298314.215008000,35.213.12.39
3212,-1434,1649298314.215011000,142.250.206.226
3213,66,1649298314.215013000,10.11.219.6
3214,-340,1649298314.216284000,35.213.12.39
3215,66,1649298314.216300000,10.11.219.6
3216,-669,1649298314.219466000,18.65.110.227
3217,66,1649298314.219488000,10.11.219.6
3218,-97,1649298314.219508000,18.65.110.227
3219,66,1649298314.219513000,10.11.219.6
3220,-670,1649298314.222893000,18.65.110.227
3221,66,1649298314.222901000,10.11.219.6
3222,-97,1649298314.222910000,18.65.110.227
3223,66,1649298314.222913000,10.11.219.6
3224,-54,1649298314.224976000,209.54.180.144
3225,-669,1649298314.224980000,18.65.110.227
3226,66,1649298314.224985000,10.11.219.6
3227,-97,1649298314.224992000,18.65.110.227
3228,66,1649298314.224997000,10.11.219.6
3229,-670,1649298314.226130000,18.65.110.227
3230,66,1649298314.226138000,10.11.219.6
3231,-97,1649298314.226148000,18.65.110.227
3232,66,1649298314.226152000,10.11.219.6
3233,-668,1649298314.226155000,18.65.110.227
3234,66,1649298314.226157000,10.11.219.6
3235,-97,1649298314.226160000,18.65.110.227
3236,66,1649298314.226162000,10.11.219.6
3237,-54,1649298314.228112000,209.54.180.144
3238,-235,1649298314.229205000,34.213.237.248
3239,-104,1649298314.229211000,34.213.237.248
3240,-6001,1649298314.230748000,209.54.180.144
3241,54,1649298314.230757000,10.11.219.6
3242,-639,1649298314.234769000,209.54.180.144
3243,146,1649298314.236405000,10.11.219.6
3244,-235,1649298314.237302000,34.213.237.248
3245,-104,1649298314.237316000,34.213.237.248
3246,-66,1649298314.238345000,23.64.8.218
3247,-353,1649298314.239475000,23.64.8.218
3248,66,1649298314.239491000,10.11.219.6
3249,-353,1649298314.239507000,23.64.8.218
3250,66,1649298314.239510000,10.11.219.6
3251,180,1649298314.241365000,10.11.219.6
3252,576,1649298314.241485000,10.11.219.6
3253,-66,1649298314.241509000,34.213.237.248
3254,66,1649298314.241523000,10.11.219.6
3255,-235,1649298314.242611000,34.213.237.248
3256,-104,1649298314.242617000,34.213.237.248
3257,-66,1649298314.243652000,34.213.237.248
3258,-66,1649298314.243659000,23.205.97.4
3259,-234,1649298314.244741000,34.213.237.248
3260,-104,1649298314.244747000,34.213.237.248
3261,-235,1649298314.245843000,34.213.237.248
3262,-104,1649298314.245845000,34.213.237.248
3263,-235,1649298314.245846000,34.213.237.248
3264,-104,1649298314.245848000,34.213.237.248
3265,192,1649298314.246665000,10.11.219.6
3266,-235,1649298314.246887000,34.213.237.248
3267,-104,1649298314.246889000,34.213.237.248
3268,-340,1649298314.260649000,52.193.147.183
3269,66,1649298314.260664000,10.11.219.6
3270,-135,1649298314.260678000,52.193.147.183
3271,66,1649298314.260681000,10.11.219.6
3272,54,1649298314.277465000,10.11.219.6
3273,530,1649298314.282640000,10.11.219.6
3274,-66,1649298314.285311000,23.64.8.218
3275,583,1649298314.285366000,10.11.219.6
3276,66,1649298314.285406000,10.11.219.6
3277,74,1649298314.294095000,10.11.219.6
3278,74,1649298314.295102000,10.11.219.6
3279,74,1649298314.295204000,10.11.219.6
3280,74,1649298314.295289000,10.11.219.6
3281,-66,1649298314.296041000,18.176.105.211
3282,74,1649298314.297987000,10.11.219.6
3283,-74,1649298314.298566000,35.227.202.26
3284,66,1649298314.298591000,10.11.219.6
3285,-2802,1649298314.298609000,18.176.105.211
3286,66,1649298314.298614000,10.11.219.6
3287,-326,1649298314.298619000,18.176.105.211
3288,78,1649298314.298624000,10.11.219.6
3289,-1434,1649298314.298627000,18.176.105.211
3290,66,1649298314.298632000,10.11.219.6
3291,74,1649298314.299047000,10.11.219.6
3292,74,1649298314.299233000,10.11.219.6
3293,-74,1649298314.302360000,23.205.97.4
3294,66,1649298314.302389000,10.11.219.6
3295,-74,1649298314.302430000,34.98.64.218
3296,66,1649298314.302438000,10.11.219.6
3297,-74,1649298314.305043000,8.39.36.142
3298,66,1649298314.305063000,10.11.219.6
3299,192,1649298314.305357000,10.11.219.6
3300,-117,1649298314.317122000,18.176.105.211
3301,66,1649298314.317132000,10.11.219.6
3302,464,1649298314.345462000,10.11.219.6
3303,-66,1649298314.348553000,184.25.233.136
3304,583,1649298314.353012000,10.11.219.6
3305,-66,1649298314.356330000,35.227.202.26
3306,-74,1649298314.356339000,52.72.192.11
3307,66,1649298314.356353000,10.11.219.6
3308,583,1649298314.356881000,10.11.219.6
3309,-3692,1649298314.358623000,35.227.202.26
3310,66,1649298314.358628000,10.11.219.6
3311,583,1649298314.358745000,10.11.219.6
3312,-74,1649298314.359444000,119.9.108.191
3313,66,1649298314.359453000,10.11.219.6
3314,583,1649298314.360422000,10.11.219.6
3315,-66,1649298314.361533000,34.98.64.218
3316,74,1649298314.362944000,10.11.219.6
3317,-66,1649298314.364632000,23.205.97.4
3318,-1434,1649298314.364640000,34.98.64.218
3319,66,1649298314.364645000,10.11.219.6
3320,-641,1649298314.364654000,34.98.64.218
3321,78,1649298314.364656000,10.11.219.6
3322,-70,1649298314.364659000,103.71.26.125
3323,66,1649298314.364666000,10.11.219.6
3324,-2802,1649298314.364668000,23.205.97.4
3325,66,1649298314.364670000,10.11.219.6
3326,-1426,1649298314.364672000,23.205.97.4
3327,66,1649298314.364674000,10.11.219.6
3328,-1434,1649298314.364676000,34.98.64.218
3329,66,1649298314.364677000,10.11.219.6
3330,-454,1649298314.365457000,23.205.97.4
3331,66,1649298314.365460000,10.11.219.6
3332,583,1649298314.365669000,10.11.219.6
3333,583,1649298314.367328000,10.11.219.6
3334,74,1649298314.367466000,10.11.219.6
3335,74,1649298314.367566000,10.11.219.6
3336,-1186,1649298314.367953000,23.205.97.4
3337,66,1649298314.367960000,10.11.219.6
3338,-74,1649298314.370803000,54.169.0.0
3339,66,1649298314.370829000,10.11.219.6
3340,192,1649298314.375212000,10.11.219.6
3341,74,1649298314.375493000,10.11.219.6
3342,-66,1649298314.378312000,23.205.97.4
3343,-340,1649298314.378323000,23.205.97.4
3344,66,1649298314.378331000,10.11.219.6
3345,-74,1649298314.379708000,103.231.99.80
3346,66,1649298314.379757000,10.11.219.6
3347,583,1649298314.380038000,10.11.219.6
3348,583,1649298314.384375000,10.11.219.6
3349,583,1649298314.387212000,10.11.219.6
3350,146,1649298314.389313000,10.11.219.6
3351,-74,1649298314.389440000,54.250.47.87
3352,66,1649298314.389464000,10.11.219.6
3353,-66,1649298314.399093000,103.231.99.80
3354,-2802,1649298314.404955000,103.231.99.80
3355,66,1649298314.405026000,10.11.219.6
3356,-333,1649298314.408933000,103.231.99.80
3357,78,1649298314.408974000,10.11.219.6
3358,-369,1649298314.409009000,18.178.22.21
3359,66,1649298314.409028000,10.11.219.6
3360,-369,1649298314.409034000,18.178.22.21
3361,66,1649298314.409039000,10.11.219.6
3362,-109,1649298314.409042000,18.178.22.21
3363,66,1649298314.409045000,10.11.219.6
3364,-1434,1649298314.409048000,103.231.99.80
3365,66,1649298314.409055000,10.11.219.6
3366,-105,1649298314.411954000,209.54.180.144
3367,54,1649298314.411964000,10.11.219.6
3368,-788,1649298314.425156000,184.25.233.136
3369,66,1649298314.425172000,10.11.219.6
3370,-1434,1649298314.425184000,103.231.99.80
3371,78,1649298314.425188000,10.11.219.6
3372,236,1649298314.431340000,10.11.219.6
3373,369,1649298314.431368000,10.11.219.6
3374,-743,1649298314.431720000,23.64.8.218
3375,66,1649298314.431735000,10.11.219.6
3376,-1434,1649298314.432553000,119.9.108.191
3377,66,1649298314.432576000,10.11.219.6
3378,-307,1649298314.432589000,119.9.108.191
3379,78,1649298314.432595000,10.11.219.6
3380,-1434,1649298314.432599000,119.9.108.191
3381,66,1649298314.432604000,10.11.219.6
3382,192,1649298314.438066000,10.11.219.6
3383,583,1649298314.439764000,10.11.219.6
3384,97,1649298314.441429000,10.11.219.6
3385,243,1649298314.442411000,10.11.219.6
3386,353,1649298314.442428000,10.11.219.6
3387,-66,1649298314.445246000,18.178.22.21
3388,-97,1649298314.445257000,18.178.22.21
3389,66,1649298314.445261000,10.11.219.6
3390,-74,1649298314.445267000,103.43.90.178
3391,66,1649298314.445278000,10.11.219.6
3392,104,1649298314.446290000,10.11.219.6
3393,74,1649298314.446395000,10.11.219.6
3394,74,1649298314.446491000,10.11.219.6
3395,74,1649298314.446590000,10.11.219.6
3396,74,1649298314.446678000,10.11.219.6
3397,-551,1649298314.448623000,18.178.22.21
3398,66,1649298314.448632000,10.11.219.6
3399,-66,1649298314.448640000,103.71.26.125
3400,583,1649298314.449267000,10.11.219.6
3401,-66,1649298314.449507000,103.231.99.80
3402,-74,1649298314.449513000,142.250.76.130
3403,66,1649298314.449524000,10.11.219.6
3404,-74,1649298314.450636000,142.250.206.226
3405,66,1649298314.450658000,10.11.219.6
3406,-72,1649298314.450670000,103.231.99.80
3407,66,1649298314.450674000,10.11.219.6
3408,-111,1649298314.450685000,103.231.99.80
3409,66,1649298314.450687000,10.11.219.6
3410,-122,1649298314.450700000,103.231.99.80
3411,66,1649298314.450702000,10.11.219.6
3412,-1434,1649298314.451928000,103.71.26.125
3413,66,1649298314.451941000,10.11.219.6
3414,-615,1649298314.451952000,103.71.26.125
3415,78,1649298314.451955000,10.11.219.6
3416,-1434,1649298314.451958000,103.71.26.125
3417,66,1649298314.451962000,10.11.219.6
3418,583,1649298314.452939000,10.11.219.6
3419,-66,1649298314.453770000,54.250.47.87
3420,-66,1649298314.454925000,52.193.147.183
3421,-104,1649298314.454932000,52.193.147.183
3422,66,1649298314.454938000,10.11.219.6
3423,-413,1649298314.454951000,52.193.147.183
3424,66,1649298314.454953000,10.11.219.6
3425,-5426,1649298314.456403000,54.250.47.87
3426,66,1649298314.456408000,10.11.219.6
3427,-66,1649298314.456413000,142.250.76.130
3428,192,1649298314.456613000,10.11.219.6
3429,74,1649298314.456803000,10.11.219.6
3430,186,1649298314.456928000,10.11.219.6
3431,-74,1649298314.458119000,31.13.82.36
3432,66,1649298314.458145000,10.11.219.6
3433,-66,1649298314.459188000,54.169.0.0
3434,-74,1649298314.459199000,54.150.10.110
3435,66,1649298314.459213000,10.11.219.6
3436,192,1649298314.460913000,10.11.219.6
3437,583,1649298314.462551000,10.11.219.6
3438,171,1649298314.462735000,10.11.219.6
3439,580,1649298314.462873000,10.11.219.6
3440,583,1649298314.464884000,10.11.219.6
3441,-5490,1649298314.466049000,54.169.0.0
3442,66,1649298314.466058000,10.11.219.6
3443,-66,1649298314.466065000,23.205.97.4
3444,-66,1649298314.466069000,142.250.206.226
3445,583,1649298314.466631000,10.11.219.6
3446,-74,1649298314.466652000,3.93.204.138
3447,66,1649298314.466674000,10.11.219.6
3448,-74,1649298314.468768000,103.231.99.243
3449,66,1649298314.468780000,10.11.219.6
3450,-66,1649298314.470082000,18.178.22.21
3451,192,1649298314.470161000,10.11.219.6
3452,583,1649298314.472038000,10.11.219.6
3453,563,1649298314.472264000,10.11.219.6
3454,583,1649298314.474159000,10.11.219.6
3455,-324,1649298314.474293000,54.250.47.87
3456,66,1649298314.474303000,10.11.219.6
3457,-135,1649298314.474309000,54.250.47.87
3458,66,1649298314.474313000,10.11.219.6
3459,-66,1649298314.474315000,52.193.147.183
3460,-219,1649298314.475533000,52.193.147.183
3461,66,1649298314.475538000,10.11.219.6
3462,-353,1649298314.476895000,18.178.22.21
3463,66,1649298314.476906000,10.11.219.6
3464,-98,1649298314.476920000,8.39.36.142
3465,78,1649298314.476932000,10.11.219.6
3466,-1434,1649298314.476939000,8.39.36.142
3467,66,1649298314.476944000,10.11.219.6
3468,-1430,1649298314.476948000,8.39.36.142
3469,66,1649298314.476952000,10.11.219.6
3470,-716,1649298314.476954000,8.39.36.142
3471,66,1649298314.476956000,10.11.219.6
3472,-66,1649298314.477888000,31.13.82.36
3473,-2802,1649298314.479540000,31.13.82.36
3474,66,1649298314.479551000,10.11.219.6
3475,-764,1649298314.479565000,31.13.82.36
3476,66,1649298314.479569000,10.11.219.6
3477,-3527,1649298314.479572000,54.150.10.110
3478,66,1649298314.479578000,10.11.219.6
3479,216,1649298314.480878000,10.11.219.6
3480,-74,1649298314.481408000,8.39.36.141
3481,66,1649298314.481430000,10.11.219.6
3482,192,1649298314.484457000,10.11.219.6
3483,-66,1649298314.485492000,103.231.99.243
3484,505,1649298314.487888000,10.11.219.6
3485,-2802,1649298314.487981000,103.231.99.243
3486,66,1649298314.487992000,10.11.219.6
3487,-333,1649298314.488004000,103.231.99.243
3488,78,1649298314.488009000,10.11.219.6
3489,-1434,1649298314.488013000,103.231.99.243
3490,66,1649298314.488016000,10.11.219.6
3491,583,1649298314.489784000,10.11.219.6
3492,192,1649298314.492592000,10.11.219.6
3493,130,1649298314.493695000,10.11.219.6
3494,-2802,1649298314.496413000,142.250.76.130
3495,66,1649298314.496426000,10.11.219.6
3496,-494,1649298314.496435000,142.250.76.130
3497,78,1649298314.496440000,10.11.219.6
3498,-66,1649298314.496442000,142.250.206.226
3499,-674,1649298314.496446000,142.250.206.226
3500,66,1649298314.496447000,10.11.219.6
3501,-1434,1649298314.496450000,142.250.76.130
3502,66,1649298314.496452000,10.11.219.6
3503,-117,1649298314.497371000,54.150.10.110
3504,66,1649298314.497376000,10.11.219.6
3505,-1434,1649298314.499634000,103.231.99.243
3506,78,1649298314.499639000,10.11.219.6
3507,-66,1649298314.503844000,103.231.99.243
3508,-117,1649298314.504937000,103.231.99.243
3509,66,1649298314.504945000,10.11.219.6
3510,-122,1649298314.504957000,103.231.99.243
3511,66,1649298314.504960000,10.11.219.6
3512,-2802,1649298314.506352000,142.250.206.226
3513,66,1649298314.506356000,10.11.219.6
3514,-497,1649298314.506361000,142.250.206.226
3515,78,1649298314.506365000,10.11.219.6
3516,-1434,1649298314.506367000,142.250.206.226
3517,66,1649298314.506369000,10.11.219.6
3518,-676,1649298314.510276000,23.205.97.4
3519,66,1649298314.510290000,10.11.219.6
3520,-66,1649298314.525300000,103.71.26.125
3521,-117,1649298314.525312000,103.71.26.125
3522,66,1649298314.525321000,10.11.219.6
3523,236,1649298314.528164000,10.11.219.6
3524,357,1649298314.528193000,10.11.219.6
3525,-66,1649298314.530634000,103.43.90.178
3526,-66,1649298314.530646000,142.250.206.226
3527,-97,1649298314.531862000,142.250.206.226
3528,66,1649298314.531877000,10.11.219.6
3529,97,1649298314.536442000,10.11.219.6
3530,-2642,1649298314.537318000,103.43.90.178
3531,66,1649298314.537343000,10.11.219.6
3532,-235,1649298314.537361000,103.43.90.178
3533,66,1649298314.537369000,10.11.219.6
3534,159,1649298314.540557000,10.11.219.6
3535,74,1649298314.541190000,10.11.219.6
3536,130,1649298314.543555000,10.11.219.6
3537,236,1649298314.544595000,10.11.219.6
3538,431,1649298314.544750000,10.11.219.6
3539,-66,1649298314.545072000,142.250.206.226
3540,573,1649298314.545444000,10.11.219.6
3541,130,1649298314.547648000,10.11.219.6
3542,-324,1649298314.547991000,54.169.0.0
3543,66,1649298314.548004000,10.11.219.6
3544,-135,1649298314.548012000,54.169.0.0
3545,66,1649298314.548017000,10.11.219.6
3546,-66,1649298314.548019000,52.72.192.11
3547,545,1649298314.548587000,10.11.219.6
3548,-4170,1649298314.548721000,52.72.192.11
3549,66,1649298314.548729000,10.11.219.6
3550,-166,1649298314.548733000,52.72.192.11
3551,78,1649298314.548736000,10.11.219.6
3552,-1434,1649298314.548737000,52.72.192.11
3553,66,1649298314.548739000,10.11.219.6
3554,-66,1649298314.551031000,23.205.97.4
3555,-646,1649298314.552246000,35.227.202.26
3556,66,1649298314.552260000,10.11.219.6
3557,192,1649298314.552983000,10.11.219.6
3558,236,1649298314.553080000,10.11.219.6
3559,404,1649298314.553092000,10.11.219.6
3560,97,1649298314.554792000,10.11.219.6
3561,-66,1649298314.556454000,104.244.42.67
3562,-66,1649298314.557690000,35.227.202.26
3563,-924,1649298314.557699000,18.176.105.211
3564,66,1649298314.557706000,10.11.219.6
3565,-66,1649298314.557712000,104.244.42.67
3566,-66,1649298314.557714000,104.244.42.67
3567,-593,1649298314.558636000,104.244.42.67
3568,66,1649298314.558642000,10.11.219.6
3569,-97,1649298314.558652000,35.227.202.26
3570,66,1649298314.558654000,10.11.219.6
3571,97,1649298314.559241000,10.11.219.6
3572,130,1649298314.567096000,10.11.219.6
3573,236,1649298314.567942000,10.11.219.6
3574,412,1649298314.567963000,10.11.219.6
3575,-646,1649298314.570401000,34.98.64.218
3576,66,1649298314.570422000,10.11.219.6
3577,-66,1649298314.571718000,34.98.64.218
3578,-66,1649298314.571726000,104.244.42.67
3579,-97,1649298314.571728000,34.98.64.218
3580,66,1649298314.571733000,10.11.219.6
3581,-718,1649298314.572818000,142.250.206.226
3582,66,1649298314.572822000,10.11.219.6
3583,-397,1649298314.572826000,142.250.206.226
3584,66,1649298314.572827000,10.11.219.6
3585,-97,1649298314.572829000,142.250.206.226
3586,66,1649298314.572830000,10.11.219.6
3587,-105,1649298314.572832000,142.250.206.226
3588,66,1649298314.572834000,10.11.219.6
3589,-1120,1649298314.594780000,23.205.97.4
3590,66,1649298314.594802000,10.11.219.6
3591,-141,1649298314.598979000,8.39.36.142
3592,66,1649298314.599007000,10.11.219.6
3593,-656,1649298314.600089000,35.227.202.26
3594,66,1649298314.600102000,10.11.219.6
3595,97,1649298314.604182000,10.11.219.6
3596,243,1649298314.604456000,10.11.219.6
3597,469,1649298314.604489000,10.11.219.6
3598,595,1649298314.604820000,10.11.219.6
3599,105,1649298314.606025000,10.11.219.6
3600,105,1649298314.606052000,10.11.219.6
3601,104,1649298314.606070000,10.11.219.6
3602,-98,1649298314.611524000,8.39.36.141
3603,78,1649298314.611539000,10.11.219.6
3604,-1434,1649298314.611549000,8.39.36.141
3605,66,1649298314.611553000,10.11.219.6
3606,-1430,1649298314.611556000,8.39.36.141
3607,66,1649298314.611559000,10.11.219.6
3608,-716,1649298314.611561000,8.39.36.141
3609,66,1649298314.611563000,10.11.219.6
3610,-66,1649298314.612536000,34.98.64.218
3611,-66,1649298314.613612000,142.250.206.226
3612,-66,1649298314.613619000,35.227.202.26
3613,216,1649298314.615162000,10.11.219.6
3614,174,1649298314.615339000,10.11.219.6
3615,74,1649298314.615654000,10.11.219.6
3616,-66,1649298314.615892000,103.231.99.80
3617,-104,1649298314.615922000,103.231.99.80
3618,66,1649298314.615923000,10.11.219.6
3619,-602,1649298314.618215000,103.231.99.80
3620,66,1649298314.618229000,10.11.219.6
3621,-104,1649298314.618248000,103.231.99.80
3622,66,1649298314.618253000,10.11.219.6
3623,-66,1649298314.618258000,103.231.99.80
3624,130,1649298314.618275000,10.11.219.6
3625,550,1649298314.618648000,10.11.219.6
3626,-705,1649298314.619301000,18.176.105.211
3627,66,1649298314.619317000,10.11.219.6
3628,-472,1649298314.619326000,34.98.64.218
3629,66,1649298314.619328000,10.11.219.6
3630,-66,1649298314.619330000,142.250.206.226
3631,-66,1649298314.621262000,103.43.90.178
3632,-340,1649298314.621270000,103.43.90.178
3633,66,1649298314.621276000,10.11.219.6
3634,-66,1649298314.643764000,3.93.204.138
3635,-3622,1649298314.646273000,3.93.204.138
3636,66,1649298314.646287000,10.11.219.6
3637,-639,1649298314.655688000,209.54.180.144
3638,54,1649298314.655705000,10.11.219.6
3639,-190,1649298314.660968000,142.250.206.226
3640,66,1649298314.660984000,10.11.219.6
3641,-366,1649298314.660999000,142.250.206.226
3642,66,1649298314.661002000,10.11.219.6
3643,-97,1649298314.661005000,142.250.206.226
3644,66,1649298314.661007000,10.11.219.6
3645,-105,1649298314.661010000,142.250.206.226
3646,66,1649298314.661012000,10.11.219.6
3647,-639,1649298314.665234000,209.54.180.144
3648,54,1649298314.665252000,10.11.219.6
3649,192,1649298314.667134000,10.11.219.6
3650,539,1649298314.667305000,10.11.219.6
3651,506,1649298314.668678000,10.11.219.6
3652,549,1649298314.668753000,10.11.219.6
3653,105,1649298314.668889000,10.11.219.6
3654,105,1649298314.671034000,10.11.219.6
3655,-66,1649298314.671617000,23.205.97.4
3656,229,1649298314.671693000,10.11.219.6
3657,551,1649298314.672677000,10.11.219.6
3658,74,1649298314.673253000,10.11.219.6
3659,74,1649298314.673320000,10.11.219.6
3660,-66,1649298314.674845000,142.250.206.226
3661,-66,1649298314.674860000,34.98.64.218
3662,-442,1649298314.677583000,104.244.42.67
3663,66,1649298314.677589000,10.11.219.6
3664,-145,1649298314.677597000,119.9.108.191
3665,66,1649298314.677602000,10.11.219.6
3666,-145,1649298314.677611000,119.9.108.191
3667,66,1649298314.677613000,10.11.219.6
3668,-66,1649298314.686451000,103.71.26.125
3669,-766,1649298314.687585000,103.71.26.125
3670,66,1649298314.687596000,10.11.219.6
3671,535,1649298314.691399000,10.11.219.6
3672,612,1649298314.697292000,10.11.219.6
3673,-771,1649298314.716616000,23.205.97.4
3674,66,1649298314.716637000,10.11.219.6
3675,-355,1649298314.716662000,34.98.64.218
3676,66,1649298314.716672000,10.11.219.6
3677,105,1649298314.718603000,10.11.219.6
3678,-66,1649298314.718884000,209.54.180.144
3679,54,1649298314.718932000,10.11.219.6
3680,243,1649298314.723093000,10.11.219.6
3681,343,1649298314.723131000,10.11.219.6
3682,571,1649298314.726536000,10.11.219.6
3683,-66,1649298314.727470000,34.98.64.218
3684,243,1649298314.728895000,10.11.219.6
3685,349,1649298314.728912000,10.11.219.6
3686,-710,1649298314.729657000,119.9.108.191
3687,66,1649298314.729674000,10.11.219.6
3688,104,1649298314.729902000,10.11.219.6
3689,-141,1649298314.730831000,8.39.36.141
3690,66,1649298314.730842000,10.11.219.6
3691,-117,1649298314.732827000,52.72.192.11
3692,66,1649298314.732841000,10.11.219.6
3693,-135,1649298314.732854000,52.72.192.11
3694,66,1649298314.732856000,10.11.219.6
3695,-66,1649298314.734933000,54.150.10.110
3696,-119,1649298314.734939000,54.150.10.110
3697,66,1649298314.734943000,10.11.219.6
3698,-936,1649298314.736034000,54.150.10.110
3699,66,1649298314.736041000,10.11.219.6
3700,-66,1649298314.742558000,54.250.47.87
3701,-104,1649298314.742565000,54.250.47.87
3702,66,1649298314.742569000,10.11.219.6
3703,-697,1649298314.744697000,54.250.47.87
3704,66,1649298314.744706000,10.11.219.6
3705,531,1649298314.762688000,10.11.219.6
3706,104,1649298314.763324000,10.11.219.6
3707,540,1649298314.763587000,10.11.219.6
3708,-66,1649298314.764962000,103.71.26.125
3709,-702,1649298314.767360000,103.71.26.125
3710,66,1649298314.767373000,10.11.219.6
3711,243,1649298314.768429000,10.11.219.6
3712,407,1649298314.768461000,10.11.219.6
3713,104,1649298314.771442000,10.11.219.6
3714,545,1649298314.771543000,10.11.219.6
3715,165,1649298314.771713000,10.11.219.6
3716,130,1649298314.772525000,10.11.219.6
3717,253,1649298314.774415000,10.11.219.6
3718,171,1649298314.775257000,10.11.219.6
3719,130,1649298314.775584000,10.11.219.6
3720,236,1649298314.776438000,10.11.219.6
3721,474,1649298314.776459000,10.11.219.6
3722,-66,1649298314.776655000,142.250.206.226
3723,-674,1649298314.776659000,142.250.206.226
3724,66,1649298314.776662000,10.11.219.6
3725,-66,1649298314.776664000,35.213.12.39
3726,-923,1649298314.777318000,35.213.12.39
3727,66,1649298314.777321000,10.11.219.6
3728,-97,1649298314.777324000,142.250.206.226
3729,66,1649298314.777328000,10.11.219.6
3730,-66,1649298314.778138000,142.250.206.226
3731,90,1649298314.778549000,10.11.219.6
3732,66,1649298314.778573000,10.11.219.6
3733,-66,1649298314.779369000,103.231.99.243
3734,-104,1649298314.780432000,103.231.99.243
3735,66,1649298314.780445000,10.11.219.6
3736,-407,1649298314.780458000,103.231.99.243
3737,66,1649298314.780460000,10.11.219.6
3738,-66,1649298314.781507000,142.250.206.226
3739,-66,1649298314.781524000,142.250.206.226
3740,66,1649298314.781535000,10.11.219.6
3741,-66,1649298314.783224000,103.231.99.243
3742,130,1649298314.783425000,10.11.219.6
3743,-66,1649298314.784827000,54.150.10.110
3744,-419,1649298314.784840000,54.150.10.110
3745,66,1649298314.784848000,10.11.219.6
3746,-66,1649298314.786914000,31.13.82.36
3747,-646,1649298314.786922000,35.186.254.217
3748,66,1649298314.786930000,10.11.219.6
3749,-237,1649298314.786937000,31.13.82.36
3750,66,1649298314.786939000,10.11.219.6
3751,-146,1649298314.786941000,31.13.82.36
3752,66,1649298314.786942000,10.11.219.6
3753,-66,1649298314.789000000,31.13.82.36
3754,-66,1649298314.789004000,31.13.82.36
3755,-110,1649298314.789013000,31.13.82.36
3756,66,1649298314.789016000,10.11.219.6
3757,-66,1649298314.795462000,209.54.180.144
3758,54,1649298314.795483000,10.11.219.6
3759,-903,1649298314.811356000,8.39.36.142
3760,66,1649298314.811375000,10.11.219.6
3761,-314,1649298314.819025000,142.250.206.226
3762,-396,1649298314.819045000,142.250.206.226
3763,-97,1649298314.819052000,142.250.206.226
3764,-105,1649298314.819055000,142.250.206.226
3765,221,1649298314.821883000,10.11.219.6
3766,236,1649298314.822200000,10.11.219.6
3767,403,1649298314.822230000,10.11.219.6
3768,97,1649298314.823570000,10.11.219.6
3769,-66,1649298314.825534000,35.186.254.217
3770,-97,1649298314.825546000,35.186.254.217
3771,66,1649298314.825554000,10.11.219.6
3772,-291,1649298314.825568000,119.9.108.191
3773,66,1649298314.825573000,10.11.219.6
3774,-105,1649298314.828674000,142.250.206.226
3775,78,1649298314.828692000,10.11.219.6
3776,-66,1649298314.833602000,103.231.99.243
3777,-136,1649298314.833612000,103.231.99.243
3778,66,1649298314.833619000,10.11.219.6
3779,-441,1649298314.834670000,35.186.254.217
3780,66,1649298314.834678000,10.11.219.6
3781,-324,1649298314.843427000,3.93.204.138
3782,66,1649298314.843437000,10.11.219.6
3783,-135,1649298314.843446000,3.93.204.138
3784,66,1649298314.843448000,10.11.219.6
3785,-66,1649298314.843450000,209.54.180.144
3786,54,1649298314.843459000,10.11.219.6
3787,-66,1649298314.843461000,209.54.180.144
3788,54,1649298314.843465000,10.11.219.6
3789,-639,1649298314.848646000,209.54.180.144
3790,54,1649298314.848667000,10.11.219.6
3791,-639,1649298314.850828000,209.54.180.144
3792,54,1649298314.850850000,10.11.219.6
3793,537,1649298314.857454000,10.11.219.6
3794,97,1649298314.858336000,10.11.219.6
3795,105,1649298314.858516000,10.11.219.6
3796,178,1649298314.859128000,10.11.219.6
3797,105,1649298314.859328000,10.11.219.6
3798,243,1649298314.860006000,10.11.219.6
3799,401,1649298314.860040000,10.11.219.6
3800,501,1649298314.860254000,10.11.219.6
3801,-66,1649298314.861446000,142.250.206.226
3802,-66,1649298314.861456000,142.250.206.226
3803,-66,1649298314.862496000,35.186.254.217
3804,571,1649298314.863751000,10.11.219.6
3805,543,1649298314.866055000,10.11.219.6
3806,504,1649298314.866206000,10.11.219.6
3807,104,1649298314.866330000,10.11.219.6
3808,571,1649298314.870339000,10.11.219.6
3809,-330,1649298314.872118000,35.213.12.39
3810,66,1649298314.872129000,10.11.219.6
3811,571,1649298314.872261000,10.11.219.6
3812,214,1649298314.872496000,10.11.219.6
3813,487,1649298314.872927000,10.11.219.6
3814,-66,1649298314.876461000,31.13.82.36
3815,243,1649298314.877800000,10.11.219.6
3816,339,1649298314.877824000,10.11.219.6
3817,104,1649298314.878652000,10.11.219.6
3818,-66,1649298314.880624000,35.186.254.217
3819,-191,1649298314.884996000,35.186.254.217
3820,66,1649298314.885010000,10.11.219.6
3821,105,1649298314.885358000,10.11.219.6
3822,-66,1649298314.893521000,35.186.254.217
3823,-54,1649298314.896814000,209.54.180.144
3824,130,1649298314.902504000,10.11.219.6
3825,236,1649298314.903089000,10.11.219.6
3826,389,1649298314.903114000,10.11.219.6
3827,-190,1649298314.903203000,142.250.206.226
3828,66,1649298314.903215000,10.11.219.6
3829,-367,1649298314.903226000,142.250.206.226
3830,66,1649298314.903231000,10.11.219.6
3831,-97,1649298314.903235000,142.250.206.226
3832,66,1649298314.903239000,10.11.219.6
3833,-105,1649298314.903242000,142.250.206.226
3834,66,1649298314.903246000,10.11.219.6
3835,-54,1649298314.904217000,209.54.180.144
3836,105,1649298314.904488000,10.11.219.6
3837,-674,1649298314.905390000,142.250.76.130
3838,66,1649298314.905437000,10.11.219.6
3839,-66,1649298314.906896000,142.250.76.130
3840,-6001,1649298314.906918000,209.54.180.144
3841,54,1649298314.906935000,10.11.219.6
3842,-97,1649298314.906956000,142.250.76.130
3843,66,1649298314.906966000,10.11.219.6
3844,-66,1649298314.907478000,142.250.206.226
3845,97,1649298314.907667000,10.11.219.6
3846,180,1649298314.913496000,10.11.219.6
3847,525,1649298314.913936000,10.11.219.6
3848,-66,1649298314.915196000,142.250.76.130
3849,-66,1649298314.934218000,54.169.0.0
3850,-104,1649298314.934228000,54.169.0.0
3851,66,1649298314.934235000,10.11.219.6
3852,-994,1649298314.936336000,54.169.0.0
3853,66,1649298314.936340000,10.11.219.6
3854,-104,1649298314.936345000,54.169.0.0
3855,66,1649298314.936347000,10.11.219.6
3856,-2773,1649298314.942985000,31.13.82.36
3857,66,1649298314.942995000,10.11.219.6
3858,-54,1649298314.946012000,52.94.215.121
3859,243,1649298314.947072000,10.11.219.6
3860,408,1649298314.947098000,10.11.219.6
3861,104,1649298314.947772000,10.11.219.6
3862,74,1649298314.947951000,10.11.219.6
3863,-755,1649298314.951344000,142.250.76.130
3864,66,1649298314.951350000,10.11.219.6
3865,-139,1649298314.951354000,142.250.76.130
3866,66,1649298314.951356000,10.11.219.6
3867,-97,1649298314.951357000,142.250.76.130
3868,66,1649298314.951358000,10.11.219.6
3869,-105,1649298314.952388000,142.250.76.130
3870,66,1649298314.952400000,10.11.219.6
3871,-66,1649298314.952411000,103.43.90.178
3872,105,1649298314.952880000,10.11.219.6
3873,-1045,1649298314.954574000,103.43.90.178
3874,66,1649298314.954587000,10.11.219.6
3875,-66,1649298314.955671000,142.250.76.130
3876,531,1649298314.957655000,10.11.219.6
3877,74,1649298314.958517000,10.11.219.6
3878,-74,1649298314.963027000,142.250.206.228
3879,66,1649298314.963037000,10.11.219.6
3880,583,1649298314.964715000,10.11.219.6
3881,-66,1649298314.968379000,142.250.206.228
3882,-639,1649298314.971647000,52.94.215.121
3883,54,1649298314.971655000,10.11.219.6
3884,-54,1649298314.975874000,209.54.180.144
3885,-855,1649298314.989837000,8.39.36.141
3886,66,1649298314.989846000,10.11.219.6
3887,-66,1649298314.989853000,54.169.0.0
3888,-247,1649298315.007622000,142.250.206.228
3889,78,1649298315.007635000,10.11.219.6
3890,-4170,1649298315.007646000,142.250.206.228
3891,66,1649298315.007650000,10.11.219.6
3892,-54,1649298315.012498000,209.54.180.144
3893,-54,1649298315.012505000,209.54.180.144
3894,-54,1649298315.040474000,209.54.180.144
3895,-54,1649298315.041574000,209.54.180.144
3896,-6001,1649298315.044249000,209.54.180.144
3897,54,1649298315.044269000,10.11.219.6
3898,-639,1649298315.044286000,209.54.180.144
3899,-54,1649298315.044926000,209.54.180.144
3900,-6001,1649298315.046297000,209.54.180.144
3901,54,1649298315.046311000,10.11.219.6
3902,180,1649298315.047618000,10.11.219.6
3903,-6001,1649298315.047990000,209.54.180.144
3904,54,1649298315.048002000,10.11.219.6
3905,-823,1649298315.048009000,103.43.90.178
3906,66,1649298315.048016000,10.11.219.6
3907,-639,1649298315.049071000,209.54.180.144
3908,54,1649298315.049089000,10.11.219.6
3909,-66,1649298315.049103000,3.93.204.138
3910,-104,1649298315.050084000,3.93.204.138
3911,66,1649298315.050099000,10.11.219.6
3912,-255,1649298315.051169000,3.93.204.138
3913,66,1649298315.051187000,10.11.219.6
3914,180,1649298315.053667000,10.11.219.6
3915,180,1649298315.056931000,10.11.219.6
3916,506,1649298315.057099000,10.11.219.6
3917,513,1649298315.059461000,10.11.219.6
3918,130,1649298315.062803000,10.11.219.6
3919,236,1649298315.068661000,10.11.219.6
3920,394,1649298315.068689000,10.11.219.6
3921,-66,1649298315.070886000,142.250.206.228
3922,-66,1649298315.071957000,142.250.206.228
3923,-66,1649298315.071970000,142.250.206.228
3924,74,1649298315.072619000,10.11.219.6
3925,-674,1649298315.073219000,142.250.206.228
3926,66,1649298315.073230000,10.11.219.6
3927,-97,1649298315.073238000,142.250.206.228
3928,66,1649298315.073240000,10.11.219.6
3929,97,1649298315.074773000,10.11.219.6
3930,-54,1649298315.077335000,52.94.215.121
3931,-66,1649298315.082705000,142.250.206.228
3932,-105,1649298315.091192000,209.54.180.144
3933,54,1649298315.091209000,10.11.219.6
3934,531,1649298315.091572000,10.11.219.6
3935,-639,1649298315.111707000,52.94.215.121
3936,54,1649298315.111729000,10.11.219.6
3937,-683,1649298315.117023000,142.250.206.228
3938,66,1649298315.117039000,10.11.219.6
3939,-139,1649298315.117054000,142.250.206.228
3940,66,1649298315.117056000,10.11.219.6
3941,-97,1649298315.118026000,142.250.206.228
3942,66,1649298315.118033000,10.11.219.6
3943,-105,1649298315.118039000,142.250.206.228
3944,66,1649298315.118040000,10.11.219.6
3945,105,1649298315.118192000,10.11.219.6
3946,-66,1649298315.121203000,142.250.206.228
3947,-66,1649298315.137363000,52.72.192.11
3948,-104,1649298315.138588000,52.72.192.11
3949,66,1649298315.138596000,10.11.219.6
3950,-493,1649298315.138608000,52.72.192.11
3951,66,1649298315.138616000,10.11.219.6
3952,74,1649298315.196051000,10.11.219.6
3953,74,1649298315.198219000,10.11.219.6
3954,-74,1649298315.203713000,172.217.161.227
3955,66,1649298315.203733000,10.11.219.6
3956,-74,1649298315.203747000,52.35.200.204
3957,66,1649298315.203751000,10.11.219.6
3958,583,1649298315.206859000,10.11.219.6
3959,105,1649298315.207145000,10.11.219.6
3960,105,1649298315.207347000,10.11.219.6
3961,105,1649298315.207380000,10.11.219.6
3962,105,1649298315.207399000,10.11.219.6
3963,105,1649298315.207414000,10.11.219.6
3964,105,1649298315.207428000,10.11.219.6
3965,112,1649298315.207462000,10.11.219.6
3966,112,1649298315.207476000,10.11.219.6
3967,112,1649298315.207488000,10.11.219.6
3968,112,1649298315.207518000,10.11.219.6
3969,105,1649298315.207540000,10.11.219.6
3970,112,1649298315.207554000,10.11.219.6
3971,112,1649298315.207565000,10.11.219.6
3972,112,1649298315.207588000,10.11.219.6
3973,112,1649298315.207635000,10.11.219.6
3974,105,1649298315.207659000,10.11.219.6
3975,112,1649298315.207682000,10.11.219.6
3976,105,1649298315.207700000,10.11.219.6
3977,112,1649298315.207722000,10.11.219.6
3978,112,1649298315.207735000,10.11.219.6
3979,105,1649298315.207783000,10.11.219.6
3980,105,1649298315.207852000,10.11.219.6
3981,105,1649298315.207891000,10.11.219.6
3982,105,1649298315.207904000,10.11.219.6
3983,112,1649298315.207918000,10.11.219.6
3984,105,1649298315.207932000,10.11.219.6
3985,105,1649298315.207943000,10.11.219.6
3986,119,1649298315.208192000,10.11.219.6
3987,66,1649298315.208199000,10.11.219.6
3988,97,1649298315.208302000,10.11.219.6
3989,66,1649298315.208310000,10.11.219.6
3990,97,1649298315.208413000,10.11.219.6
3991,66,1649298315.208421000,10.11.219.6
3992,90,1649298315.208528000,10.11.219.6
3993,66,1649298315.208542000,10.11.219.6
3994,97,1649298315.208651000,10.11.219.6
3995,66,1649298315.208660000,10.11.219.6
3996,97,1649298315.208722000,10.11.219.6
3997,66,1649298315.208730000,10.11.219.6
3998,119,1649298315.208835000,10.11.219.6
3999,66,1649298315.208842000,10.11.219.6
4000,97,1649298315.208905000,10.11.219.6
4001,66,1649298315.208912000,10.11.219.6
4002,90,1649298315.209171000,10.11.219.6
4003,66,1649298315.209179000,10.11.219.6
4004,-74,1649298315.209212000,3.121.17.249
4005,66,1649298315.209236000,10.11.219.6
4006,97,1649298315.209275000,10.11.219.6
4007,66,1649298315.209283000,10.11.219.6
4008,97,1649298315.209351000,10.11.219.6
4009,66,1649298315.209358000,10.11.219.6
4010,90,1649298315.209458000,10.11.219.6
4011,66,1649298315.209466000,10.11.219.6
4012,107,1649298315.209568000,10.11.219.6
4013,54,1649298315.209575000,10.11.219.6
4014,85,1649298315.209692000,10.11.219.6
4015,54,1649298315.209703000,10.11.219.6
4016,85,1649298315.209984000,10.11.219.6
4017,54,1649298315.209992000,10.11.219.6
4018,85,1649298315.210081000,10.11.219.6
4019,54,1649298315.210089000,10.11.219.6
4020,85,1649298315.210170000,10.11.219.6
4021,54,1649298315.210177000,10.11.219.6
4022,-66,1649298315.210233000,172.217.161.227
4023,-66,1649298315.210246000,142.250.76.130
4024,-66,1649298315.210250000,35.227.202.26
4025,-66,1649298315.210252000,142.250.206.228
4026,-66,1649298315.210254000,35.186.254.217
4027,85,1649298315.210289000,10.11.219.6
4028,54,1649298315.210297000,10.11.219.6
4029,85,1649298315.210450000,10.11.219.6
4030,54,1649298315.210461000,10.11.219.6
4031,85,1649298315.210749000,10.11.219.6
4032,54,1649298315.210761000,10.11.219.6
4033,85,1649298315.210898000,10.11.219.6
4034,54,1649298315.210909000,10.11.219.6
4035,85,1649298315.211047000,10.11.219.6
4036,54,1649298315.211058000,10.11.219.6
4037,85,1649298315.211188000,10.11.219.6
4038,54,1649298315.211198000,10.11.219.6
4039,85,1649298315.211319000,10.11.219.6
4040,54,1649298315.211329000,10.11.219.6
4041,85,1649298315.211461000,10.11.219.6
4042,54,1649298315.211470000,10.11.219.6
4043,-66,1649298315.211527000,18.65.156.177
4044,-66,1649298315.211535000,18.65.110.227
4045,-66,1649298315.211537000,34.98.64.218
4046,-66,1649298315.211539000,142.250.206.226
4047,-66,1649298315.211541000,18.65.116.14
4048,-66,1649298315.211542000,18.65.116.37
4049,-66,1649298315.211587000,23.205.97.4
4050,-97,1649298315.211596000,23.205.97.4
4051,54,1649298315.211605000,10.11.219.6
4052,-66,1649298315.211611000,23.205.97.4
4053,54,1649298315.211616000,10.11.219.6
4054,85,1649298315.211757000,10.11.219.6
4055,54,1649298315.211767000,10.11.219.6
4056,85,1649298315.211907000,10.11.219.6
4057,54,1649298315.211922000,10.11.219.6
4058,85,1649298315.212070000,10.11.219.6
4059,54,1649298315.212085000,10.11.219.6
4060,85,1649298315.212228000,10.11.219.6
4061,54,1649298315.212241000,10.11.219.6
4062,97,1649298315.212420000,10.11.219.6
4063,66,1649298315.212431000,10.11.219.6
4064,-66,1649298315.212840000,23.64.8.218
4065,-66,1649298315.212849000,23.205.97.4
4066,-90,1649298315.212852000,23.64.8.218
4067,54,1649298315.212864000,10.11.219.6
4068,-97,1649298315.212875000,23.205.97.4
4069,54,1649298315.212881000,10.11.219.6
4070,-66,1649298315.212886000,184.25.233.136
4071,-66,1649298315.212888000,23.64.8.218
4072,54,1649298315.212893000,10.11.219.6
4073,-66,1649298315.212896000,23.205.97.4
4074,54,1649298315.212899000,10.11.219.6
4075,-97,1649298315.212901000,184.25.233.136
4076,54,1649298315.212906000,10.11.219.6
4077,-66,1649298315.212919000,184.25.233.136
4078,54,1649298315.212922000,10.11.219.6
4079,583,1649298315.214995000,10.11.219.6
4080,-66,1649298315.215785000,18.65.116.118
4081,66,1649298315.215789000,10.11.219.6
4082,90,1649298315.215966000,10.11.219.6
4083,66,1649298315.215980000,10.11.219.6
4084,97,1649298315.216091000,10.11.219.6
4085,66,1649298315.216099000,10.11.219.6
4086,90,1649298315.216178000,10.11.219.6
4087,66,1649298315.216186000,10.11.219.6
4088,97,1649298315.216269000,10.11.219.6
4089,66,1649298315.216276000,10.11.219.6
4090,90,1649298315.216359000,10.11.219.6
4091,66,1649298315.216367000,10.11.219.6
4092,90,1649298315.216607000,10.11.219.6
4093,66,1649298315.216616000,10.11.219.6
4094,90,1649298315.216713000,10.11.219.6
4095,66,1649298315.216721000,10.11.219.6
4096,90,1649298315.216839000,10.11.219.6
4097,66,1649298315.216846000,10.11.219.6
4098,97,1649298315.216938000,10.11.219.6
4099,66,1649298315.216946000,10.11.219.6
4100,90,1649298315.217309000,10.11.219.6
4101,66,1649298315.217327000,10.11.219.6
4102,97,1649298315.217509000,10.11.219.6
4103,66,1649298315.217522000,10.11.219.6
4104,90,1649298315.217714000,10.11.219.6
4105,66,1649298315.217731000,10.11.219.6
4106,97,1649298315.217969000,10.11.219.6
4107,66,1649298315.217984000,10.11.219.6
4108,90,1649298315.218158000,10.11.219.6
4109,66,1649298315.218170000,10.11.219.6
4110,-105,1649298315.218293000,209.54.180.144
4111,54,1649298315.218306000,10.11.219.6
4112,97,1649298315.218473000,10.11.219.6
4113,66,1649298315.218487000,10.11.219.6
4114,90,1649298315.218664000,10.11.219.6
4115,66,1649298315.218676000,10.11.219.6
4116,97,1649298315.218885000,10.11.219.6
4117,66,1649298315.218898000,10.11.219.6
4118,90,1649298315.219271000,10.11.219.6
4119,66,1649298315.219287000,10.11.219.6
4120,-66,1649298315.219329000,31.13.82.36
4121,-105,1649298315.219339000,31.13.82.36
4122,54,1649298315.219354000,10.11.219.6
4123,-66,1649298315.219365000,31.13.82.36
4124,54,1649298315.219369000,10.11.219.6
4125,-66,1649298315.219371000,103.231.99.243
4126,-112,1649298315.219375000,103.231.99.243
4127,54,1649298315.219379000,10.11.219.6
4128,-66,1649298315.219382000,103.231.99.243
4129,54,1649298315.219384000,10.11.219.6
4130,-66,1649298315.219386000,142.250.206.226
4131,-66,1649298315.219388000,142.250.206.226
4132,-66,1649298315.219400000,142.250.206.226
4133,66,1649298315.219403000,10.11.219.6
4134,-66,1649298315.219405000,103.231.99.80
4135,-66,1649298315.219408000,142.250.76.130
4136,-66,1649298315.219410000,142.250.76.130
4137,-66,1649298315.219412000,142.250.76.130
4138,66,1649298315.219414000,10.11.219.6
4139,-66,1649298315.219417000,35.186.254.217
4140,-66,1649298315.219418000,35.186.254.217
4141,-66,1649298315.219421000,35.186.254.217
4142,66,1649298315.219423000,10.11.219.6
4143,90,1649298315.219459000,10.11.219.6
4144,66,1649298315.219472000,10.11.219.6
4145,97,1649298315.219590000,10.11.219.6
4146,66,1649298315.219602000,10.11.219.6
4147,97,1649298315.219932000,10.11.219.6
4148,66,1649298315.219945000,10.11.219.6
4149,97,1649298315.220110000,10.11.219.6
4150,66,1649298315.220125000,10.11.219.6
4151,90,1649298315.220392000,10.11.219.6
4152,66,1649298315.220406000,10.11.219.6
4153,90,1649298315.220783000,10.11.219.6
4154,66,1649298315.220799000,10.11.219.6
4155,-97,1649298315.220919000,18.176.105.211
4156,54,1649298315.220941000,10.11.219.6
4157,-66,1649298315.220955000,18.176.105.211
4158,54,1649298315.220959000,10.11.219.6
4159,-66,1649298315.220962000,18.65.116.37
4160,-66,1649298315.220965000,104.244.42.67
4161,-66,1649298315.220968000,18.65.116.37
4162,66,1649298315.220973000,10.11.219.6
4163,-66,1649298315.220978000,54.150.10.110
4164,66,1649298315.220983000,10.11.219.6
4165,-66,1649298315.220986000,18.65.148.38
4166,-66,1649298315.220994000,18.65.148.38
4167,66,1649298315.220999000,10.11.219.6
4168,-66,1649298315.221012000,142.250.206.228
4169,97,1649298315.221019000,10.11.219.6
4170,66,1649298315.221033000,10.11.219.6
4171,90,1649298315.221328000,10.11.219.6
4172,66,1649298315.221341000,10.11.219.6
4173,97,1649298315.221577000,10.11.219.6
4174,66,1649298315.221591000,10.11.219.6
4175,-66,1649298315.222702000,142.250.206.228
4176,-66,1649298315.222723000,142.250.206.228
4177,66,1649298315.222739000,10.11.219.6
4178,-90,1649298315.222754000,18.178.22.21
4179,54,1649298315.222763000,10.11.219.6
4180,-66,1649298315.222769000,18.178.22.21
4181,54,1649298315.222773000,10.11.219.6
4182,-66,1649298315.222776000,18.65.156.177
4183,-66,1649298315.222780000,18.65.156.177
4184,66,1649298315.222786000,10.11.219.6
4185,-66,1649298315.223768000,35.213.12.39
4186,-66,1649298315.223782000,35.213.12.39
4187,66,1649298315.223791000,10.11.219.6
4188,-66,1649298315.223800000,35.227.202.26
4189,-66,1649298315.223806000,35.227.202.26
4190,-66,1649298315.223810000,35.227.202.26
4191,66,1649298315.223814000,10.11.219.6
4192,-66,1649298315.223818000,34.98.64.218
4193,-66,1649298315.223820000,34.98.64.218
4194,66,1649298315.223825000,10.11.219.6
4195,-66,1649298315.223828000,34.98.64.218
4196,-66,1649298315.224845000,18.65.156.210
4197,-66,1649298315.224856000,18.65.156.210
4198,-66,1649298315.224859000,18.65.156.210
4199,66,1649298315.224866000,10.11.219.6
4200,-66,1649298315.224881000,18.65.110.227
4201,-66,1649298315.224884000,18.65.156.210
4202,66,1649298315.224888000,10.11.219.6
4203,-66,1649298315.224892000,18.65.116.14
4204,-66,1649298315.224895000,18.65.110.227
4205,66,1649298315.224898000,10.11.219.6
4206,-66,1649298315.224902000,18.65.116.14
4207,66,1649298315.224905000,10.11.219.6
4208,583,1649298315.225655000,10.11.219.6
4209,537,1649298315.226211000,10.11.219.6
4210,74,1649298315.226390000,10.11.219.6
4211,74,1649298315.226492000,10.11.219.6
4212,-105,1649298315.227100000,209.54.180.144
4213,54,1649298315.227113000,10.11.219.6
4214,85,1649298315.227568000,10.11.219.6
4215,54,1649298315.227589000,10.11.219.6
4216,74,1649298315.227856000,10.11.219.6
4217,-66,1649298315.228111000,104.244.42.67
4218,-90,1649298315.228120000,104.244.42.67
4219,54,1649298315.228132000,10.11.219.6
4220,-66,1649298315.228144000,104.244.42.67
4221,54,1649298315.228149000,10.11.219.6
4222,-66,1649298315.229086000,54.250.152.22
4223,-66,1649298315.229093000,54.250.152.22
4224,66,1649298315.229099000,10.11.219.6
4225,-66,1649298315.229108000,52.193.147.183
4226,-66,1649298315.229115000,52.193.147.183
4227,66,1649298315.229121000,10.11.219.6
4228,-74,1649298315.230119000,18.65.110.227
4229,66,1649298315.230131000,10.11.219.6
4230,-66,1649298315.231249000,54.250.47.87
4231,-66,1649298315.231272000,54.250.47.87
4232,66,1649298315.231285000,10.11.219.6
4233,-66,1649298315.231300000,103.231.99.80
4234,-66,1649298315.232291000,103.231.99.80
4235,66,1649298315.232306000,10.11.219.6
4236,-66,1649298315.232322000,103.231.99.80
4237,583,1649298315.233199000,10.11.219.6
4238,-105,1649298315.233353000,209.54.180.144
4239,54,1649298315.233368000,10.11.219.6
4240,524,1649298315.233821000,10.11.219.6
4241,-54,1649298315.234487000,54.150.10.110
4242,-639,1649298315.234508000,209.54.180.144
4243,85,1649298315.234899000,10.11.219.6
4244,54,1649298315.234949000,10.11.219.6
4245,74,1649298315.235524000,10.11.219.6
4246,-66,1649298315.236536000,18.65.110.227
4247,-4170,1649298315.237972000,18.65.110.227
4248,66,1649298315.237990000,10.11.219.6
4249,-1217,1649298315.239892000,18.65.110.227
4250,66,1649298315.239905000,10.11.219.6
4251,-639,1649298315.242004000,209.54.180.144
4252,-263,1649298315.249782000,172.217.161.227
4253,78,1649298315.249804000,10.11.219.6
4254,-1434,1649298315.249825000,172.217.161.227
4255,78,1649298315.249832000,10.11.219.6
4256,-2802,1649298315.249952000,172.217.161.227
4257,66,1649298315.249960000,10.11.219.6
4258,-66,1649298315.260168000,13.224.162.190
4259,-66,1649298315.260184000,13.224.162.190
4260,66,1649298315.260197000,10.11.219.6
4261,-90,1649298315.267738000,119.9.108.191
4262,54,1649298315.267771000,10.11.219.6
4263,-66,1649298315.267793000,119.9.108.191
4264,54,1649298315.267799000,10.11.219.6
4265,-639,1649298315.276466000,209.54.180.144
4266,54,1649298315.276490000,10.11.219.6
4267,-66,1649298315.276510000,103.71.26.125
4268,-66,1649298315.276515000,103.71.26.125
4269,66,1649298315.276518000,10.11.219.6
4270,-66,1649298315.276522000,103.71.26.125
4271,85,1649298315.276615000,10.11.219.6
4272,54,1649298315.276632000,10.11.219.6
4273,85,1649298315.277183000,10.11.219.6
4274,54,1649298315.277202000,10.11.219.6
4275,74,1649298315.277431000,10.11.219.6
4276,74,1649298315.278369000,10.11.219.6
4277,74,1649298315.278538000,10.11.219.6
4278,-66,1649298315.281627000,54.169.0.0
4279,-66,1649298315.289205000,103.43.90.178
4280,66,1649298315.289232000,10.11.219.6
4281,130,1649298315.294135000,10.11.219.6
4282,236,1649298315.294587000,10.11.219.6
4283,654,1649298315.294613000,10.11.219.6
4284,-66,1649298315.294686000,54.169.0.0
4285,-66,1649298315.294697000,54.169.0.0
4286,-66,1649298315.294710000,54.169.0.0
4287,66,1649298315.294723000,10.11.219.6
4288,-66,1649298315.296831000,18.65.110.227
4289,-128,1649298315.296840000,18.65.110.227
4290,66,1649298315.296847000,10.11.219.6
4291,97,1649298315.296913000,10.11.219.6
4292,-66,1649298315.298578000,18.65.110.227
4293,-66,1649298315.298589000,18.65.110.227
4294,-97,1649298315.298592000,18.65.110.227
4295,66,1649298315.298600000,10.11.219.6
4296,-66,1649298315.299953000,18.65.110.227
4297,74,1649298315.313168000,10.11.219.6
4298,-66,1649298315.322029000,8.39.36.141
4299,-66,1649298315.322052000,8.39.36.141
4300,66,1649298315.322066000,10.11.219.6
4301,-66,1649298315.325166000,8.39.36.142
4302,-66,1649298315.326231000,8.39.36.142
4303,66,1649298315.326256000,10.11.219.6
4304,-54,1649298315.332763000,52.94.176.11
4305,54,1649298315.332788000,10.11.219.6
4306,-54,1649298315.332804000,52.94.176.11
4307,-54,1649298315.333839000,52.94.176.11
4308,54,1649298315.333875000,10.11.219.6
4309,-54,1649298315.334925000,52.94.215.121
4310,-54,1649298315.334956000,52.94.215.121
4311,54,1649298315.334978000,10.11.219.6
4312,-54,1649298315.336025000,54.240.248.156
4313,54,1649298315.336091000,10.11.219.6
4314,-54,1649298315.337051000,52.94.215.121
4315,54,1649298315.337069000,10.11.219.6
4316,-54,1649298315.337082000,52.94.215.121
4317,-54,1649298315.337090000,52.119.171.205
4318,54,1649298315.337096000,10.11.219.6
4319,-54,1649298315.339160000,54.240.248.156
4320,54,1649298315.339180000,10.11.219.6
4321,-54,1649298315.339202000,54.240.248.156
4322,54,1649298315.339207000,10.11.219.6
4323,-54,1649298315.339211000,54.240.248.156
4324,-54,1649298315.341332000,52.94.215.121
4325,-54,1649298315.341375000,52.94.215.121
4326,-54,1649298315.341905000,52.94.215.121
4327,54,1649298315.341999000,10.11.219.6
4328,-66,1649298315.342078000,52.24.75.179
4329,-66,1649298315.342143000,52.24.75.179
4330,66,1649298315.342161000,10.11.219.6
4331,-66,1649298315.342172000,52.35.200.204
4332,-5523,1649298315.343973000,52.35.200.204
4333,66,1649298315.344026000,10.11.219.6
4334,-54,1649298315.344699000,52.94.176.11
4335,54,1649298315.344757000,10.11.219.6
4336,-54,1649298315.344799000,52.94.215.121
4337,54,1649298315.344815000,10.11.219.6
4338,-54,1649298315.344823000,52.94.215.121
4339,-54,1649298315.345595000,52.94.176.11
4340,54,1649298315.345613000,10.11.219.6
4341,-66,1649298315.345629000,34.213.237.248
4342,-54,1649298315.345636000,52.94.215.121
4343,54,1649298315.345642000,10.11.219.6
4344,-66,1649298315.345651000,34.213.237.248
4345,66,1649298315.345655000,10.11.219.6
4346,-54,1649298315.346686000,54.240.248.156
4347,54,1649298315.346710000,10.11.219.6
4348,-54,1649298315.347741000,52.94.215.121
4349,54,1649298315.347761000,10.11.219.6
4350,-74,1649298315.348840000,34.213.237.248
4351,66,1649298315.348864000,10.11.219.6
4352,-54,1649298315.348878000,52.119.166.51
4353,54,1649298315.348889000,10.11.219.6
4354,192,1649298315.352599000,10.11.219.6
4355,583,1649298315.357876000,10.11.219.6
4356,-107,1649298315.384925000,52.94.234.174
4357,54,1649298315.384953000,10.11.219.6
4358,-54,1649298315.384969000,52.94.234.174
4359,54,1649298315.384973000,10.11.219.6
4360,-66,1649298315.391889000,3.93.204.138
4361,-66,1649298315.391945000,3.93.204.138
4362,-66,1649298315.391989000,3.93.204.138
4363,66,1649298315.392048000,10.11.219.6
4364,-54,1649298315.396457000,209.54.180.144
4365,54,1649298315.396479000,10.11.219.6
4366,-54,1649298315.396495000,209.54.180.144
4367,-66,1649298315.401985000,52.72.192.11
4368,-66,1649298315.402001000,52.72.192.11
4369,66,1649298315.402014000,10.11.219.6
4370,-639,1649298315.402035000,209.54.180.144
4371,54,1649298315.402044000,10.11.219.6
4372,85,1649298315.402662000,10.11.219.6
4373,54,1649298315.402682000,10.11.219.6
4374,-66,1649298315.403263000,209.54.180.144
4375,54,1649298315.403294000,10.11.219.6
4376,-668,1649298315.403305000,18.65.110.227
4377,66,1649298315.403309000,10.11.219.6
4378,-97,1649298315.403313000,18.65.110.227
4379,66,1649298315.403316000,10.11.219.6
4380,105,1649298315.404028000,10.11.219.6
4381,-54,1649298315.405106000,209.54.180.144
4382,-54,1649298315.405127000,209.54.180.144
4383,54,1649298315.405142000,10.11.219.6
4384,-66,1649298315.406161000,18.65.110.227
4385,90,1649298315.408255000,10.11.219.6
4386,66,1649298315.408353000,10.11.219.6
4387,-66,1649298315.413081000,18.65.110.227
4388,-66,1649298315.413095000,18.65.110.227
4389,66,1649298315.413107000,10.11.219.6
4390,-66,1649298315.413130000,209.54.180.144
4391,54,1649298315.413140000,10.11.219.6
4392,571,1649298315.413718000,10.11.219.6
4393,571,1649298315.415797000,10.11.219.6
4394,-66,1649298315.417510000,52.94.176.11
4395,54,1649298315.417545000,10.11.219.6
4396,-639,1649298315.421029000,209.54.180.144
4397,54,1649298315.421059000,10.11.219.6
4398,-66,1649298315.441342000,52.94.176.11
4399,54,1649298315.441465000,10.11.219.6
4400,571,1649298315.450883000,10.11.219.6
4401,-54,1649298315.452492000,209.54.180.144
4402,54,1649298315.452508000,10.11.219.6
4403,-66,1649298315.455747000,209.54.180.144
4404,54,1649298315.455775000,10.11.219.6
4405,-66,1649298315.455790000,209.54.180.144
4406,54,1649298315.455796000,10.11.219.6
4407,-54,1649298315.455799000,209.54.180.144
4408,54,1649298315.455806000,10.11.219.6
4409,-74,1649298315.460980000,3.121.17.249
4410,66,1649298315.461011000,10.11.219.6
4411,85,1649298315.462639000,10.11.219.6
4412,54,1649298315.462668000,10.11.219.6
4413,583,1649298315.468098000,10.11.219.6
4414,571,1649298315.475810000,10.11.219.6
4415,-324,1649298315.479202000,52.35.200.204
4416,66,1649298315.479224000,10.11.219.6
4417,-135,1649298315.479241000,52.35.200.204
4418,66,1649298315.479246000,10.11.219.6
4419,-66,1649298315.480476000,34.213.237.248
4420,-2802,1649298315.483244000,34.213.237.248
4421,66,1649298315.483258000,10.11.219.6
4422,-2775,1649298315.483286000,34.213.237.248
4423,66,1649298315.483295000,10.11.219.6
4424,-66,1649298315.484929000,3.121.17.249
4425,571,1649298315.485009000,10.11.219.6
4426,-166,1649298315.486462000,3.121.17.249
4427,66,1649298315.486475000,10.11.219.6
4428,-5015,1649298315.486488000,3.121.17.249
4429,66,1649298315.486497000,10.11.219.6
4430,-404,1649298315.486501000,3.121.17.249
4431,66,1649298315.486504000,10.11.219.6
4432,-75,1649298315.486507000,3.121.17.249
4433,66,1649298315.486509000,10.11.219.6
4434,571,1649298315.488539000,10.11.219.6
4435,192,1649298315.495499000,10.11.219.6
4436,130,1649298315.496548000,10.11.219.6
4437,192,1649298315.501914000,10.11.219.6
4438,54,1649298315.502231000,10.11.219.6
4439,54,1649298315.502289000,10.11.219.6
4440,66,1649298315.502330000,10.11.219.6
4441,66,1649298315.502401000,10.11.219.6
4442,66,1649298315.502473000,10.11.219.6
4443,90,1649298315.502754000,10.11.219.6
4444,66,1649298315.502762000,10.11.219.6
4445,54,1649298315.502814000,10.11.219.6
4446,54,1649298315.502849000,10.11.219.6
4447,74,1649298315.504713000,10.11.219.6
4448,74,1649298315.504764000,10.11.219.6
4449,-66,1649298315.505248000,172.217.161.227
4450,-66,1649298315.505258000,172.217.161.227
4451,-674,1649298315.506460000,172.217.161.227
4452,54,1649298315.506545000,10.11.219.6
4453,-66,1649298315.506593000,172.217.161.227
4454,54,1649298315.506600000,10.11.219.6
4455,54,1649298315.534960000,10.11.219.6
4456,54,1649298315.535403000,10.11.219.6
4457,66,1649298315.535472000,10.11.219.6
4458,-54,1649298315.556383000,52.94.176.11
4459,-54,1649298315.568181000,52.94.176.11
4460,-54,1649298315.571411000,209.54.180.144
4461,54,1649298315.571441000,10.11.219.6
4462,-54,1649298315.577863000,209.54.180.144
4463,-54,1649298315.588557000,209.54.180.144
4464,-54,1649298315.588572000,209.54.180.144
4465,-54,1649298315.589663000,52.94.176.11
4466,-2774,1649298315.591308000,209.54.180.144
4467,54,1649298315.591330000,10.11.219.6
