index,size,time,ip
0,-11010,1649336440.450364000,18.65.123.80
1,66,1649336440.450440000,10.11.219.6
2,-9642,1649336440.450674000,18.65.123.80
3,-8274,1649336440.450699000,18.65.123.80
4,66,1649336440.450716000,10.11.219.6
5,66,1649336440.450910000,10.11.219.6
6,-1434,1649336440.453596000,18.65.123.80
7,66,1649336440.453646000,10.11.219.6
8,-4170,1649336440.453736000,18.65.123.80
9,66,1649336440.453797000,10.11.219.6
10,-24690,1649336440.453946000,18.65.123.80
11,66,1649336440.453964000,10.11.219.6
12,74,1649336440.454369000,10.11.219.6
13,-2802,1649336440.456366000,18.65.123.80
14,66,1649336440.456372000,10.11.219.6
15,-5538,1649336440.456560000,18.65.123.80
16,66,1649336440.456585000,10.11.219.6
17,-13746,1649336440.458960000,18.65.123.80
18,-8274,1649336440.458983000,18.65.123.80
19,66,1649336440.459036000,10.11.219.6
20,-5538,1649336440.459104000,18.65.123.80
21,66,1649336440.459114000,10.11.219.6
22,-1434,1649336440.461056000,18.65.123.80
23,-30162,1649336440.461077000,18.65.123.80
24,-5538,1649336440.461093000,18.65.123.80
25,66,1649336440.461148000,10.11.219.6
26,-13746,1649336440.461535000,18.65.123.80
27,66,1649336440.461543000,10.11.219.6
28,-5538,1649336440.463506000,18.65.123.80
29,66,1649336440.463520000,10.11.219.6
30,-9642,1649336440.464024000,18.65.123.80
31,-17850,1649336440.464032000,18.65.123.80
32,66,1649336440.464469000,10.11.219.6
33,-12378,1649336440.465940000,18.65.123.80
34,66,1649336440.465954000,10.11.219.6
35,-5538,1649336440.465983000,18.65.123.80
36,66,1649336440.466012000,10.11.219.6
37,-16482,1649336440.466454000,18.65.123.80
38,66,1649336440.466473000,10.11.219.6
39,-5538,1649336440.468515000,18.65.123.80
40,66,1649336440.468569000,10.11.219.6
41,-9642,1649336440.469040000,18.65.123.80
42,-17850,1649336440.469074000,18.65.123.80
43,66,1649336440.469158000,10.11.219.6
44,-2802,1649336440.471448000,18.65.123.80
45,66,1649336440.471489000,10.11.219.6
46,-6906,1649336440.473348000,18.65.123.80
47,-4170,1649336440.473366000,18.65.123.80
48,66,1649336440.473441000,10.11.219.6
49,-13746,1649336440.473779000,18.65.123.80
50,-16482,1649336440.473820000,18.65.123.80
51,66,1649336440.473819000,10.11.219.6
52,66,1649336440.473865000,10.11.219.6
53,-2802,1649336440.475980000,18.65.123.80
54,66,1649336440.476005000,10.11.219.6
55,-27426,1649336440.476508000,18.65.123.80
56,-74,1649336440.476527000,18.65.110.227
57,66,1649336440.476548000,10.11.219.6
58,-2802,1649336440.476559000,18.65.123.80
59,66,1649336440.476559000,10.11.219.6
60,66,1649336440.476737000,10.11.219.6
61,-8274,1649336440.478397000,18.65.123.80
62,66,1649336440.478412000,10.11.219.6
63,-20586,1649336440.478872000,18.65.123.80
64,-4170,1649336440.478887000,18.65.123.80
65,583,1649336440.480978000,10.11.219.6
66,66,1649336440.481369000,10.11.219.6
67,-1434,1649336440.483027000,18.65.123.80
68,-9642,1649336440.483043000,18.65.123.80
69,66,1649336440.483056000,10.11.219.6
70,-17850,1649336440.483663000,18.65.123.80
71,-21954,1649336440.483729000,18.65.123.80
72,66,1649336440.483948000,10.11.219.6
73,-6906,1649336440.485618000,18.65.123.80
74,66,1649336440.485671000,10.11.219.6
75,-4170,1649336440.485727000,18.65.123.80
76,-4170,1649336440.485779000,18.65.123.80
77,66,1649336440.485830000,10.11.219.6
78,-4170,1649336440.486103000,18.65.123.80
79,66,1649336440.486128000,10.11.219.6
80,-4170,1649336440.486148000,18.65.123.80
81,-4170,1649336440.486154000,18.65.123.80
82,-4170,1649336440.486188000,18.65.123.80
83,66,1649336440.486188000,10.11.219.6
84,-2802,1649336440.486191000,18.65.123.80
85,66,1649336440.486270000,10.11.219.6
86,-1434,1649336440.488316000,18.65.123.80
87,-4170,1649336440.488336000,18.65.123.80
88,66,1649336440.488351000,10.11.219.6
89,74,1649336440.488675000,10.11.219.6
90,-2802,1649336440.488682000,18.65.123.80
91,66,1649336440.488690000,10.11.219.6
92,-4170,1649336440.488702000,18.65.123.80
93,-4170,1649336440.488705000,18.65.123.80
94,66,1649336440.488720000,10.11.219.6
95,-4170,1649336440.488740000,18.65.123.80
96,-4170,1649336440.488743000,18.65.123.80
97,-4170,1649336440.488745000,18.65.123.80
98,-2802,1649336440.488754000,18.65.123.80
99,66,1649336440.488853000,10.11.219.6
100,-1434,1649336440.492949000,18.65.123.80
101,-4170,1649336440.492959000,18.65.123.80
102,66,1649336440.492969000,10.11.219.6
103,-4170,1649336440.492985000,18.65.123.80
104,-66,1649336440.492986000,18.65.110.227
105,-1434,1649336440.492995000,18.65.123.80
106,66,1649336440.493000000,10.11.219.6
107,-2802,1649336440.493059000,18.65.123.80
108,66,1649336440.493064000,10.11.219.6
109,-2802,1649336440.493070000,18.65.110.227
110,66,1649336440.493074000,10.11.219.6
111,-4170,1649336440.493079000,18.65.123.80
112,-1434,1649336440.493080000,18.65.110.227
113,66,1649336440.493084000,10.11.219.6
114,66,1649336440.493087000,10.11.219.6
115,-1217,1649336440.493104000,18.65.110.227
116,-4170,1649336440.493106000,18.65.123.80
117,-4170,1649336440.493113000,18.65.123.80
118,-4170,1649336440.493115000,18.65.123.80
119,66,1649336440.493116000,10.11.219.6
120,-4170,1649336440.493131000,18.65.123.80
121,-4170,1649336440.495361000,18.65.123.80
122,-1434,1649336440.495365000,18.65.123.80
123,66,1649336440.495577000,10.11.219.6
124,-1434,1649336440.497524000,18.65.123.80
125,-4170,1649336440.497533000,18.65.123.80
126,66,1649336440.497541000,10.11.219.6
127,-4170,1649336440.497687000,18.65.123.80
128,66,1649336440.497690000,10.11.219.6
129,-74,1649336440.497693000,18.65.116.87
130,66,1649336440.497706000,10.11.219.6
131,-13746,1649336440.497710000,18.65.123.80
132,-13746,1649336440.497730000,18.65.123.80
133,130,1649336440.497864000,10.11.219.6
134,66,1649336440.498025000,10.11.219.6
135,-2802,1649336440.498384000,18.65.123.80
136,66,1649336440.498391000,10.11.219.6
137,-2284,1649336440.499821000,18.65.123.80
138,-66,1649336440.502158000,18.65.110.227
139,-128,1649336440.502182000,18.65.110.227
140,66,1649336440.502202000,10.11.219.6
141,-224,1649336440.525764000,44.226.6.9
142,66,1649336440.525781000,10.11.219.6
143,66,1649336440.541429000,10.11.219.6
144,236,1649336440.542181000,10.11.219.6
145,580,1649336440.542211000,10.11.219.6
146,284,1649336440.542303000,10.11.219.6
147,90,1649336440.542659000,10.11.219.6
148,66,1649336440.542677000,10.11.219.6
149,97,1649336440.542877000,10.11.219.6
150,97,1649336440.542916000,10.11.219.6
151,66,1649336440.542925000,10.11.219.6
152,-66,1649336440.544893000,18.65.110.227
153,-97,1649336440.544906000,18.65.110.227
154,66,1649336440.544912000,10.11.219.6
155,-66,1649336440.544926000,18.65.110.227
156,-66,1649336440.546184000,18.65.110.227
157,-54,1649336440.546200000,18.65.123.80
158,-66,1649336440.546217000,18.65.116.87
159,-2802,1649336440.546222000,18.65.116.87
160,66,1649336440.546231000,10.11.219.6
161,74,1649336440.547377000,10.11.219.6
162,-1242,1649336440.548206000,18.65.116.87
163,66,1649336440.548219000,10.11.219.6
164,-74,1649336440.550520000,18.65.123.80
165,66,1649336440.550551000,10.11.219.6
166,159,1649336440.551234000,10.11.219.6
167,583,1649336440.554587000,10.11.219.6
168,-66,1649336440.555932000,18.65.116.87
169,-237,1649336440.555948000,18.65.116.87
170,66,1649336440.555958000,10.11.219.6
171,526,1649336440.557440000,10.11.219.6
172,-66,1649336440.558472000,18.65.123.80
173,-2802,1649336440.558484000,18.65.123.80
174,66,1649336440.558495000,10.11.219.6
175,-1328,1649336440.561752000,18.65.123.80
176,66,1649336440.561763000,10.11.219.6
177,-66,1649336440.562965000,18.65.116.87
178,-1048,1649336440.562974000,18.65.116.87
179,66,1649336440.562981000,10.11.219.6
180,130,1649336440.565839000,10.11.219.6
181,499,1649336440.566117000,10.11.219.6
182,549,1649336440.567890000,10.11.219.6
183,-66,1649336440.568104000,18.65.123.80
184,-66,1649336440.569190000,18.65.123.80
185,-610,1649336440.569200000,18.65.123.80
186,66,1649336440.569206000,10.11.219.6
187,-90,1649336440.569217000,18.65.123.80
188,90,1649336440.569460000,10.11.219.6
189,66,1649336440.569477000,10.11.219.6
190,74,1649336440.571051000,10.11.219.6
191,-66,1649336440.572535000,18.65.116.87
192,-3793,1649336440.572542000,18.65.116.87
193,-54,1649336440.572547000,18.65.123.80
194,66,1649336440.572577000,10.11.219.6
195,-74,1649336440.574609000,18.65.123.80
196,66,1649336440.574633000,10.11.219.6
197,583,1649336440.578215000,10.11.219.6
198,-66,1649336440.582298000,18.65.123.80
199,-2802,1649336440.582313000,18.65.123.80
200,66,1649336440.582324000,10.11.219.6
201,-1328,1649336440.584272000,18.65.123.80
202,66,1649336440.584291000,10.11.219.6
203,74,1649336440.584311000,10.11.219.6
204,-74,1649336440.587366000,18.65.116.40
205,66,1649336440.587403000,10.11.219.6
206,583,1649336440.587610000,10.11.219.6
207,130,1649336440.587997000,10.11.219.6
208,500,1649336440.588164000,10.11.219.6
209,-66,1649336440.590657000,18.65.123.80
210,-66,1649336440.590670000,18.65.123.80
211,-66,1649336440.590673000,18.65.116.40
212,-610,1649336440.591751000,18.65.123.80
213,66,1649336440.591763000,10.11.219.6
214,-90,1649336440.591779000,18.65.123.80
215,-222,1649336440.591784000,18.65.116.40
216,66,1649336440.591787000,10.11.219.6
217,90,1649336440.592003000,10.11.219.6
218,66,1649336440.592023000,10.11.219.6
219,117,1649336440.592314000,10.11.219.6
220,243,1649336440.592499000,10.11.219.6
221,74,1649336440.593737000,10.11.219.6
222,-54,1649336440.594948000,18.65.123.80
223,-66,1649336440.594958000,18.65.116.40
224,-135,1649336440.594964000,18.65.116.40
225,66,1649336440.594968000,10.11.219.6
226,-66,1649336440.594976000,18.65.116.40
227,104,1649336440.595016000,10.11.219.6
228,-104,1649336440.596010000,18.65.116.40
229,66,1649336440.596012000,10.11.219.6
230,-74,1649336440.597069000,18.65.123.80
231,66,1649336440.597081000,10.11.219.6
232,-66,1649336440.598138000,18.65.116.40
233,583,1649336440.599430000,10.11.219.6
234,-66,1649336440.602631000,18.65.123.80
235,-2802,1649336440.603865000,18.65.123.80
236,66,1649336440.603876000,10.11.219.6
237,538,1649336440.604720000,10.11.219.6
238,-1328,1649336440.605321000,18.65.123.80
239,66,1649336440.605332000,10.11.219.6
240,130,1649336440.607519000,10.11.219.6
241,494,1649336440.607641000,10.11.219.6
242,-1059,1649336440.609364000,18.65.116.87
243,-66,1649336440.610738000,18.65.123.80
244,-66,1649336440.610748000,18.65.123.80
245,-5538,1649336440.610752000,18.65.123.80
246,66,1649336440.610762000,10.11.219.6
247,-365,1649336440.610776000,18.65.123.80
248,78,1649336440.610784000,10.11.219.6
249,561,1649336440.612656000,10.11.219.6
250,-1434,1649336440.612749000,18.65.123.80
251,66,1649336440.612762000,10.11.219.6
252,-90,1649336440.612772000,18.65.123.80
253,90,1649336440.612974000,10.11.219.6
254,66,1649336440.612997000,10.11.219.6
255,74,1649336440.614567000,10.11.219.6
256,-54,1649336440.616939000,18.65.123.80
257,-1451,1649336440.616956000,18.65.116.87
258,66,1649336440.616974000,10.11.219.6
259,-74,1649336440.617945000,18.65.123.80
260,66,1649336440.617980000,10.11.219.6
261,583,1649336440.621077000,10.11.219.6
262,-66,1649336440.624310000,18.65.123.80
263,-2802,1649336440.625527000,18.65.123.80
264,66,1649336440.625537000,10.11.219.6
265,-1328,1649336440.626514000,18.65.123.80
266,66,1649336440.626525000,10.11.219.6
267,130,1649336440.630171000,10.11.219.6
268,495,1649336440.630303000,10.11.219.6
269,-66,1649336440.632871000,18.65.123.80
270,-66,1649336440.632886000,18.65.123.80
271,-642,1649336440.634024000,18.65.123.80
272,66,1649336440.634039000,10.11.219.6
273,-90,1649336440.634057000,18.65.123.80
274,90,1649336440.634315000,10.11.219.6
275,66,1649336440.634340000,10.11.219.6
276,-54,1649336440.637191000,18.65.123.80
277,74,1649336440.673821000,10.11.219.6
278,-74,1649336440.677210000,18.65.123.80
279,66,1649336440.677224000,10.11.219.6
280,583,1649336440.679054000,10.11.219.6
281,-66,1649336440.682795000,18.65.123.80
282,-97,1649336440.682816000,44.226.6.9
283,54,1649336440.682846000,10.11.219.6
284,-66,1649336440.682883000,44.226.6.9
285,54,1649336440.682894000,10.11.219.6
286,-1434,1649336440.682901000,18.65.123.80
287,66,1649336440.682910000,10.11.219.6
288,-1434,1649336440.683806000,18.65.123.80
289,66,1649336440.683823000,10.11.219.6
290,-1328,1649336440.683843000,18.65.123.80
291,66,1649336440.683851000,10.11.219.6
292,130,1649336440.688578000,10.11.219.6
293,500,1649336440.688725000,10.11.219.6
294,-66,1649336440.691143000,18.65.123.80
295,-66,1649336440.691154000,18.65.123.80
296,-6906,1649336440.691935000,18.65.123.80
297,66,1649336440.691942000,10.11.219.6
298,-9632,1649336440.696227000,18.65.123.80
299,66,1649336440.696248000,10.11.219.6
300,-15114,1649336440.696267000,18.65.123.80
301,66,1649336440.696270000,10.11.219.6
302,-6906,1649336440.696285000,18.65.123.80
303,66,1649336440.696288000,10.11.219.6
304,-13746,1649336440.697313000,18.65.123.80
305,66,1649336440.697318000,10.11.219.6
306,-6906,1649336440.699801000,18.65.123.80
307,66,1649336440.699819000,10.11.219.6
308,-11010,1649336440.702050000,18.65.123.80
309,66,1649336440.702097000,10.11.219.6
310,-4314,1649336440.703259000,18.65.123.80
311,66,1649336440.703286000,10.11.219.6
312,90,1649336440.703552000,10.11.219.6
313,66,1649336440.703576000,10.11.219.6
314,-54,1649336440.706272000,18.65.123.80
315,74,1649336440.706787000,10.11.219.6
316,-74,1649336440.710610000,18.65.123.80
317,66,1649336440.710649000,10.11.219.6
318,583,1649336440.713702000,10.11.219.6
319,-66,1649336440.716968000,18.65.123.80
320,-2802,1649336440.718210000,18.65.123.80
321,66,1649336440.718222000,10.11.219.6
322,-1328,1649336440.719233000,18.65.123.80
323,66,1649336440.719275000,10.11.219.6
324,130,1649336440.722838000,10.11.219.6
325,501,1649336440.723020000,10.11.219.6
326,-66,1649336440.725596000,18.65.123.80
327,-66,1649336440.725607000,18.65.123.80
328,-675,1649336440.729973000,18.65.123.80
329,66,1649336440.729987000,10.11.219.6
330,-90,1649336440.730013000,18.65.123.80
331,90,1649336440.730296000,10.11.219.6
332,66,1649336440.730323000,10.11.219.6
333,-54,1649336440.733078000,18.65.123.80
334,74,1649336440.733250000,10.11.219.6
335,-74,1649336440.736285000,18.65.123.80
336,66,1649336440.736335000,10.11.219.6
337,583,1649336440.739891000,10.11.219.6
338,-66,1649336440.742749000,18.65.123.80
339,-2802,1649336440.747543000,18.65.123.80
340,66,1649336440.747559000,10.11.219.6
341,-1328,1649336440.747586000,18.65.123.80
342,66,1649336440.747592000,10.11.219.6
343,130,1649336440.753005000,10.11.219.6
344,508,1649336440.753321000,10.11.219.6
345,-66,1649336440.756012000,18.65.123.80
346,-66,1649336440.756022000,18.65.123.80
347,-2802,1649336440.758407000,18.65.123.80
348,66,1649336440.758420000,10.11.219.6
349,-1366,1649336440.761798000,18.65.123.80
350,66,1649336440.761813000,10.11.219.6
351,-90,1649336440.761838000,18.65.123.80
352,-1172,1649336440.761842000,18.65.110.227
353,66,1649336440.761848000,10.11.219.6
354,90,1649336440.762375000,10.11.219.6
355,66,1649336440.762401000,10.11.219.6
356,-54,1649336440.765133000,18.65.123.80
357,-2802,1649336440.775069000,18.65.110.227
358,66,1649336440.775084000,10.11.219.6
359,-2802,1649336440.775105000,18.65.110.227
360,66,1649336440.775108000,10.11.219.6
361,-2802,1649336440.775947000,18.65.110.227
362,66,1649336440.775962000,10.11.219.6
363,-2802,1649336440.776998000,18.65.110.227
364,66,1649336440.777016000,10.11.219.6
365,-830,1649336440.777036000,18.65.110.227
366,66,1649336440.777042000,10.11.219.6
367,74,1649336440.785601000,10.11.219.6
368,-74,1649336440.788572000,18.65.123.80
369,66,1649336440.788606000,10.11.219.6
370,583,1649336440.791074000,10.11.219.6
371,-66,1649336440.793921000,18.65.123.80
372,-2802,1649336440.795159000,18.65.123.80
373,66,1649336440.795179000,10.11.219.6
374,-1328,1649336440.799377000,18.65.123.80
375,66,1649336440.799411000,10.11.219.6
376,130,1649336440.805992000,10.11.219.6
377,506,1649336440.806170000,10.11.219.6
378,-66,1649336440.809314000,18.65.123.80
379,-66,1649336440.809327000,18.65.123.80
380,-1434,1649336440.809334000,18.65.123.80
381,66,1649336440.809342000,10.11.219.6
382,-86,1649336440.809362000,18.65.123.80
383,78,1649336440.809367000,10.11.219.6
384,-1434,1649336440.809374000,18.65.123.80
385,66,1649336440.809379000,10.11.219.6
386,90,1649336440.809585000,10.11.219.6
387,66,1649336440.809601000,10.11.219.6
388,-90,1649336440.810463000,18.65.123.80
389,54,1649336440.810484000,10.11.219.6
390,74,1649336440.838839000,10.11.219.6
391,-74,1649336440.841779000,18.65.123.80
392,66,1649336440.841804000,10.11.219.6
393,583,1649336440.844682000,10.11.219.6
394,547,1649336440.845208000,10.11.219.6
395,-66,1649336440.848467000,18.65.123.80
396,-1068,1649336440.848484000,18.65.116.87
397,-2802,1649336440.848497000,18.65.123.80
398,66,1649336440.848509000,10.11.219.6
399,-1328,1649336440.849495000,18.65.123.80
400,66,1649336440.849544000,10.11.219.6
401,74,1649336440.852621000,10.11.219.6
402,74,1649336440.852833000,10.11.219.6
403,74,1649336440.852947000,10.11.219.6
404,74,1649336440.853071000,10.11.219.6
405,74,1649336440.853151000,10.11.219.6
406,130,1649336440.855421000,10.11.219.6
407,518,1649336440.855637000,10.11.219.6
408,-66,1649336440.857930000,18.65.123.80
409,-66,1649336440.857942000,18.65.123.80
410,570,1649336440.858459000,10.11.219.6
411,-996,1649336440.860667000,18.65.123.80
412,66,1649336440.860677000,10.11.219.6
413,-90,1649336440.860690000,18.65.123.80
414,90,1649336440.860950000,10.11.219.6
415,66,1649336440.860972000,10.11.219.6
416,-467,1649336440.861840000,18.65.116.87
417,78,1649336440.861856000,10.11.219.6
418,-1434,1649336440.861868000,18.65.116.87
419,66,1649336440.861877000,10.11.219.6
420,74,1649336440.862671000,10.11.219.6
421,-54,1649336440.866125000,18.65.123.80
422,-74,1649336440.866151000,151.101.229.16
423,66,1649336440.866180000,10.11.219.6
424,-74,1649336440.866200000,151.101.229.16
425,66,1649336440.866210000,10.11.219.6
426,-74,1649336440.866215000,151.101.229.16
427,66,1649336440.866220000,10.11.219.6
428,-74,1649336440.866224000,151.101.229.16
429,66,1649336440.866229000,10.11.219.6
430,-74,1649336440.866233000,151.101.229.16
431,66,1649336440.866238000,10.11.219.6
432,-74,1649336440.868448000,18.65.123.80
433,66,1649336440.868543000,10.11.219.6
434,583,1649336440.870952000,10.11.219.6
435,583,1649336440.874571000,10.11.219.6
436,583,1649336440.877195000,10.11.219.6
437,-2802,1649336440.877452000,18.65.110.227
438,66,1649336440.877465000,10.11.219.6
439,-4170,1649336440.879655000,18.65.110.227
440,66,1649336440.879669000,10.11.219.6
441,-6906,1649336440.879681000,18.65.110.227
442,66,1649336440.879685000,10.11.219.6
443,-2802,1649336440.879691000,18.65.110.227
444,66,1649336440.879694000,10.11.219.6
445,-4170,1649336440.879712000,18.65.110.227
446,66,1649336440.879715000,10.11.219.6
447,-1434,1649336440.879717000,18.65.110.227
448,66,1649336440.879724000,10.11.219.6
449,-942,1649336440.879726000,18.65.110.227
450,78,1649336440.879728000,10.11.219.6
451,-1434,1649336440.879729000,18.65.110.227
452,66,1649336440.879731000,10.11.219.6
453,583,1649336440.880195000,10.11.219.6
454,-66,1649336440.882676000,151.101.229.16
455,583,1649336440.883294000,10.11.219.6
456,583,1649336440.885164000,10.11.219.6
457,-914,1649336440.885295000,151.101.229.16
458,78,1649336440.885306000,10.11.219.6
459,-4170,1649336440.885314000,151.101.229.16
460,66,1649336440.885322000,10.11.219.6
461,-66,1649336440.887191000,151.101.229.16
462,-66,1649336440.888263000,18.65.123.80
463,-66,1649336440.889479000,151.101.229.16
464,-2802,1649336440.889486000,18.65.123.80
465,66,1649336440.889490000,10.11.219.6
466,-1328,1649336440.891843000,18.65.123.80
467,66,1649336440.891851000,10.11.219.6
468,-914,1649336440.891860000,151.101.229.16
469,78,1649336440.891863000,10.11.219.6
470,-2802,1649336440.891866000,151.101.229.16
471,78,1649336440.891869000,10.11.219.6
472,-66,1649336440.892948000,151.101.229.16
473,-914,1649336440.892958000,151.101.229.16
474,78,1649336440.892967000,10.11.219.6
475,-2802,1649336440.892974000,151.101.229.16
476,78,1649336440.892980000,10.11.219.6
477,-1434,1649336440.892984000,151.101.229.16
478,66,1649336440.892989000,10.11.219.6
479,-1434,1649336440.892992000,151.101.229.16
480,66,1649336440.892996000,10.11.219.6
481,-914,1649336440.894958000,151.101.229.16
482,78,1649336440.894973000,10.11.219.6
483,-1434,1649336440.894988000,151.101.229.16
484,78,1649336440.894993000,10.11.219.6
485,130,1649336440.897013000,10.11.219.6
486,-1434,1649336440.897265000,151.101.229.16
487,78,1649336440.897275000,10.11.219.6
488,-66,1649336440.897284000,151.101.229.16
489,-914,1649336440.897288000,151.101.229.16
490,78,1649336440.897290000,10.11.219.6
491,-1434,1649336440.897293000,151.101.229.16
492,66,1649336440.897296000,10.11.219.6
493,-1434,1649336440.897298000,151.101.229.16
494,78,1649336440.897300000,10.11.219.6
495,518,1649336440.898971000,10.11.219.6
496,-1434,1649336440.899222000,151.101.229.16
497,78,1649336440.899238000,10.11.219.6
498,-1434,1649336440.899260000,151.101.229.16
499,66,1649336440.899265000,10.11.219.6
500,-66,1649336440.900154000,18.65.123.80
501,-66,1649336440.902306000,18.65.123.80
502,-675,1649336440.902318000,18.65.123.80
503,66,1649336440.902326000,10.11.219.6
504,-90,1649336440.902336000,18.65.123.80
505,130,1649336440.903053000,10.11.219.6
506,90,1649336440.904522000,10.11.219.6
507,66,1649336440.904546000,10.11.219.6
508,236,1649336440.905797000,10.11.219.6
509,897,1649336440.905819000,10.11.219.6
510,130,1649336440.906897000,10.11.219.6
511,-54,1649336440.907680000,18.65.123.80
512,236,1649336440.907974000,10.11.219.6
513,668,1649336440.908002000,10.11.219.6
514,130,1649336440.908552000,10.11.219.6
515,74,1649336440.908779000,10.11.219.6
516,130,1649336440.908911000,10.11.219.6
517,253,1649336440.909071000,10.11.219.6
518,333,1649336440.909395000,10.11.219.6
519,253,1649336440.909721000,10.11.219.6
520,90,1649336440.909743000,10.11.219.6
521,66,1649336440.909751000,10.11.219.6
522,169,1649336440.909939000,10.11.219.6
523,90,1649336440.910257000,10.11.219.6
524,66,1649336440.910267000,10.11.219.6
525,-74,1649336440.911993000,18.65.123.80
526,66,1649336440.911998000,10.11.219.6
527,-66,1649336440.914035000,151.101.229.16
528,583,1649336440.914194000,10.11.219.6
529,130,1649336440.914445000,10.11.219.6
530,253,1649336440.914973000,10.11.219.6
531,178,1649336440.915249000,10.11.219.6
532,90,1649336440.916053000,10.11.219.6
533,66,1649336440.916105000,10.11.219.6
534,-66,1649336440.917886000,151.101.229.16
535,-66,1649336440.917898000,151.101.229.16
536,-125,1649336440.917901000,151.101.229.16
537,66,1649336440.917908000,10.11.219.6
538,-66,1649336440.917925000,18.65.123.80
539,-1434,1649336440.917930000,151.101.229.16
540,66,1649336440.917933000,10.11.219.6
541,97,1649336440.917998000,10.11.219.6
542,-2802,1649336440.920587000,151.101.229.16
543,66,1649336440.920596000,10.11.219.6
544,-4170,1649336440.920608000,151.101.229.16
545,66,1649336440.920613000,10.11.219.6
546,-2802,1649336440.920616000,18.65.123.80
547,66,1649336440.920618000,10.11.219.6
548,-66,1649336440.920621000,151.101.229.16
549,-4170,1649336440.920653000,151.101.229.16
550,66,1649336440.920658000,10.11.219.6
551,-4113,1649336440.920662000,151.101.229.16
552,66,1649336440.920665000,10.11.219.6
553,-1328,1649336440.920668000,18.65.123.80
554,66,1649336440.920670000,10.11.219.6
555,-66,1649336440.920672000,151.101.229.16
556,-66,1649336440.920683000,151.101.229.16
557,-66,1649336440.920685000,151.101.229.16
558,-125,1649336440.920686000,151.101.229.16
559,66,1649336440.920688000,10.11.219.6
560,-2802,1649336440.920691000,151.101.229.16
561,66,1649336440.920693000,10.11.219.6
562,-1434,1649336440.921500000,151.101.229.16
563,66,1649336440.921507000,10.11.219.6
564,-2802,1649336440.921515000,151.101.229.16
565,66,1649336440.921518000,10.11.219.6
566,-2802,1649336440.921520000,151.101.229.16
567,66,1649336440.921524000,10.11.219.6
568,-2802,1649336440.921526000,151.101.229.16
569,66,1649336440.921528000,10.11.219.6
570,-66,1649336440.921530000,151.101.229.16
571,-66,1649336440.921545000,151.101.229.16
572,-125,1649336440.921547000,151.101.229.16
573,54,1649336440.921560000,10.11.219.6
574,-66,1649336440.921570000,151.101.229.16
575,54,1649336440.921575000,10.11.219.6
576,-90,1649336440.921577000,151.101.229.16
577,54,1649336440.921580000,10.11.219.6
578,-66,1649336440.921582000,151.101.229.16
579,-66,1649336440.921584000,151.101.229.16
580,54,1649336440.921586000,10.11.219.6
581,-125,1649336440.921589000,151.101.229.16
582,54,1649336440.921592000,10.11.219.6
583,-66,1649336440.921596000,151.101.229.16
584,54,1649336440.921598000,10.11.219.6
585,97,1649336440.922190000,10.11.219.6
586,-3951,1649336440.922387000,151.101.229.16
587,66,1649336440.922397000,10.11.219.6
588,-1434,1649336440.922407000,151.101.229.16
589,66,1649336440.922417000,10.11.219.6
590,-1434,1649336440.924045000,151.101.229.16
591,66,1649336440.924062000,10.11.219.6
592,-66,1649336440.924075000,151.101.229.16
593,54,1649336440.924085000,10.11.219.6
594,-90,1649336440.924090000,151.101.229.16
595,54,1649336440.924092000,10.11.219.6
596,-66,1649336440.924094000,151.101.229.16
597,54,1649336440.924096000,10.11.219.6
598,-66,1649336440.924098000,151.101.229.16
599,-66,1649336440.924104000,151.101.229.16
600,54,1649336440.924106000,10.11.219.6
601,-4170,1649336440.924109000,151.101.229.16
602,66,1649336440.924112000,10.11.219.6
603,-2802,1649336440.924128000,151.101.229.16
604,66,1649336440.924131000,10.11.219.6
605,-1434,1649336440.924135000,151.101.229.16
606,-2802,1649336440.925256000,151.101.229.16
607,66,1649336440.925269000,10.11.219.6
608,-2802,1649336440.925281000,151.101.229.16
609,66,1649336440.925290000,10.11.219.6
610,-4170,1649336440.925293000,151.101.229.16
611,-2802,1649336440.925295000,151.101.229.16
612,-2802,1649336440.925313000,151.101.229.16
613,-2802,1649336440.925314000,151.101.229.16
614,66,1649336440.925708000,10.11.219.6
615,66,1649336440.925883000,10.11.219.6
616,-2802,1649336440.926612000,151.101.229.16
617,66,1649336440.926625000,10.11.219.6
618,-66,1649336440.926636000,151.101.229.16
619,-2802,1649336440.926649000,151.101.229.16
620,66,1649336440.926654000,10.11.219.6
621,-66,1649336440.926659000,151.101.229.16
622,-125,1649336440.926663000,151.101.229.16
623,54,1649336440.926680000,10.11.219.6
624,130,1649336440.926730000,10.11.219.6
625,517,1649336440.927371000,10.11.219.6
626,-2802,1649336440.927766000,151.101.229.16
627,66,1649336440.927773000,10.11.219.6
628,-2802,1649336440.927784000,151.101.229.16
629,66,1649336440.927787000,10.11.219.6
630,-66,1649336440.927790000,151.101.229.16
631,54,1649336440.927799000,10.11.219.6
632,-66,1649336440.927803000,151.101.229.16
633,54,1649336440.927805000,10.11.219.6
634,-90,1649336440.927807000,151.101.229.16
635,54,1649336440.927810000,10.11.219.6
636,-66,1649336440.927813000,151.101.229.16
637,54,1649336440.927814000,10.11.219.6
638,-66,1649336440.929189000,151.101.229.16
639,-2802,1649336440.929199000,151.101.229.16
640,66,1649336440.929204000,10.11.219.6
641,-2802,1649336440.929215000,151.101.229.16
642,66,1649336440.929217000,10.11.219.6
643,-2802,1649336440.929220000,151.101.229.16
644,66,1649336440.929222000,10.11.219.6
645,-1434,1649336440.929225000,151.101.229.16
646,-66,1649336440.931775000,151.101.229.16
647,-66,1649336440.931787000,18.65.123.80
648,-66,1649336440.931789000,18.65.123.80
649,-772,1649336440.931795000,18.65.123.80
650,66,1649336440.931813000,10.11.219.6
651,-90,1649336440.931830000,18.65.123.80
652,90,1649336440.932093000,10.11.219.6
653,66,1649336440.932120000,10.11.219.6
654,-2802,1649336440.933235000,151.101.229.16
655,66,1649336440.933246000,10.11.219.6
656,-2802,1649336440.934129000,151.101.229.16
657,66,1649336440.934140000,10.11.219.6
658,-5538,1649336440.934157000,151.101.229.16
659,66,1649336440.934161000,10.11.219.6
660,-2802,1649336440.934165000,151.101.229.16
661,66,1649336440.934168000,10.11.219.6
662,-5538,1649336440.934187000,151.101.229.16
663,66,1649336440.934191000,10.11.219.6
664,-2802,1649336440.936485000,151.101.229.16
665,66,1649336440.936512000,10.11.219.6
666,-752,1649336440.936543000,151.101.229.16
667,78,1649336440.936551000,10.11.219.6
668,-54,1649336440.936555000,18.65.123.80
669,-4170,1649336440.936583000,151.101.229.16
670,-1434,1649336440.936586000,151.101.229.16
671,66,1649336440.936591000,10.11.219.6
672,66,1649336440.936991000,10.11.219.6
673,-1434,1649336440.937364000,151.101.229.16
674,66,1649336440.937374000,10.11.219.6
675,-1434,1649336440.937387000,151.101.229.16
676,-2802,1649336440.938578000,151.101.229.16
677,-4170,1649336440.938593000,151.101.229.16
678,-66,1649336440.938594000,151.101.229.16
679,-2802,1649336440.938598000,151.101.229.16
680,-1434,1649336440.939626000,151.101.229.16
681,-5538,1649336440.939635000,151.101.229.16
682,66,1649336440.939679000,10.11.219.6
683,-5538,1649336440.940701000,151.101.229.16
684,66,1649336440.940713000,10.11.219.6
685,-1434,1649336440.940730000,151.101.229.16
686,-5538,1649336440.942893000,151.101.229.16
687,66,1649336440.942903000,10.11.219.6
688,-1434,1649336440.942918000,151.101.229.16
689,-8274,1649336440.942921000,151.101.229.16
690,66,1649336440.942952000,10.11.219.6
691,-8274,1649336440.944055000,151.101.229.16
692,66,1649336440.944069000,10.11.219.6
693,-5538,1649336440.944087000,151.101.229.16
694,66,1649336440.944091000,10.11.219.6
695,-4168,1649336440.945024000,151.101.229.16
696,66,1649336440.945035000,10.11.219.6
697,-6906,1649336440.968927000,18.65.110.227
698,66,1649336440.968947000,10.11.219.6
699,-2258,1649336440.969006000,18.65.110.227
700,66,1649336440.969018000,10.11.219.6
701,-5538,1649336440.972630000,18.65.110.227
702,66,1649336440.972641000,10.11.219.6
703,-1434,1649336440.972677000,18.65.110.227
704,66,1649336440.972686000,10.11.219.6
705,-6906,1649336440.972694000,18.65.110.227
706,66,1649336440.972698000,10.11.219.6
707,-6906,1649336440.974835000,18.65.110.227
708,66,1649336440.974839000,10.11.219.6
709,-6906,1649336440.974847000,18.65.110.227
710,66,1649336440.974849000,10.11.219.6
711,-2802,1649336440.978482000,18.65.110.227
712,66,1649336440.978487000,10.11.219.6
713,-4170,1649336440.978653000,18.65.110.227
714,66,1649336440.978658000,10.11.219.6
715,-6906,1649336440.978664000,18.65.110.227
716,66,1649336440.978665000,10.11.219.6
717,-2802,1649336440.978681000,18.65.110.227
718,66,1649336440.978683000,10.11.219.6
719,-6906,1649336440.978686000,18.65.110.227
720,66,1649336440.978688000,10.11.219.6
721,-1053,1649336440.979385000,18.65.110.227
722,66,1649336440.979390000,10.11.219.6
723,174,1649336440.987668000,10.11.219.6
724,190,1649336440.990317000,10.11.219.6
725,169,1649336440.991296000,10.11.219.6
726,219,1649336440.992019000,10.11.219.6
727,1285,1649336440.992239000,10.11.219.6
728,188,1649336440.992730000,10.11.219.6
729,181,1649336440.993811000,10.11.219.6
730,193,1649336440.994266000,10.11.219.6
731,297,1649336440.994449000,10.11.219.6
732,-66,1649336440.998588000,151.101.229.16
733,-5538,1649336441.000068000,151.101.229.16
734,66,1649336441.000085000,10.11.219.6
735,-477,1649336441.000838000,151.101.229.16
736,78,1649336441.000847000,10.11.219.6
737,-1434,1649336441.000853000,151.101.229.16
738,66,1649336441.000860000,10.11.219.6
739,-66,1649336441.000863000,151.101.229.16
740,-606,1649336441.001860000,151.101.229.16
741,66,1649336441.001878000,10.11.219.6
742,-66,1649336441.001899000,151.101.229.16
743,-2802,1649336441.003493000,151.101.229.16
744,66,1649336441.003516000,10.11.219.6
745,-620,1649336441.007421000,151.101.229.16
746,78,1649336441.007437000,10.11.219.6
747,-1434,1649336441.007451000,151.101.229.16
748,66,1649336441.007462000,10.11.219.6
749,-66,1649336441.007466000,151.101.229.16
750,-5538,1649336441.007474000,151.101.229.16
751,66,1649336441.007478000,10.11.219.6
752,-8274,1649336441.007910000,151.101.229.16
753,66,1649336441.007917000,10.11.219.6
754,-906,1649336441.007932000,151.101.229.16
755,78,1649336441.007937000,10.11.219.6
756,-1434,1649336441.007940000,151.101.229.16
757,66,1649336441.007943000,10.11.219.6
758,-9642,1649336441.007962000,151.101.229.16
759,66,1649336441.007969000,10.11.219.6
760,-131,1649336441.007973000,151.101.229.16
761,78,1649336441.007976000,10.11.219.6
762,-1434,1649336441.008010000,151.101.229.16
763,66,1649336441.008015000,10.11.219.6
764,-66,1649336441.008018000,151.101.229.16
765,-13746,1649336441.008024000,151.101.229.16
766,66,1649336441.008027000,10.11.219.6
767,-2257,1649336441.010236000,151.101.229.16
768,66,1649336441.010251000,10.11.219.6
769,-2802,1649336441.010269000,151.101.229.16
770,66,1649336441.010273000,10.11.219.6
771,-805,1649336441.010277000,151.101.229.16
772,78,1649336441.010282000,10.11.219.6
773,-1434,1649336441.010285000,151.101.229.16
774,66,1649336441.010288000,10.11.219.6
775,-66,1649336441.010291000,151.101.229.16
776,-11010,1649336441.010297000,151.101.229.16
777,66,1649336441.010307000,10.11.219.6
778,-5178,1649336441.010702000,151.101.229.16
779,66,1649336441.010708000,10.11.219.6
780,-66,1649336441.010717000,151.101.229.16
781,-9642,1649336441.010722000,151.101.229.16
782,66,1649336441.010726000,10.11.219.6
783,-2802,1649336441.012348000,151.101.229.16
784,66,1649336441.012362000,10.11.219.6
785,-2802,1649336441.012859000,151.101.229.16
786,66,1649336441.012867000,10.11.219.6
787,-87,1649336441.012876000,151.101.229.16
788,78,1649336441.012882000,10.11.219.6
789,-1434,1649336441.012885000,151.101.229.16
790,66,1649336441.012889000,10.11.219.6
791,-19218,1649336441.012895000,151.101.229.16
792,66,1649336441.012897000,10.11.219.6
793,-6906,1649336441.012914000,151.101.229.16
794,66,1649336441.012917000,10.11.219.6
795,-2802,1649336441.015367000,151.101.229.16
796,66,1649336441.015387000,10.11.219.6
797,-8274,1649336441.015516000,151.101.229.16
798,66,1649336441.015546000,10.11.219.6
799,-1434,1649336441.017187000,151.101.229.16
800,66,1649336441.017195000,10.11.219.6
801,-66,1649336441.017210000,151.101.229.16
802,-11010,1649336441.017218000,151.101.229.16
803,66,1649336441.017221000,10.11.219.6
804,-5538,1649336441.017249000,151.101.229.16
805,66,1649336441.017251000,10.11.219.6
806,-8274,1649336441.017254000,151.101.229.16
807,66,1649336441.017269000,10.11.219.6
808,-2802,1649336441.020622000,151.101.229.16
809,66,1649336441.020653000,10.11.219.6
810,-2802,1649336441.020689000,151.101.229.16
811,66,1649336441.020691000,10.11.219.6
812,-2802,1649336441.020719000,151.101.229.16
813,66,1649336441.020723000,10.11.219.6
814,-17850,1649336441.022380000,151.101.229.16
815,66,1649336441.022396000,10.11.219.6
816,-2802,1649336441.022443000,151.101.229.16
817,66,1649336441.022447000,10.11.219.6
818,-20586,1649336441.026574000,151.101.229.16
819,66,1649336441.026590000,10.11.219.6
820,-6906,1649336441.026642000,151.101.229.16
821,66,1649336441.026646000,10.11.219.6
822,-24690,1649336441.026657000,151.101.229.16
823,-1434,1649336441.026662000,151.101.229.16
824,66,1649336441.026670000,10.11.219.6
825,66,1649336441.026681000,10.11.219.6
826,-2802,1649336441.031189000,151.101.229.16
827,66,1649336441.031212000,10.11.219.6
828,-11010,1649336441.031669000,151.101.229.16
829,66,1649336441.031679000,10.11.219.6
830,-5538,1649336441.031706000,151.101.229.16
831,66,1649336441.031709000,10.11.219.6
832,-13746,1649336441.033645000,151.101.229.16
833,66,1649336441.033669000,10.11.219.6
834,-4170,1649336441.034133000,151.101.229.16
835,66,1649336441.034144000,10.11.219.6
836,-24690,1649336441.034162000,151.101.229.16
837,66,1649336441.034166000,10.11.219.6
838,-1434,1649336441.038993000,151.101.229.16
839,66,1649336441.039006000,10.11.219.6
840,-1434,1649336441.039022000,151.101.229.16
841,66,1649336441.039024000,10.11.219.6
842,-5538,1649336441.039171000,151.101.229.16
843,66,1649336441.039176000,10.11.219.6
844,-17850,1649336441.041173000,151.101.229.16
845,66,1649336441.041187000,10.11.219.6
846,-15114,1649336441.041252000,151.101.229.16
847,66,1649336441.041262000,10.11.219.6
848,-2802,1649336441.041263000,151.101.229.16
849,66,1649336441.041276000,10.11.219.6
850,-19218,1649336441.041707000,151.101.229.16
851,66,1649336441.041712000,10.11.219.6
852,-5538,1649336441.043612000,151.101.229.16
853,66,1649336441.043621000,10.11.219.6
854,-1434,1649336441.044102000,151.101.229.16
855,66,1649336441.044106000,10.11.219.6
856,-26058,1649336441.044126000,151.101.229.16
857,66,1649336441.044139000,10.11.219.6
858,-2802,1649336441.046329000,151.101.229.16
859,66,1649336441.046347000,10.11.219.6
860,-6906,1649336441.046365000,151.101.229.16
861,-5538,1649336441.046369000,151.101.229.16
862,66,1649336441.046413000,10.11.219.6
863,-19218,1649336441.046865000,151.101.229.16
864,66,1649336441.046903000,10.11.219.6
865,-6906,1649336441.049224000,151.101.229.16
866,66,1649336441.049280000,10.11.219.6
867,-13746,1649336441.049368000,151.101.229.16
868,-13746,1649336441.049659000,151.101.229.16
869,66,1649336441.050182000,10.11.219.6
870,-5538,1649336441.051381000,151.101.229.16
871,66,1649336441.051390000,10.11.219.6
872,-11010,1649336441.051403000,151.101.229.16
873,-5538,1649336441.053114000,151.101.229.16
874,-76,1649336441.053138000,151.101.229.16
875,78,1649336441.053167000,10.11.219.6
876,-1434,1649336441.053233000,151.101.229.16
877,66,1649336441.053243000,10.11.219.6
878,74,1649336441.058763000,10.11.219.6
879,-5538,1649336441.073395000,18.65.110.227
880,66,1649336441.073429000,10.11.219.6
881,-11000,1649336441.073500000,18.65.110.227
882,-1434,1649336441.073515000,18.65.110.227
883,-493,1649336441.073517000,18.65.110.227
884,66,1649336441.073518000,10.11.219.6
885,-1434,1649336441.073518000,18.65.110.227
886,66,1649336441.073531000,10.11.219.6
887,78,1649336441.073552000,10.11.219.6
888,66,1649336441.073558000,10.11.219.6
889,211,1649336441.080342000,10.11.219.6
890,198,1649336441.081757000,10.11.219.6
891,175,1649336441.082085000,10.11.219.6
892,173,1649336441.084461000,10.11.219.6
893,204,1649336441.086240000,10.11.219.6
894,-66,1649336441.092247000,151.101.229.16
895,-5538,1649336441.092264000,151.101.229.16
896,66,1649336441.092293000,10.11.219.6
897,-5467,1649336441.092334000,151.101.229.16
898,66,1649336441.092342000,10.11.219.6
899,-66,1649336441.093142000,151.101.229.16
900,-66,1649336441.093156000,151.101.229.16
901,-2802,1649336441.093160000,151.101.229.16
902,66,1649336441.093169000,10.11.219.6
903,-421,1649336441.093188000,151.101.229.16
904,78,1649336441.093194000,10.11.219.6
905,-1434,1649336441.093201000,151.101.229.16
906,66,1649336441.093206000,10.11.219.6
907,-8274,1649336441.094724000,151.101.229.16
908,66,1649336441.094741000,10.11.219.6
909,-5538,1649336441.096758000,151.101.229.16
910,66,1649336441.096772000,10.11.219.6
911,-5143,1649336441.096786000,151.101.229.16
912,66,1649336441.096788000,10.11.219.6
913,-2802,1649336441.096810000,18.65.110.227
914,66,1649336441.096814000,10.11.219.6
915,-636,1649336441.096820000,18.65.110.227
916,78,1649336441.096823000,10.11.219.6
917,-66,1649336441.096825000,151.101.229.16
918,-1400,1649336441.096829000,151.101.229.16
919,66,1649336441.096830000,10.11.219.6
920,-1434,1649336441.096833000,18.65.110.227
921,66,1649336441.096835000,10.11.219.6
922,-66,1649336441.097426000,151.101.229.16
923,-662,1649336441.097429000,151.101.229.16
924,78,1649336441.097433000,10.11.219.6
925,-1434,1649336441.097438000,151.101.229.16
926,66,1649336441.097441000,10.11.219.6
927,169,1649336441.097886000,10.11.219.6
928,-2802,1649336441.104265000,18.65.110.227
929,66,1649336441.104274000,10.11.219.6
930,-6356,1649336441.104314000,18.65.110.227
931,66,1649336441.104318000,10.11.219.6
932,200,1649336441.104368000,10.11.219.6
933,74,1649336441.104410000,10.11.219.6
934,-8274,1649336441.106235000,18.65.110.227
935,66,1649336441.106246000,10.11.219.6
936,-8264,1649336441.107817000,18.65.110.227
937,66,1649336441.107824000,10.11.219.6
938,-100,1649336441.107835000,18.65.110.227
939,-730,1649336441.107838000,18.65.110.227
940,78,1649336441.107843000,10.11.219.6
941,-1434,1649336441.107852000,18.65.110.227
942,66,1649336441.107855000,10.11.219.6
943,-66,1649336441.109791000,151.101.229.16
944,-308,1649336441.109803000,151.101.229.16
945,-7448,1649336441.109810000,151.101.229.16
946,66,1649336441.109826000,10.11.219.6
947,-66,1649336441.114764000,151.101.229.16
948,-15114,1649336441.118450000,151.101.229.16
949,66,1649336441.118500000,10.11.219.6
950,-74,1649336441.118633000,151.101.229.16
951,66,1649336441.118682000,10.11.219.6
952,-9642,1649336441.118708000,151.101.229.16
953,66,1649336441.118721000,10.11.219.6
954,-5538,1649336441.118794000,151.101.229.16
955,66,1649336441.118804000,10.11.219.6
956,-11010,1649336441.118829000,151.101.229.16
957,66,1649336441.118835000,10.11.219.6
958,-4170,1649336441.120709000,151.101.229.16
959,66,1649336441.120722000,10.11.219.6
960,-4170,1649336441.120737000,151.101.229.16
961,66,1649336441.120740000,10.11.219.6
962,-644,1649336441.120744000,151.101.229.16
963,78,1649336441.120748000,10.11.219.6
964,-1434,1649336441.120751000,151.101.229.16
965,66,1649336441.120756000,10.11.219.6
966,583,1649336441.122977000,10.11.219.6
967,-66,1649336441.134950000,151.101.229.16
968,-2802,1649336441.136432000,151.101.229.16
969,66,1649336441.136470000,10.11.219.6
970,-898,1649336441.136520000,151.101.229.16
971,78,1649336441.136534000,10.11.219.6
972,-1434,1649336441.136546000,151.101.229.16
973,66,1649336441.136553000,10.11.219.6
974,130,1649336441.140097000,10.11.219.6
975,253,1649336441.140350000,10.11.219.6
976,90,1649336441.140947000,10.11.219.6
977,66,1649336441.140971000,10.11.219.6
978,-66,1649336441.152453000,151.101.229.16
979,-66,1649336441.152473000,151.101.229.16
980,-125,1649336441.152475000,151.101.229.16
981,54,1649336441.152499000,10.11.219.6
982,-66,1649336441.152531000,151.101.229.16
983,54,1649336441.152536000,10.11.219.6
984,-90,1649336441.152538000,151.101.229.16
985,54,1649336441.152539000,10.11.219.6
986,-66,1649336441.152541000,151.101.229.16
987,54,1649336441.152543000,10.11.219.6
988,-66,1649336441.152545000,151.101.229.16
989,54,1649336441.152547000,10.11.219.6
990,-74,1649336441.195227000,54.201.166.50
991,66,1649336441.195251000,10.11.219.6
992,583,1649336441.196978000,10.11.219.6
993,-1138,1649336441.320692000,18.65.110.227
994,66,1649336441.320713000,10.11.219.6
995,193,1649336441.325191000,10.11.219.6
996,-66,1649336441.333708000,54.201.166.50
997,-66,1649336441.337895000,151.101.229.16
998,-1407,1649336441.337909000,54.201.166.50
999,78,1649336441.337921000,10.11.219.6
1000,-4170,1649336441.337942000,54.201.166.50
1001,66,1649336441.337954000,10.11.219.6
1002,-11010,1649336441.338016000,151.101.229.16
1003,66,1649336441.338025000,10.11.219.6
1004,-573,1649336441.338040000,151.101.229.16
1005,78,1649336441.338046000,10.11.219.6
1006,-1434,1649336441.338052000,151.101.229.16
1007,66,1649336441.338059000,10.11.219.6
1008,192,1649336441.344236000,10.11.219.6
1009,-616,1649336441.359394000,18.65.110.227
1010,66,1649336441.359410000,10.11.219.6
1011,-616,1649336441.361855000,18.65.110.227
1012,78,1649336441.361868000,10.11.219.6
1013,-1434,1649336441.361884000,18.65.110.227
1014,66,1649336441.361900000,10.11.219.6
1015,-1999,1649336441.361912000,18.65.110.227
1016,66,1649336441.361921000,10.11.219.6
1017,-5457,1649336441.361935000,18.65.110.227
1018,66,1649336441.361944000,10.11.219.6
1019,-2802,1649336441.372231000,18.65.110.227
1020,66,1649336441.372248000,10.11.219.6
1021,-6356,1649336441.372362000,18.65.110.227
1022,66,1649336441.372367000,10.11.219.6
1023,-16472,1649336441.372375000,18.65.110.227
1024,66,1649336441.372380000,10.11.219.6
1025,-100,1649336441.372409000,18.65.110.227
1026,-335,1649336441.372412000,18.65.110.227
1027,78,1649336441.372416000,10.11.219.6
1028,-1434,1649336441.372419000,18.65.110.227
1029,66,1649336441.372423000,10.11.219.6
1030,-5538,1649336441.372426000,18.65.110.227
1031,66,1649336441.372430000,10.11.219.6
1032,-195,1649336441.372433000,18.65.110.227
1033,78,1649336441.372435000,10.11.219.6
1034,-1434,1649336441.372445000,18.65.110.227
1035,66,1649336441.372449000,10.11.219.6
1036,-2802,1649336441.377338000,18.65.110.227
1037,66,1649336441.377353000,10.11.219.6
1038,-4170,1649336441.378062000,18.65.110.227
1039,66,1649336441.378076000,10.11.219.6
1040,-884,1649336441.378096000,18.65.110.227
1041,78,1649336441.378102000,10.11.219.6
1042,-1434,1649336441.378106000,18.65.110.227
1043,66,1649336441.378112000,10.11.219.6
1044,-16472,1649336441.378118000,18.65.110.227
1045,66,1649336441.378121000,10.11.219.6
1046,-100,1649336441.378147000,18.65.110.227
1047,-12156,1649336441.378151000,18.65.110.227
1048,66,1649336441.378154000,10.11.219.6
1049,158,1649336441.380820000,10.11.219.6
1050,-2528,1649336441.384095000,18.65.110.227
1051,66,1649336441.384113000,10.11.219.6
1052,158,1649336441.389187000,10.11.219.6
1053,192,1649336441.389521000,10.11.219.6
1054,74,1649336441.389872000,10.11.219.6
1055,198,1649336441.390917000,10.11.219.6
1056,154,1649336441.392302000,10.11.219.6
1057,-66,1649336441.392486000,151.101.229.16
1058,154,1649336441.392501000,10.11.219.6
1059,154,1649336441.394085000,10.11.219.6
1060,154,1649336441.394744000,10.11.219.6
1061,154,1649336441.395115000,10.11.219.6
1062,154,1649336441.395723000,10.11.219.6
1063,154,1649336441.396890000,10.11.219.6
1064,-66,1649336441.400001000,151.101.229.16
1065,419,1649336441.400026000,10.11.219.6
1066,-66,1649336441.400050000,151.101.229.16
1067,-74,1649336441.401051000,151.101.229.16
1068,66,1649336441.401075000,10.11.219.6
1069,-66,1649336441.402185000,151.101.229.16
1070,154,1649336441.402365000,10.11.219.6
1071,154,1649336441.402769000,10.11.219.6
1072,153,1649336441.403116000,10.11.219.6
1073,154,1649336441.403765000,10.11.219.6
1074,-66,1649336441.404292000,151.101.229.16
1075,-66,1649336441.404301000,151.101.229.16
1076,583,1649336441.406111000,10.11.219.6
1077,174,1649336441.406301000,10.11.219.6
1078,178,1649336441.406403000,10.11.219.6
1079,-66,1649336441.406968000,151.101.229.16
1080,-66,1649336441.406982000,151.101.229.16
1081,-66,1649336441.406985000,151.101.229.16
1082,-66,1649336441.406987000,151.101.229.16
1083,-66,1649336441.407859000,151.101.229.16
1084,169,1649336441.408295000,10.11.219.6
1085,176,1649336441.408862000,10.11.219.6
1086,-1304,1649336441.410611000,151.101.229.16
1087,-2783,1649336441.410625000,151.101.229.16
1088,66,1649336441.410637000,10.11.219.6
1089,-330,1649336441.410651000,151.101.229.16
1090,78,1649336441.410655000,10.11.219.6
1091,-1434,1649336441.410657000,151.101.229.16
1092,66,1649336441.410660000,10.11.219.6
1093,-907,1649336441.410663000,151.101.229.16
1094,181,1649336441.411309000,10.11.219.6
1095,169,1649336441.411775000,10.11.219.6
1096,-916,1649336441.412736000,151.101.229.16
1097,66,1649336441.412753000,10.11.219.6
1098,-923,1649336441.412772000,151.101.229.16
1099,-66,1649336441.412775000,151.101.229.16
1100,-1029,1649336441.412782000,151.101.229.16
1101,66,1649336441.412786000,10.11.219.6
1102,-970,1649336441.412790000,151.101.229.16
1103,-936,1649336441.412792000,151.101.229.16
1104,66,1649336441.412794000,10.11.219.6
1105,-946,1649336441.412797000,151.101.229.16
1106,-908,1649336441.412799000,151.101.229.16
1107,66,1649336441.412801000,10.11.219.6
1108,-66,1649336441.413454000,151.101.229.16
1109,-66,1649336441.413469000,151.101.229.16
1110,-66,1649336441.414614000,151.101.229.16
1111,-934,1649336441.414627000,151.101.229.16
1112,-66,1649336441.414634000,151.101.229.16
1113,-946,1649336441.414637000,151.101.229.16
1114,66,1649336441.414647000,10.11.219.6
1115,-1041,1649336441.416735000,151.101.229.16
1116,-907,1649336441.416751000,151.101.229.16
1117,66,1649336441.416762000,10.11.219.6
1118,-66,1649336441.418096000,151.101.229.16
1119,-66,1649336441.418136000,151.101.229.16
1120,-2802,1649336441.418144000,151.101.229.16
1121,66,1649336441.418173000,10.11.219.6
1122,-469,1649336441.418233000,151.101.229.16
1123,78,1649336441.418246000,10.11.219.6
1124,-66,1649336441.418253000,151.101.229.16
1125,-1434,1649336441.418261000,151.101.229.16
1126,66,1649336441.418268000,10.11.219.6
1127,-583,1649336441.418273000,151.101.229.16
1128,-66,1649336441.423324000,151.101.229.16
1129,-2802,1649336441.423338000,151.101.229.16
1130,66,1649336441.423347000,10.11.219.6
1131,-914,1649336441.423364000,151.101.229.16
1132,78,1649336441.423369000,10.11.219.6
1133,-1434,1649336441.423373000,151.101.229.16
1134,66,1649336441.423377000,10.11.219.6
1135,-66,1649336441.423380000,151.101.229.16
1136,-2802,1649336441.423383000,151.101.229.16
1137,66,1649336441.423386000,10.11.219.6
1138,-144,1649336441.423417000,151.101.229.16
1139,78,1649336441.423422000,10.11.219.6
1140,-1434,1649336441.423426000,151.101.229.16
1141,66,1649336441.423430000,10.11.219.6
1142,-2802,1649336441.423433000,151.101.229.16
1143,66,1649336441.423435000,10.11.219.6
1144,-531,1649336441.423438000,151.101.229.16
1145,78,1649336441.423441000,10.11.219.6
1146,-1434,1649336441.423443000,151.101.229.16
1147,66,1649336441.423446000,10.11.219.6
1148,-458,1649336441.426369000,18.65.110.227
1149,66,1649336441.426385000,10.11.219.6
1150,-66,1649336441.426402000,151.101.229.16
1151,-66,1649336441.426408000,151.101.229.16
1152,-16146,1649336441.426412000,151.101.229.16
1153,66,1649336441.426417000,10.11.219.6
1154,-13746,1649336441.426459000,151.101.229.16
1155,66,1649336441.426464000,10.11.219.6
1156,-1434,1649336441.427695000,151.101.229.16
1157,66,1649336441.427711000,10.11.219.6
1158,-87,1649336441.427733000,151.101.229.16
1159,78,1649336441.427739000,10.11.219.6
1160,-1434,1649336441.427743000,151.101.229.16
1161,66,1649336441.427747000,10.11.219.6
1162,-10835,1649336441.427751000,151.101.229.16
1163,66,1649336441.427753000,10.11.219.6
1164,-3975,1649336441.427769000,151.101.229.16
1165,66,1649336441.427772000,10.11.219.6
1166,130,1649336441.428759000,10.11.219.6
1167,253,1649336441.428979000,10.11.219.6
1168,90,1649336441.429763000,10.11.219.6
1169,66,1649336441.430037000,10.11.219.6
1170,155,1649336441.438225000,10.11.219.6
1171,155,1649336441.438523000,10.11.219.6
1172,-66,1649336441.439285000,151.101.229.16
1173,-66,1649336441.440390000,151.101.229.16
1174,-125,1649336441.440398000,151.101.229.16
1175,54,1649336441.440415000,10.11.219.6
1176,-66,1649336441.440432000,151.101.229.16
1177,54,1649336441.440441000,10.11.219.6
1178,-90,1649336441.440446000,151.101.229.16
1179,54,1649336441.440449000,10.11.219.6
1180,-66,1649336441.440452000,151.101.229.16
1181,54,1649336441.440455000,10.11.219.6
1182,-66,1649336441.441658000,151.101.229.16
1183,54,1649336441.441668000,10.11.219.6
1184,-66,1649336441.449011000,151.101.229.16
1185,-66,1649336441.449028000,151.101.229.16
1186,-2802,1649336441.450666000,151.101.229.16
1187,66,1649336441.450681000,10.11.219.6
1188,-4170,1649336441.452281000,151.101.229.16
1189,66,1649336441.452328000,10.11.219.6
1190,-213,1649336441.452388000,151.101.229.16
1191,78,1649336441.452404000,10.11.219.6
1192,-1434,1649336441.452410000,151.101.229.16
1193,66,1649336441.452419000,10.11.219.6
1194,-2802,1649336441.452426000,151.101.229.16
1195,66,1649336441.452430000,10.11.219.6
1196,-13303,1649336441.452726000,151.101.229.16
1197,66,1649336441.452746000,10.11.219.6
1198,-595,1649336441.452775000,151.101.229.16
1199,155,1649336441.477388000,10.11.219.6
1200,155,1649336441.477839000,10.11.219.6
1201,-324,1649336441.483090000,54.201.166.50
1202,66,1649336441.483120000,10.11.219.6
1203,-135,1649336441.483142000,54.201.166.50
1204,66,1649336441.483146000,10.11.219.6
1205,-66,1649336441.490964000,151.101.229.16
1206,-66,1649336441.490976000,151.101.229.16
1207,-539,1649336441.490978000,151.101.229.16
1208,-1434,1649336441.490983000,151.101.229.16
1209,66,1649336441.490991000,10.11.219.6
1210,-12378,1649336441.491100000,151.101.229.16
1211,66,1649336441.491104000,10.11.219.6
1212,-8145,1649336441.491126000,151.101.229.16
1213,66,1649336441.491131000,10.11.219.6
1214,243,1649336441.517348000,10.11.219.6
1215,506,1649336441.517382000,10.11.219.6
1216,104,1649336441.517833000,10.11.219.6
1217,-66,1649336441.653669000,54.201.166.50
1218,-104,1649336441.653686000,54.201.166.50
1219,66,1649336441.653699000,10.11.219.6
1220,-236,1649336441.654639000,54.201.166.50
1221,66,1649336441.654657000,10.11.219.6
1222,-104,1649336441.654676000,54.201.166.50
1223,66,1649336441.654681000,10.11.219.6
1224,157,1649336441.675968000,10.11.219.6
1225,-66,1649336441.686957000,151.101.229.16
1226,-330,1649336441.689427000,151.101.229.16
1227,-1434,1649336441.689444000,151.101.229.16
1228,66,1649336441.689468000,10.11.219.6
1229,-13746,1649336441.689533000,151.101.229.16
1230,66,1649336441.689541000,10.11.219.6
1231,-87,1649336441.692335000,151.101.229.16
1232,78,1649336441.692356000,10.11.219.6
1233,-1434,1649336441.692375000,151.101.229.16
1234,66,1649336441.692385000,10.11.219.6
1235,-12378,1649336441.692393000,151.101.229.16
1236,66,1649336441.692399000,10.11.219.6
1237,-2802,1649336441.693275000,151.101.229.16
1238,66,1649336441.693290000,10.11.219.6
1239,-6906,1649336441.693309000,151.101.229.16
1240,66,1649336441.693314000,10.11.219.6
1241,-764,1649336441.693319000,151.101.229.16
1242,78,1649336441.693323000,10.11.219.6
1243,-1434,1649336441.693336000,151.101.229.16
1244,66,1649336441.693341000,10.11.219.6
1245,724,1649336441.756710000,10.11.219.6
1246,-66,1649336441.759637000,18.65.110.227
1247,194,1649336441.760471000,10.11.219.6
1248,181,1649336441.760802000,10.11.219.6
1249,-66,1649336441.772756000,151.101.229.16
1250,-66,1649336441.772774000,151.101.229.16
1251,-351,1649336441.772778000,151.101.229.16
1252,-1434,1649336441.772788000,151.101.229.16
1253,66,1649336441.772801000,10.11.219.6
1254,-11010,1649336441.772857000,151.101.229.16
1255,66,1649336441.772863000,10.11.219.6
1256,-2802,1649336441.775562000,151.101.229.16
1257,66,1649336441.775584000,10.11.219.6
1258,-2802,1649336441.776108000,151.101.229.16
1259,66,1649336441.776117000,10.11.219.6
1260,-12378,1649336441.777463000,151.101.229.16
1261,-15114,1649336441.777487000,151.101.229.16
1262,-5280,1649336441.777504000,151.101.229.16
1263,66,1649336441.777566000,10.11.219.6
1264,-2802,1649336441.946738000,18.65.110.227
1265,66,1649336441.946751000,10.11.219.6
1266,-576,1649336441.951400000,18.65.110.227
1267,78,1649336441.951436000,10.11.219.6
1268,-1434,1649336441.951469000,18.65.110.227
1269,66,1649336441.951493000,10.11.219.6
1270,-97,1649336441.951497000,18.65.110.227
1271,66,1649336441.951502000,10.11.219.6
1272,202,1649336441.990267000,10.11.219.6
1273,155,1649336441.996176000,10.11.219.6
1274,-66,1649336442.002101000,151.101.229.16
1275,-239,1649336442.003213000,151.101.229.16
1276,78,1649336442.003268000,10.11.219.6
1277,-1434,1649336442.003322000,151.101.229.16
1278,66,1649336442.003358000,10.11.219.6
1279,191,1649336442.006426000,10.11.219.6
1280,-66,1649336442.007456000,151.101.229.16
1281,-1186,1649336442.007468000,151.101.229.16
1282,-596,1649336442.012213000,18.65.110.227
1283,66,1649336442.012230000,10.11.219.6
1284,-2802,1649336442.012245000,18.65.110.227
1285,66,1649336442.012248000,10.11.219.6
1286,-1434,1649336442.013537000,18.65.110.227
1287,66,1649336442.013549000,10.11.219.6
1288,-725,1649336442.013566000,18.65.110.227
1289,78,1649336442.013571000,10.11.219.6
1290,-1434,1649336442.013574000,18.65.110.227
1291,66,1649336442.013577000,10.11.219.6
1292,-2284,1649336442.013580000,18.65.110.227
1293,66,1649336442.013582000,10.11.219.6
1294,-1434,1649336442.013584000,18.65.110.227
1295,66,1649336442.013586000,10.11.219.6
1296,-393,1649336442.013588000,18.65.110.227
1297,78,1649336442.013589000,10.11.219.6
1298,-1434,1649336442.013591000,18.65.110.227
1299,66,1649336442.013593000,10.11.219.6
1300,-1434,1649336442.013600000,18.65.110.227
1301,66,1649336442.013602000,10.11.219.6
1302,-1434,1649336442.014418000,18.65.110.227
1303,66,1649336442.014433000,10.11.219.6
1304,-1137,1649336442.014458000,18.65.110.227
1305,78,1649336442.014464000,10.11.219.6
1306,-1434,1649336442.014471000,18.65.110.227
1307,66,1649336442.014477000,10.11.219.6
1308,-9092,1649336442.018049000,18.65.110.227
1309,66,1649336442.018074000,10.11.219.6
1310,-66,1649336442.018102000,151.101.229.16
1311,-974,1649336442.018702000,151.101.229.16
1312,66,1649336442.018801000,10.11.219.6
1313,-2802,1649336442.021928000,18.65.110.227
1314,66,1649336442.021945000,10.11.219.6
1315,164,1649336442.022597000,10.11.219.6
1316,164,1649336442.023612000,10.11.219.6
1317,-13736,1649336442.024126000,18.65.110.227
1318,66,1649336442.024144000,10.11.219.6
1319,-2888,1649336442.024175000,18.65.110.227
1320,66,1649336442.024182000,10.11.219.6
1321,165,1649336442.027355000,10.11.219.6
1322,159,1649336442.031458000,10.11.219.6
1323,-4170,1649336442.033032000,18.65.110.227
1324,66,1649336442.033053000,10.11.219.6
1325,160,1649336442.033458000,10.11.219.6
1326,159,1649336442.033992000,10.11.219.6
1327,-12368,1649336442.035580000,18.65.110.227
1328,66,1649336442.035629000,10.11.219.6
1329,-10710,1649336442.035748000,18.65.110.227
1330,66,1649336442.035773000,10.11.219.6
1331,-66,1649336442.035813000,151.101.229.16
1332,160,1649336442.036784000,10.11.219.6
1333,160,1649336442.037109000,10.11.219.6
1334,160,1649336442.037508000,10.11.219.6
1335,161,1649336442.038357000,10.11.219.6
1336,-2456,1649336442.038425000,151.101.229.16
1337,-66,1649336442.038434000,151.101.229.16
1338,-2516,1649336442.038441000,151.101.229.16
1339,-66,1649336442.038445000,151.101.229.16
1340,66,1649336442.038519000,10.11.219.6
1341,160,1649336442.038927000,10.11.219.6
1342,160,1649336442.039820000,10.11.219.6
1343,159,1649336442.040123000,10.11.219.6
1344,-1434,1649336442.040512000,151.101.229.16
1345,-188,1649336442.040524000,151.101.229.16
1346,78,1649336442.040535000,10.11.219.6
1347,-1434,1649336442.040550000,151.101.229.16
1348,66,1649336442.040561000,10.11.219.6
1349,160,1649336442.041218000,10.11.219.6
1350,-66,1649336442.042426000,151.101.229.16
1351,152,1649336442.043549000,10.11.219.6
1352,-3823,1649336442.043689000,151.101.229.16
1353,66,1649336442.043821000,10.11.219.6
1354,-66,1649336442.044542000,151.101.229.16
1355,-2802,1649336442.045932000,151.101.229.16
1356,66,1649336442.045951000,10.11.219.6
1357,-1434,1649336442.047957000,151.101.229.16
1358,-91,1649336442.047970000,151.101.229.16
1359,78,1649336442.047983000,10.11.219.6
1360,-1434,1649336442.047999000,151.101.229.16
1361,66,1649336442.048005000,10.11.219.6
1362,-66,1649336442.048010000,151.101.229.16
1363,-66,1649336442.048011000,151.101.229.16
1364,-66,1649336442.048012000,151.101.229.16
1365,-66,1649336442.049479000,151.101.229.16
1366,-5097,1649336442.049498000,151.101.229.16
1367,-5305,1649336442.049507000,151.101.229.16
1368,-66,1649336442.049515000,151.101.229.16
1369,66,1649336442.051015000,10.11.219.6
1370,160,1649336442.055560000,10.11.219.6
1371,-5538,1649336442.060347000,151.101.229.16
1372,-511,1649336442.060371000,151.101.229.16
1373,78,1649336442.060388000,10.11.219.6
1374,-1434,1649336442.060410000,151.101.229.16
1375,66,1649336442.060418000,10.11.219.6
1376,-66,1649336442.060423000,151.101.229.16
1377,-66,1649336442.061134000,151.101.229.16
1378,-4170,1649336442.061147000,151.101.229.16
1379,66,1649336442.061156000,10.11.219.6
1380,-299,1649336442.061172000,151.101.229.16
1381,78,1649336442.061177000,10.11.219.6
1382,-1434,1649336442.061182000,151.101.229.16
1383,66,1649336442.061187000,10.11.219.6
1384,-66,1649336442.061190000,151.101.229.16
1385,-2802,1649336442.061194000,151.101.229.16
1386,-858,1649336442.061206000,151.101.229.16
1387,78,1649336442.061211000,10.11.219.6
1388,-1434,1649336442.061215000,151.101.229.16
1389,66,1649336442.061218000,10.11.219.6
1390,-66,1649336442.061221000,151.101.229.16
1391,-454,1649336442.061224000,151.101.229.16
1392,-5538,1649336442.061226000,151.101.229.16
1393,-465,1649336442.061235000,151.101.229.16
1394,78,1649336442.061238000,10.11.219.6
1395,-66,1649336442.061242000,151.101.229.16
1396,-2398,1649336442.061246000,151.101.229.16
1397,66,1649336442.061248000,10.11.219.6
1398,-1434,1649336442.061252000,151.101.229.16
1399,66,1649336442.061257000,10.11.219.6
1400,-66,1649336442.067186000,151.101.229.16
1401,159,1649336442.067943000,10.11.219.6
1402,-3856,1649336442.069661000,151.101.229.16
1403,66,1649336442.069793000,10.11.219.6
1404,159,1649336442.075341000,10.11.219.6
1405,160,1649336442.078387000,10.11.219.6
1406,-66,1649336442.078964000,151.101.229.16
1407,160,1649336442.079320000,10.11.219.6
1408,160,1649336442.079641000,10.11.219.6
1409,213,1649336442.079736000,10.11.219.6
1410,213,1649336442.080557000,10.11.219.6
1411,-2802,1649336442.081361000,151.101.229.16
1412,66,1649336442.081540000,10.11.219.6
1413,214,1649336442.081723000,10.11.219.6
1414,213,1649336442.082171000,10.11.219.6
1415,-1262,1649336442.082461000,151.101.229.16
1416,214,1649336442.083809000,10.11.219.6
1417,214,1649336442.086440000,10.11.219.6
1418,-66,1649336442.086712000,151.101.229.16
1419,214,1649336442.087042000,10.11.219.6
1420,213,1649336442.087631000,10.11.219.6
1421,214,1649336442.088105000,10.11.219.6
1422,-3795,1649336442.089266000,151.101.229.16
1423,-66,1649336442.089283000,151.101.229.16
1424,66,1649336442.089303000,10.11.219.6
1425,-66,1649336442.090224000,151.101.229.16
1426,-1434,1649336442.090238000,151.101.229.16
1427,-2513,1649336442.091963000,151.101.229.16
1428,66,1649336442.091979000,10.11.219.6
1429,-66,1649336442.092001000,151.101.229.16
1430,-66,1649336442.092007000,151.101.229.16
1431,-4170,1649336442.093165000,151.101.229.16
1432,-209,1649336442.093176000,151.101.229.16
1433,78,1649336442.093186000,10.11.219.6
1434,-1434,1649336442.093200000,151.101.229.16
1435,66,1649336442.093206000,10.11.219.6
1436,-66,1649336442.093210000,151.101.229.16
1437,-4286,1649336442.093213000,151.101.229.16
1438,-233,1649336442.093238000,151.101.229.16
1439,66,1649336442.093242000,10.11.219.6
1440,-2802,1649336442.093247000,151.101.229.16
1441,-1565,1649336442.093799000,151.101.229.16
1442,-2802,1649336442.093807000,151.101.229.16
1443,-285,1649336442.093809000,151.101.229.16
1444,78,1649336442.093815000,10.11.219.6
1445,-1434,1649336442.093823000,151.101.229.16
1446,66,1649336442.093828000,10.11.219.6
1447,-66,1649336442.093832000,151.101.229.16
1448,-66,1649336442.093837000,151.101.229.16
1449,214,1649336442.094309000,10.11.219.6
1450,-2802,1649336442.095054000,151.101.229.16
1451,66,1649336442.095066000,10.11.219.6
1452,-414,1649336442.095078000,151.101.229.16
1453,226,1649336442.095085000,10.11.219.6
1454,-1434,1649336442.095092000,151.101.229.16
1455,66,1649336442.095096000,10.11.219.6
1456,-4060,1649336442.095104000,151.101.229.16
1457,-66,1649336442.095105000,151.101.229.16
1458,214,1649336442.095295000,10.11.219.6
1459,214,1649336442.096437000,10.11.219.6
1460,214,1649336442.096736000,10.11.219.6
1461,214,1649336442.097482000,10.11.219.6
1462,184,1649336442.097753000,10.11.219.6
1463,214,1649336442.097775000,10.11.219.6
1464,178,1649336442.098141000,10.11.219.6
1465,-3670,1649336442.098590000,151.101.229.16
1466,239,1649336442.098735000,10.11.219.6
1467,-66,1649336442.099818000,151.101.229.16
1468,-66,1649336442.099869000,151.101.229.16
1469,-66,1649336442.099877000,151.101.229.16
1470,-2802,1649336442.099882000,151.101.229.16
1471,66,1649336442.099910000,10.11.219.6
1472,-337,1649336442.099928000,151.101.229.16
1473,78,1649336442.099934000,10.11.219.6
1474,-1434,1649336442.099938000,151.101.229.16
1475,66,1649336442.099942000,10.11.219.6
1476,167,1649336442.099973000,10.11.219.6
1477,167,1649336442.101592000,10.11.219.6
1478,-2802,1649336442.104047000,151.101.229.16
1479,-853,1649336442.104069000,151.101.229.16
1480,78,1649336442.104081000,10.11.219.6
1481,-1434,1649336442.104099000,151.101.229.16
1482,66,1649336442.104104000,10.11.219.6
1483,-66,1649336442.104108000,151.101.229.16
1484,-5274,1649336442.104139000,151.101.229.16
1485,66,1649336442.104718000,10.11.219.6
1486,-66,1649336442.105918000,151.101.229.16
1487,-66,1649336442.105935000,151.101.229.16
1488,-66,1649336442.107510000,151.101.229.16
1489,-4170,1649336442.107524000,151.101.229.16
1490,66,1649336442.107545000,10.11.219.6
1491,-142,1649336442.107563000,151.101.229.16
1492,78,1649336442.107568000,10.11.219.6
1493,-1434,1649336442.107572000,151.101.229.16
1494,66,1649336442.107576000,10.11.219.6
1495,-2802,1649336442.107579000,151.101.229.16
1496,66,1649336442.107704000,10.11.219.6
1497,168,1649336442.107833000,10.11.219.6
1498,168,1649336442.108873000,10.11.219.6
1499,-2549,1649336442.109534000,151.101.229.16
1500,-4170,1649336442.109543000,151.101.229.16
1501,-100,1649336442.109545000,151.101.229.16
1502,165,1649336442.109559000,10.11.219.6
1503,-1434,1649336442.109572000,151.101.229.16
1504,66,1649336442.109578000,10.11.219.6
1505,-66,1649336442.109582000,151.101.229.16
1506,-66,1649336442.109602000,151.101.229.16
1507,-66,1649336442.109606000,151.101.229.16
1508,-66,1649336442.109607000,151.101.229.16
1509,-66,1649336442.109610000,151.101.229.16
1510,240,1649336442.111109000,10.11.219.6
1511,-66,1649336442.111417000,151.101.229.16
1512,-66,1649336442.111430000,151.101.229.16
1513,-6906,1649336442.111435000,151.101.229.16
1514,-594,1649336442.111438000,151.101.229.16
1515,78,1649336442.111445000,10.11.219.6
1516,-1434,1649336442.111495000,151.101.229.16
1517,66,1649336442.111500000,10.11.219.6
1518,-13746,1649336442.111507000,151.101.229.16
1519,66,1649336442.111512000,10.11.219.6
1520,-874,1649336442.112657000,151.101.229.16
1521,78,1649336442.112672000,10.11.219.6
1522,-1434,1649336442.112685000,151.101.229.16
1523,66,1649336442.112690000,10.11.219.6
1524,-2802,1649336442.112694000,151.101.229.16
1525,66,1649336442.112697000,10.11.219.6
1526,-310,1649336442.112699000,151.101.229.16
1527,78,1649336442.112703000,10.11.219.6
1528,-1434,1649336442.112706000,151.101.229.16
1529,66,1649336442.112710000,10.11.219.6
1530,-2802,1649336442.112713000,151.101.229.16
1531,153,1649336442.112984000,10.11.219.6
1532,-5538,1649336442.114868000,151.101.229.16
1533,66,1649336442.114890000,10.11.219.6
1534,-2739,1649336442.115423000,151.101.229.16
1535,-2681,1649336442.115434000,151.101.229.16
1536,-1434,1649336442.115436000,151.101.229.16
1537,-390,1649336442.115437000,151.101.229.16
1538,78,1649336442.115453000,10.11.219.6
1539,-16472,1649336442.115470000,18.65.110.227
1540,66,1649336442.115475000,10.11.219.6
1541,-1434,1649336442.115485000,151.101.229.16
1542,66,1649336442.115490000,10.11.219.6
1543,-1434,1649336442.115493000,18.65.110.227
1544,66,1649336442.115495000,10.11.219.6
1545,-4170,1649336442.116568000,18.65.110.227
1546,66,1649336442.116586000,10.11.219.6
1547,-933,1649336442.116601000,18.65.110.227
1548,78,1649336442.116606000,10.11.219.6
1549,-66,1649336442.116610000,151.101.229.16
1550,-66,1649336442.116616000,151.101.229.16
1551,-1434,1649336442.116618000,18.65.110.227
1552,66,1649336442.116623000,10.11.219.6
1553,-2802,1649336442.116626000,151.101.229.16
1554,-2802,1649336442.117687000,151.101.229.16
1555,-849,1649336442.117697000,151.101.229.16
1556,78,1649336442.117708000,10.11.219.6
1557,-1434,1649336442.117722000,151.101.229.16
1558,66,1649336442.117726000,10.11.219.6
1559,-66,1649336442.119175000,151.101.229.16
1560,-66,1649336442.120781000,151.101.229.16
1561,-2802,1649336442.120794000,151.101.229.16
1562,66,1649336442.120805000,10.11.219.6
1563,-894,1649336442.120822000,151.101.229.16
1564,78,1649336442.120828000,10.11.219.6
1565,-1434,1649336442.120832000,151.101.229.16
1566,66,1649336442.120836000,10.11.219.6
1567,-6829,1649336442.121972000,151.101.229.16
1568,66,1649336442.123394000,10.11.219.6
1569,-66,1649336442.123645000,151.101.229.16
1570,-66,1649336442.123656000,151.101.229.16
1571,-211,1649336442.125370000,151.101.229.16
1572,-1157,1649336442.125378000,151.101.229.16
1573,-2734,1649336442.125380000,151.101.229.16
1574,-1990,1649336442.125381000,151.101.229.16
1575,66,1649336442.125546000,10.11.219.6
1576,66,1649336442.125770000,10.11.219.6
1577,-66,1649336442.126070000,151.101.229.16
1578,-1434,1649336442.127331000,151.101.229.16
1579,-580,1649336442.127343000,151.101.229.16
1580,78,1649336442.127356000,10.11.219.6
1581,-1434,1649336442.127376000,151.101.229.16
1582,66,1649336442.127381000,10.11.219.6
1583,251,1649336442.154131000,10.11.219.6
1584,-66,1649336442.165094000,151.101.229.16
1585,-5538,1649336442.166807000,151.101.229.16
1586,-5538,1649336442.166834000,151.101.229.16
1587,66,1649336442.166904000,10.11.219.6
1588,-2802,1649336442.167601000,151.101.229.16
1589,66,1649336442.167611000,10.11.219.6
1590,-1031,1649336442.167623000,151.101.229.16
1591,78,1649336442.167627000,10.11.219.6
1592,-1434,1649336442.167629000,151.101.229.16
1593,66,1649336442.167632000,10.11.219.6
1594,-958,1649336442.167635000,151.101.229.16
1595,153,1649336442.186273000,10.11.219.6
1596,153,1649336442.186890000,10.11.219.6
1597,153,1649336442.188187000,10.11.219.6
1598,153,1649336442.189812000,10.11.219.6
1599,164,1649336442.190831000,10.11.219.6
1600,180,1649336442.193312000,10.11.219.6
1601,-66,1649336442.197080000,151.101.229.16
1602,-66,1649336442.198953000,151.101.229.16
1603,-455,1649336442.198970000,151.101.229.16
1604,78,1649336442.198986000,10.11.219.6
1605,-1434,1649336442.199004000,151.101.229.16
1606,66,1649336442.199020000,10.11.219.6
1607,-850,1649336442.199027000,151.101.229.16
1608,78,1649336442.199032000,10.11.219.6
1609,-1434,1649336442.199036000,151.101.229.16
1610,66,1649336442.199040000,10.11.219.6
1611,-66,1649336442.199820000,151.101.229.16
1612,-1655,1649336442.205624000,151.101.229.16
1613,66,1649336442.205638000,10.11.219.6
1614,-66,1649336442.205653000,151.101.229.16
1615,-66,1649336442.205658000,151.101.229.16
1616,-3217,1649336442.205660000,151.101.229.16
1617,-4584,1649336442.205662000,151.101.229.16
1618,-425,1649336442.205675000,151.101.229.16
1619,-66,1649336442.205677000,151.101.229.16
1620,-1376,1649336442.205679000,151.101.229.16
1621,66,1649336442.205683000,10.11.219.6
1622,66,1649336442.205719000,10.11.219.6
1623,240,1649336442.256868000,10.11.219.6
1624,-1434,1649336442.263298000,18.65.110.227
1625,66,1649336442.263312000,10.11.219.6
1626,-1112,1649336442.263329000,18.65.110.227
1627,78,1649336442.263338000,10.11.219.6
1628,-1434,1649336442.263344000,18.65.110.227
1629,66,1649336442.263348000,10.11.219.6
1630,-66,1649336442.268166000,151.101.229.16
1631,-1080,1649336442.278240000,18.65.110.227
1632,66,1649336442.278257000,10.11.219.6
1633,-2802,1649336442.285764000,18.65.110.227
1634,66,1649336442.285783000,10.11.219.6
1635,-2802,1649336442.285820000,18.65.110.227
1636,66,1649336442.285826000,10.11.219.6
1637,166,1649336442.287149000,10.11.219.6
1638,-1434,1649336442.287919000,18.65.110.227
1639,66,1649336442.287933000,10.11.219.6
1640,-884,1649336442.287949000,18.65.110.227
1641,78,1649336442.287955000,10.11.219.6
1642,-1434,1649336442.287960000,18.65.110.227
1643,66,1649336442.287965000,10.11.219.6
1644,-16472,1649336442.287973000,18.65.110.227
1645,66,1649336442.287980000,10.11.219.6
1646,-5538,1649336442.288028000,18.65.110.227
1647,66,1649336442.288034000,10.11.219.6
1648,-363,1649336442.288042000,18.65.110.227
1649,78,1649336442.288046000,10.11.219.6
1650,-1434,1649336442.288050000,18.65.110.227
1651,66,1649336442.288054000,10.11.219.6
1652,-97,1649336442.288057000,18.65.110.227
1653,66,1649336442.288073000,10.11.219.6
1654,-11010,1649336442.289642000,151.101.229.16
1655,66,1649336442.289660000,10.11.219.6
1656,-509,1649336442.289683000,151.101.229.16
1657,78,1649336442.289691000,10.11.219.6
1658,-1434,1649336442.289696000,151.101.229.16
1659,66,1649336442.289701000,10.11.219.6
1660,-66,1649336442.298499000,151.101.229.16
1661,-926,1649336442.299603000,151.101.229.16
1662,66,1649336442.299616000,10.11.219.6
1663,155,1649336442.303158000,10.11.219.6
1664,-66,1649336442.315829000,151.101.229.16
1665,-293,1649336442.315841000,151.101.229.16
1666,-1171,1649336442.315851000,151.101.229.16
1667,66,1649336442.316050000,10.11.219.6
1668,177,1649336442.345041000,10.11.219.6
1669,166,1649336442.345786000,10.11.219.6
1670,-66,1649336442.355949000,151.101.229.16
1671,-2802,1649336442.358212000,151.101.229.16
1672,66,1649336442.358287000,10.11.219.6
1673,-4170,1649336442.358918000,151.101.229.16
1674,-987,1649336442.358924000,151.101.229.16
1675,78,1649336442.358934000,10.11.219.6
1676,-66,1649336442.358944000,151.101.229.16
1677,-13746,1649336442.358951000,151.101.229.16
1678,66,1649336442.358954000,10.11.219.6
1679,-889,1649336442.358969000,151.101.229.16
1680,78,1649336442.358977000,10.11.219.6
1681,-1434,1649336442.358981000,151.101.229.16
1682,66,1649336442.358984000,10.11.219.6
1683,-1434,1649336442.364958000,151.101.229.16
1684,66,1649336442.364985000,10.11.219.6
1685,-1434,1649336442.365006000,151.101.229.16
1686,66,1649336442.365011000,10.11.219.6
1687,-13746,1649336442.365146000,151.101.229.16
1688,66,1649336442.365152000,10.11.219.6
1689,-87,1649336442.365203000,151.101.229.16
1690,78,1649336442.365208000,10.11.219.6
1691,-1434,1649336442.365212000,151.101.229.16
1692,66,1649336442.365215000,10.11.219.6
1693,-23290,1649336442.365221000,151.101.229.16
1694,66,1649336442.365224000,10.11.219.6
1695,74,1649336442.365795000,10.11.219.6
1696,171,1649336442.385872000,10.11.219.6
1697,-66,1649336442.396819000,151.101.229.16
1698,-362,1649336442.397891000,151.101.229.16
1699,-2802,1649336442.403956000,151.101.229.16
1700,66,1649336442.404035000,10.11.219.6
1701,-3232,1649336442.404130000,151.101.229.16
1702,66,1649336442.404183000,10.11.219.6
1703,-5162,1649336442.406653000,151.101.229.16
1704,66,1649336442.406703000,10.11.219.6
1705,158,1649336442.444880000,10.11.219.6
1706,-66,1649336442.456079000,151.101.229.16
1707,-5538,1649336442.460429000,151.101.229.16
1708,66,1649336442.460509000,10.11.219.6
1709,-2802,1649336442.460608000,151.101.229.16
1710,66,1649336442.460616000,10.11.219.6
1711,-5538,1649336442.464543000,151.101.229.16
1712,-994,1649336442.464561000,151.101.229.16
1713,78,1649336442.464574000,10.11.219.6
1714,-1434,1649336442.464595000,151.101.229.16
1715,66,1649336442.464599000,10.11.219.6
1716,-15114,1649336442.464605000,151.101.229.16
1717,-87,1649336442.464625000,151.101.229.16
1718,78,1649336442.464629000,10.11.219.6
1719,-1434,1649336442.464632000,151.101.229.16
1720,66,1649336442.464636000,10.11.219.6
1721,-11010,1649336442.464642000,151.101.229.16
1722,-6906,1649336442.464674000,151.101.229.16
1723,-4170,1649336442.464677000,151.101.229.16
1724,66,1649336442.465886000,10.11.219.6
1725,-5538,1649336442.469141000,151.101.229.16
1726,66,1649336442.469156000,10.11.219.6
1727,-2802,1649336442.469241000,151.101.229.16
1728,66,1649336442.469249000,10.11.219.6
1729,-5538,1649336442.472107000,151.101.229.16
1730,-17850,1649336442.472136000,151.101.229.16
1731,-5538,1649336442.472146000,151.101.229.16
1732,66,1649336442.472203000,10.11.219.6
1733,-4079,1649336442.472997000,151.101.229.16
1734,66,1649336442.473007000,10.11.219.6
1735,-66,1649336442.494241000,52.119.174.17
1736,54,1649336442.494277000,10.11.219.6
1737,571,1649336442.496131000,10.11.219.6
1738,-4087,1649336442.550497000,151.101.229.16
1739,66,1649336442.550526000,10.11.219.6
1740,-54,1649336442.622028000,52.119.174.17
1741,-54,1649336442.624195000,52.119.174.17
1742,-5956,1649336442.627925000,52.119.174.17
1743,54,1649336442.627948000,10.11.219.6
1744,180,1649336442.632653000,10.11.219.6
1745,214,1649336442.654060000,10.11.219.6
1746,-66,1649336442.657448000,18.65.110.227
1747,-1434,1649336442.657472000,18.65.110.227
1748,66,1649336442.657484000,10.11.219.6
1749,-331,1649336442.657504000,18.65.110.227
1750,78,1649336442.657509000,10.11.219.6
1751,-1434,1649336442.658487000,18.65.110.227
1752,66,1649336442.658499000,10.11.219.6
1753,157,1649336442.694643000,10.11.219.6
1754,178,1649336442.695354000,10.11.219.6
1755,197,1649336442.695662000,10.11.219.6
1756,198,1649336442.696596000,10.11.219.6
1757,-66,1649336442.705616000,151.101.229.16
1758,-66,1649336442.706754000,151.101.229.16
1759,-66,1649336442.706762000,151.101.229.16
1760,-980,1649336442.706765000,151.101.229.16
1761,-2802,1649336442.708837000,151.101.229.16
1762,66,1649336442.708863000,10.11.219.6
1763,-11010,1649336442.708955000,151.101.229.16
1764,-470,1649336442.708978000,151.101.229.16
1765,78,1649336442.708984000,10.11.219.6
1766,-1434,1649336442.708991000,151.101.229.16
1767,-66,1649336442.708992000,151.101.229.16
1768,-261,1649336442.708993000,151.101.229.16
1769,-1434,1649336442.708994000,151.101.229.16
1770,66,1649336442.708999000,10.11.219.6
1771,78,1649336442.709013000,10.11.219.6
1772,66,1649336442.709018000,10.11.219.6
1773,-1129,1649336442.709843000,151.101.229.16
1774,66,1649336442.757420000,10.11.219.6
1775,-105,1649336442.760032000,52.119.174.17
1776,54,1649336442.760047000,10.11.219.6
1777,524,1649336442.760354000,10.11.219.6
1778,-503,1649336442.912034000,52.119.174.17
1779,54,1649336442.912067000,10.11.219.6
1780,1434,1649336442.926641000,10.11.219.6
1781,488,1649336442.926661000,10.11.219.6
1782,1434,1649336442.927792000,10.11.219.6
1783,916,1649336442.927811000,10.11.219.6
1784,987,1649336442.928814000,10.11.219.6
1785,-66,1649336442.929293000,18.65.110.227
1786,281,1649336442.934478000,10.11.219.6
1787,74,1649336442.938439000,10.11.219.6
1788,-66,1649336442.945153000,151.101.229.16
1789,-8274,1649336442.946980000,151.101.229.16
1790,66,1649336442.947006000,10.11.219.6
1791,-1434,1649336442.948674000,151.101.229.16
1792,66,1649336442.948749000,10.11.219.6
1793,-76,1649336442.948842000,151.101.229.16
1794,78,1649336442.948873000,10.11.219.6
1795,-1434,1649336442.948967000,151.101.229.16
1796,66,1649336442.949005000,10.11.219.6
1797,149,1649336442.953646000,10.11.219.6
1798,74,1649336442.957993000,10.11.219.6
1799,-74,1649336442.961320000,18.65.156.177
1800,66,1649336442.961473000,10.11.219.6
1801,-66,1649336442.964481000,151.101.229.16
1802,-2802,1649336442.965850000,151.101.229.16
1803,66,1649336442.965873000,10.11.219.6
1804,-341,1649336442.965893000,151.101.229.16
1805,78,1649336442.965904000,10.11.219.6
1806,-1434,1649336442.965910000,151.101.229.16
1807,66,1649336442.965914000,10.11.219.6
1808,583,1649336442.969286000,10.11.219.6
1809,163,1649336442.970831000,10.11.219.6
1810,-66,1649336442.972064000,18.65.156.177
1811,-5538,1649336442.973698000,18.65.156.177
1812,66,1649336442.973779000,10.11.219.6
1813,-568,1649336442.974444000,18.65.156.177
1814,66,1649336442.974487000,10.11.219.6
1815,-66,1649336442.981858000,151.101.229.16
1816,-952,1649336442.982754000,151.101.229.16
1817,66,1649336442.982766000,10.11.219.6
1818,130,1649336442.985224000,10.11.219.6
1819,74,1649336442.986193000,10.11.219.6
1820,236,1649336442.986528000,10.11.219.6
1821,385,1649336442.986559000,10.11.219.6
1822,-66,1649336442.988056000,18.65.156.177
1823,-128,1649336442.988072000,18.65.156.177
1824,66,1649336442.988085000,10.11.219.6
1825,97,1649336442.988605000,10.11.219.6
1826,-66,1649336442.989160000,18.65.156.177
1827,-66,1649336442.989176000,18.65.156.177
1828,-97,1649336442.989180000,18.65.156.177
1829,66,1649336442.989188000,10.11.219.6
1830,-74,1649336442.989206000,18.65.121.44
1831,66,1649336442.989225000,10.11.219.6
1832,-8274,1649336442.990858000,18.65.156.177
1833,66,1649336442.990875000,10.11.219.6
1834,-144,1649336442.990891000,18.65.156.177
1835,78,1649336442.990899000,10.11.219.6
1836,-1434,1649336442.990903000,18.65.156.177
1837,66,1649336442.990908000,10.11.219.6
1838,-66,1649336442.991417000,18.65.156.177
1839,583,1649336442.992601000,10.11.219.6
1840,410,1649336442.996770000,10.11.219.6
1841,-66,1649336442.996900000,18.65.121.44
1842,-5538,1649336442.996919000,18.65.121.44
1843,66,1649336442.996928000,10.11.219.6
1844,-567,1649336442.997717000,18.65.121.44
1845,66,1649336442.997736000,10.11.219.6
1846,130,1649336443.007362000,10.11.219.6
1847,501,1649336443.007766000,10.11.219.6
1848,-66,1649336443.010651000,18.65.121.44
1849,-66,1649336443.010710000,18.65.121.44
1850,-2802,1649336443.013594000,18.65.121.44
1851,66,1649336443.013616000,10.11.219.6
1852,-12378,1649336443.013696000,18.65.121.44
1853,66,1649336443.013714000,10.11.219.6
1854,-1424,1649336443.016357000,18.65.121.44
1855,66,1649336443.016381000,10.11.219.6
1856,-4170,1649336443.016414000,18.65.121.44
1857,66,1649336443.016420000,10.11.219.6
1858,-11010,1649336443.016522000,18.65.121.44
1859,66,1649336443.016531000,10.11.219.6
1860,-9642,1649336443.016569000,18.65.121.44
1861,66,1649336443.016575000,10.11.219.6
1862,-5538,1649336443.017888000,18.65.121.44
1863,66,1649336443.017949000,10.11.219.6
1864,-5241,1649336443.018020000,18.65.121.44
1865,66,1649336443.018039000,10.11.219.6
1866,-670,1649336443.036441000,18.65.110.227
1867,66,1649336443.036537000,10.11.219.6
1868,-97,1649336443.036627000,18.65.110.227
1869,66,1649336443.036656000,10.11.219.6
1870,74,1649336443.045471000,10.11.219.6
1871,-66,1649336443.064340000,54.201.166.50
1872,-235,1649336443.069851000,54.201.166.50
1873,66,1649336443.069881000,10.11.219.6
1874,-104,1649336443.069898000,54.201.166.50
1875,66,1649336443.069904000,10.11.219.6
1876,-66,1649336443.072010000,52.94.184.56
1877,54,1649336443.072154000,10.11.219.6
1878,571,1649336443.076332000,10.11.219.6
1879,-235,1649336443.082655000,54.201.166.50
1880,66,1649336443.082671000,10.11.219.6
1881,-104,1649336443.082694000,54.201.166.50
1882,66,1649336443.082699000,10.11.219.6
1883,-236,1649336443.135030000,54.201.166.50
1884,66,1649336443.135057000,10.11.219.6
1885,-104,1649336443.135077000,54.201.166.50
1886,66,1649336443.135081000,10.11.219.6
1887,152,1649336443.175533000,10.11.219.6
1888,178,1649336443.177816000,10.11.219.6
1889,147,1649336443.179003000,10.11.219.6
1890,148,1649336443.179737000,10.11.219.6
1891,-66,1649336443.180982000,52.94.215.169
1892,54,1649336443.181008000,10.11.219.6
1893,571,1649336443.184453000,10.11.219.6
1894,-66,1649336443.186426000,151.101.229.16
1895,149,1649336443.187019000,10.11.219.6
1896,-2559,1649336443.187827000,151.101.229.16
1897,66,1649336443.187881000,10.11.219.6
1898,-66,1649336443.188530000,151.101.229.16
1899,-2802,1649336443.189973000,151.101.229.16
1900,66,1649336443.190015000,10.11.219.6
1901,-731,1649336443.190063000,151.101.229.16
1902,78,1649336443.190089000,10.11.219.6
1903,-1434,1649336443.190105000,151.101.229.16
1904,66,1649336443.190117000,10.11.219.6
1905,-66,1649336443.190125000,151.101.229.16
1906,-2802,1649336443.194722000,151.101.229.16
1907,66,1649336443.194740000,10.11.219.6
1908,-147,1649336443.194758000,151.101.229.16
1909,78,1649336443.194766000,10.11.219.6
1910,-1434,1649336443.194771000,151.101.229.16
1911,66,1649336443.194776000,10.11.219.6
1912,-66,1649336443.194779000,151.101.229.16
1913,-13746,1649336443.194787000,151.101.229.16
1914,66,1649336443.194798000,10.11.219.6
1915,-874,1649336443.194801000,151.101.229.16
1916,-1434,1649336443.194803000,151.101.229.16
1917,-9642,1649336443.194806000,151.101.229.16
1918,78,1649336443.194808000,10.11.219.6
1919,66,1649336443.194814000,10.11.219.6
1920,66,1649336443.194823000,10.11.219.6
1921,-5538,1649336443.194848000,151.101.229.16
1922,-87,1649336443.194851000,151.101.229.16
1923,78,1649336443.194854000,10.11.219.6
1924,-1434,1649336443.194863000,151.101.229.16
1925,66,1649336443.194866000,10.11.219.6
1926,-1434,1649336443.194869000,151.101.229.16
1927,-1053,1649336443.195334000,151.101.229.16
1928,66,1649336443.195340000,10.11.219.6
1929,-66,1649336443.198923000,151.101.229.16
1930,-2802,1649336443.198939000,151.101.229.16
1931,66,1649336443.198953000,10.11.219.6
1932,-11010,1649336443.199019000,151.101.229.16
1933,66,1649336443.199102000,10.11.219.6
1934,-2312,1649336443.202055000,151.101.229.16
1935,66,1649336443.202082000,10.11.219.6
1936,-2802,1649336443.202145000,151.101.229.16
1937,-12378,1649336443.202391000,151.101.229.16
1938,-87,1649336443.202540000,151.101.229.16
1939,78,1649336443.202598000,10.11.219.6
1940,-1434,1649336443.202646000,151.101.229.16
1941,66,1649336443.202677000,10.11.219.6
1942,-6906,1649336443.202712000,151.101.229.16
1943,66,1649336443.203010000,10.11.219.6
1944,-5538,1649336443.204253000,151.101.229.16
1945,66,1649336443.204273000,10.11.219.6
1946,-2802,1649336443.204572000,151.101.229.16
1947,-87,1649336443.204580000,151.101.229.16
1948,78,1649336443.204588000,10.11.219.6
1949,-1434,1649336443.204603000,151.101.229.16
1950,66,1649336443.204608000,10.11.219.6
1951,-19218,1649336443.204619000,151.101.229.16
1952,66,1649336443.204641000,10.11.219.6
1953,-4170,1649336443.206370000,151.101.229.16
1954,66,1649336443.206409000,10.11.219.6
1955,-10556,1649336443.206471000,151.101.229.16
1956,66,1649336443.206760000,10.11.219.6
1957,-54,1649336443.207597000,52.94.184.56
1958,377,1649336443.209346000,10.11.219.6
1959,435,1649336443.209541000,10.11.219.6
1960,-54,1649336443.210635000,52.94.184.56
1961,-6079,1649336443.212091000,52.94.184.56
1962,54,1649336443.212113000,10.11.219.6
1963,204,1649336443.212250000,10.11.219.6
1964,180,1649336443.218406000,10.11.219.6
1965,-66,1649336443.223370000,151.101.229.16
1966,-2802,1649336443.225465000,151.101.229.16
1967,66,1649336443.225496000,10.11.219.6
1968,-8274,1649336443.225504000,151.101.229.16
1969,66,1649336443.225526000,10.11.219.6
1970,-5160,1649336443.226267000,151.101.229.16
1971,-935,1649336443.226274000,151.101.229.16
1972,66,1649336443.226296000,10.11.219.6
1973,-66,1649336443.255740000,18.65.110.227
1974,-54,1649336443.316731000,52.94.215.169
1975,-668,1649336443.317775000,18.65.110.227
1976,66,1649336443.317810000,10.11.219.6
1977,-97,1649336443.317831000,18.65.110.227
1978,66,1649336443.317835000,10.11.219.6
1979,-54,1649336443.319789000,52.94.215.169
1980,-2774,1649336443.322311000,52.94.215.169
1981,54,1649336443.322326000,10.11.219.6
1982,-3230,1649336443.322354000,52.94.215.169
1983,54,1649336443.322360000,10.11.219.6
1984,180,1649336443.325218000,10.11.219.6
1985,74,1649336443.344500000,10.11.219.6
1986,-235,1649336443.347646000,54.201.166.50
1987,66,1649336443.347680000,10.11.219.6
1988,-104,1649336443.347696000,54.201.166.50
1989,66,1649336443.347703000,10.11.219.6
1990,-105,1649336443.353059000,52.94.184.56
1991,54,1649336443.353096000,10.11.219.6
1992,1414,1649336443.353718000,10.11.219.6
1993,1274,1649336443.353728000,10.11.219.6
1994,74,1649336443.375316000,10.11.219.6
1995,74,1649336443.381843000,10.11.219.6
1996,74,1649336443.382058000,10.11.219.6
1997,352,1649336443.455194000,10.11.219.6
1998,-105,1649336443.461006000,52.94.215.169
1999,54,1649336443.461032000,10.11.219.6
2000,710,1649336443.461374000,10.11.219.6
2001,-66,1649336443.466346000,151.101.229.16
2002,-296,1649336443.473270000,151.101.229.16
2003,66,1649336443.473291000,10.11.219.6
2004,-12378,1649336443.473321000,151.101.229.16
2005,66,1649336443.473331000,10.11.219.6
2006,-2802,1649336443.473809000,151.101.229.16
2007,66,1649336443.473820000,10.11.219.6
2008,-87,1649336443.473832000,151.101.229.16
2009,78,1649336443.473837000,10.11.219.6
2010,-1434,1649336443.473840000,151.101.229.16
2011,66,1649336443.473842000,10.11.219.6
2012,-15114,1649336443.473847000,151.101.229.16
2013,66,1649336443.473850000,10.11.219.6
2014,-87,1649336443.473867000,151.101.229.16
2015,78,1649336443.473869000,10.11.219.6
2016,-1434,1649336443.473877000,151.101.229.16
2017,66,1649336443.473880000,10.11.219.6
2018,-5538,1649336443.473884000,151.101.229.16
2019,66,1649336443.473890000,10.11.219.6
2020,-2802,1649336443.475701000,151.101.229.16
2021,66,1649336443.475720000,10.11.219.6
2022,-2802,1649336443.476034000,151.101.229.16
2023,66,1649336443.476046000,10.11.219.6
2024,161,1649336443.476989000,10.11.219.6
2025,-20586,1649336443.478699000,151.101.229.16
2026,66,1649336443.478725000,10.11.219.6
2027,-108,1649336443.478786000,151.101.229.16
2028,78,1649336443.478797000,10.11.219.6
2029,-1434,1649336443.478805000,151.101.229.16
2030,66,1649336443.478812000,10.11.219.6
2031,-8274,1649336443.478825000,151.101.229.16
2032,66,1649336443.478829000,10.11.219.6
2033,-21720,1649336443.478918000,151.101.229.16
2034,66,1649336443.478926000,10.11.219.6
2035,-66,1649336443.482587000,52.94.215.169
2036,54,1649336443.482621000,10.11.219.6
2037,571,1649336443.485952000,10.11.219.6
2038,-54,1649336443.487103000,52.94.184.56
2039,-66,1649336443.489470000,151.101.229.16
2040,-1295,1649336443.490716000,151.101.229.16
2041,66,1649336443.490814000,10.11.219.6
2042,-681,1649336443.502410000,52.94.184.56
2043,54,1649336443.502431000,10.11.219.6
2044,-66,1649336443.504457000,54.240.250.157
2045,54,1649336443.504492000,10.11.219.6
2046,-66,1649336443.508873000,52.94.215.169
2047,54,1649336443.508997000,10.11.219.6
2048,-66,1649336443.509846000,54.240.250.157
2049,54,1649336443.509884000,10.11.219.6
2050,571,1649336443.512614000,10.11.219.6
2051,571,1649336443.515793000,10.11.219.6
2052,571,1649336443.522024000,10.11.219.6
2053,-1414,1649336443.605863000,52.94.215.169
2054,54,1649336443.605907000,10.11.219.6
2055,-5494,1649336443.609571000,52.94.215.169
2056,54,1649336443.609592000,10.11.219.6
2057,446,1649336443.610770000,10.11.219.6
2058,738,1649336443.611335000,10.11.219.6
2059,397,1649336443.611702000,10.11.219.6
2060,-6854,1649336443.613325000,52.94.215.169
2061,54,1649336443.613341000,10.11.219.6
2062,74,1649336443.618935000,10.11.219.6
2063,434,1649336443.619434000,10.11.219.6
2064,297,1649336443.621232000,10.11.219.6
2065,412,1649336443.622622000,10.11.219.6
2066,-54,1649336443.622758000,52.94.215.169
2067,-66,1649336443.623850000,18.65.110.227
2068,-54,1649336443.625994000,52.94.215.169
2069,-54,1649336443.627095000,54.240.250.157
2070,-5950,1649336443.632022000,52.94.215.169
2071,54,1649336443.632120000,10.11.219.6
2072,-54,1649336443.634674000,54.240.250.157
2073,-5931,1649336443.638177000,54.240.250.157
2074,54,1649336443.638197000,10.11.219.6
2075,-54,1649336443.638221000,54.240.250.157
2076,180,1649336443.641018000,10.11.219.6
2077,-54,1649336443.643130000,52.94.215.169
2078,180,1649336443.645208000,10.11.219.6
2079,74,1649336443.646953000,10.11.219.6
2080,-54,1649336443.650628000,54.240.250.157
2081,-54,1649336443.650644000,52.94.215.169
2082,74,1649336443.651205000,10.11.219.6
2083,-5950,1649336443.652110000,52.94.215.169
2084,54,1649336443.652130000,10.11.219.6
2085,-2774,1649336443.653090000,54.240.250.157
2086,54,1649336443.653110000,10.11.219.6
2087,-3211,1649336443.658284000,54.240.250.157
2088,54,1649336443.658306000,10.11.219.6
2089,180,1649336443.659083000,10.11.219.6
2090,180,1649336443.664548000,10.11.219.6
2091,678,1649336443.665087000,10.11.219.6
2092,537,1649336443.665383000,10.11.219.6
2093,831,1649336443.665718000,10.11.219.6
2094,74,1649336443.666768000,10.11.219.6
2095,441,1649336443.666992000,10.11.219.6
2096,-66,1649336443.667714000,18.65.110.227
2097,74,1649336443.667812000,10.11.219.6
2098,74,1649336443.697726000,10.11.219.6
2099,-669,1649336443.727764000,18.65.110.227
2100,66,1649336443.727778000,10.11.219.6
2101,-97,1649336443.727791000,18.65.110.227
2102,66,1649336443.727797000,10.11.219.6
2103,74,1649336443.729464000,10.11.219.6
2104,-74,1649336443.733067000,18.65.106.62
2105,66,1649336443.733093000,10.11.219.6
2106,583,1649336443.736325000,10.11.219.6
2107,-66,1649336443.739473000,18.65.106.62
2108,-5538,1649336443.740898000,18.65.106.62
2109,66,1649336443.740914000,10.11.219.6
2110,-567,1649336443.741742000,18.65.106.62
2111,66,1649336443.741750000,10.11.219.6
2112,-1414,1649336443.741762000,52.94.215.169
2113,54,1649336443.741766000,10.11.219.6
2114,130,1649336443.744775000,10.11.219.6
2115,531,1649336443.744990000,10.11.219.6
2116,-5494,1649336443.746213000,52.94.215.169
2117,54,1649336443.746226000,10.11.219.6
2118,-66,1649336443.746951000,54.201.166.50
2119,-66,1649336443.748107000,18.65.106.62
2120,-66,1649336443.748149000,18.65.106.62
2121,-5494,1649336443.751210000,52.94.215.169
2122,54,1649336443.751262000,10.11.219.6
2123,-2802,1649336443.751357000,18.65.106.62
2124,66,1649336443.751368000,10.11.219.6
2125,-543,1649336443.751378000,18.65.106.62
2126,78,1649336443.751384000,10.11.219.6
2127,-235,1649336443.751388000,54.201.166.50
2128,66,1649336443.751398000,10.11.219.6
2129,-104,1649336443.751401000,54.201.166.50
2130,66,1649336443.751405000,10.11.219.6
2131,-235,1649336443.751408000,54.201.166.50
2132,66,1649336443.751411000,10.11.219.6
2133,-104,1649336443.751414000,54.201.166.50
2134,66,1649336443.751418000,10.11.219.6
2135,-235,1649336443.751420000,54.201.166.50
2136,66,1649336443.751423000,10.11.219.6
2137,-104,1649336443.751436000,54.201.166.50
2138,66,1649336443.751440000,10.11.219.6
2139,-1414,1649336443.751444000,52.94.215.169
2140,54,1649336443.751447000,10.11.219.6
2141,-1434,1649336443.751450000,18.65.106.62
2142,66,1649336443.751454000,10.11.219.6
2143,-235,1649336443.751486000,54.201.166.50
2144,66,1649336443.751489000,10.11.219.6
2145,-104,1649336443.751494000,54.201.166.50
2146,66,1649336443.751496000,10.11.219.6
2147,-66,1649336443.756912000,52.94.215.169
2148,54,1649336443.756941000,10.11.219.6
2149,-235,1649336443.759094000,54.201.166.50
2150,66,1649336443.759116000,10.11.219.6
2151,-104,1649336443.759135000,54.201.166.50
2152,66,1649336443.759139000,10.11.219.6
2153,571,1649336443.760126000,10.11.219.6
2154,-235,1649336443.761218000,54.201.166.50
2155,66,1649336443.761244000,10.11.219.6
2156,-104,1649336443.761260000,54.201.166.50
2157,66,1649336443.761269000,10.11.219.6
2158,-105,1649336443.767628000,54.240.250.157
2159,54,1649336443.767652000,10.11.219.6
2160,593,1649336443.767976000,10.11.219.6
2161,-105,1649336443.780488000,52.94.215.169
2162,54,1649336443.780514000,10.11.219.6
2163,719,1649336443.780902000,10.11.219.6
2164,676,1649336443.789805000,10.11.219.6
2165,-66,1649336443.791143000,52.94.215.169
2166,54,1649336443.791169000,10.11.219.6
2167,-66,1649336443.793465000,52.94.215.169
2168,54,1649336443.793491000,10.11.219.6
2169,-105,1649336443.793507000,54.240.250.157
2170,54,1649336443.793515000,10.11.219.6
2171,-66,1649336443.793519000,18.65.110.227
2172,-105,1649336443.793523000,52.94.215.169
2173,54,1649336443.793527000,10.11.219.6
2174,-995,1649336443.793530000,18.65.110.227
2175,78,1649336443.793533000,10.11.219.6
2176,-1434,1649336443.793536000,18.65.110.227
2177,66,1649336443.793542000,10.11.219.6
2178,-97,1649336443.793545000,18.65.110.227
2179,66,1649336443.793548000,10.11.219.6
2180,571,1649336443.794320000,10.11.219.6
2181,-66,1649336443.794347000,52.94.184.56
2182,54,1649336443.794362000,10.11.219.6
2183,571,1649336443.798205000,10.11.219.6
2184,571,1649336443.800201000,10.11.219.6
2185,718,1649336443.800453000,10.11.219.6
2186,593,1649336443.800533000,10.11.219.6
2187,-66,1649336443.801861000,54.201.166.50
2188,158,1649336443.812844000,10.11.219.6
2189,249,1649336443.813088000,10.11.219.6
2190,157,1649336443.813287000,10.11.219.6
2191,341,1649336443.813637000,10.11.219.6
2192,-66,1649336443.821117000,52.94.234.174
2193,54,1649336443.821149000,10.11.219.6
2194,571,1649336443.823208000,10.11.219.6
2195,-66,1649336443.825174000,151.101.229.16
2196,-66,1649336443.825187000,151.101.229.16
2197,-66,1649336443.825189000,151.101.229.16
2198,-12378,1649336443.825193000,151.101.229.16
2199,66,1649336443.825208000,10.11.219.6
2200,-1434,1649336443.829429000,151.101.229.16
2201,66,1649336443.829449000,10.11.219.6
2202,-947,1649336443.829475000,151.101.229.16
2203,78,1649336443.829484000,10.11.219.6
2204,-1434,1649336443.829491000,151.101.229.16
2205,66,1649336443.829496000,10.11.219.6
2206,-802,1649336443.829500000,151.101.229.16
2207,66,1649336443.829503000,10.11.219.6
2208,-13746,1649336443.829510000,151.101.229.16
2209,66,1649336443.829515000,10.11.219.6
2210,-1018,1649336443.829570000,151.101.229.16
2211,78,1649336443.829575000,10.11.219.6
2212,-1434,1649336443.829580000,151.101.229.16
2213,66,1649336443.829583000,10.11.219.6
2214,-28314,1649336443.829593000,151.101.229.16
2215,66,1649336443.829597000,10.11.219.6
2216,-66,1649336443.829605000,151.101.229.16
2217,-8274,1649336443.829792000,151.101.229.16
2218,66,1649336443.829800000,10.11.219.6
2219,-6906,1649336443.832392000,151.101.229.16
2220,66,1649336443.832417000,10.11.219.6
2221,-5538,1649336443.834121000,151.101.229.16
2222,66,1649336443.834142000,10.11.219.6
2223,-1309,1649336443.834584000,151.101.229.16
2224,66,1649336443.834594000,10.11.219.6
2225,-66,1649336443.834607000,54.240.250.157
2226,54,1649336443.834624000,10.11.219.6
2227,-17850,1649336443.834633000,151.101.229.16
2228,66,1649336443.834637000,10.11.219.6
2229,-211,1649336443.834668000,151.101.229.16
2230,78,1649336443.834673000,10.11.219.6
2231,-1434,1649336443.834677000,151.101.229.16
2232,66,1649336443.834681000,10.11.219.6
2233,-9642,1649336443.834686000,151.101.229.16
2234,-11010,1649336443.837070000,151.101.229.16
2235,-16482,1649336443.837559000,151.101.229.16
2236,-5538,1649336443.837626000,151.101.229.16
2237,66,1649336443.838082000,10.11.219.6
2238,-10573,1649336443.839035000,151.101.229.16
2239,66,1649336443.839049000,10.11.219.6
2240,571,1649336443.841773000,10.11.219.6
2241,-66,1649336443.845853000,54.201.166.50
2242,162,1649336443.854965000,10.11.219.6
2243,742,1649336443.860191000,10.11.219.6
2244,-66,1649336443.866141000,151.101.229.16
2245,-1434,1649336443.867487000,151.101.229.16
2246,-86,1649336443.867501000,151.101.229.16
2247,78,1649336443.867515000,10.11.219.6
2248,-1434,1649336443.867537000,151.101.229.16
2249,66,1649336443.867542000,10.11.219.6
2250,-1414,1649336443.877043000,52.94.215.169
2251,54,1649336443.877064000,10.11.219.6
2252,-5494,1649336443.885878000,52.94.215.169
2253,54,1649336443.885922000,10.11.219.6
2254,-2774,1649336443.887134000,52.94.215.169
2255,54,1649336443.887200000,10.11.219.6
2256,-2778,1649336443.888785000,52.94.215.169
2257,54,1649336443.888843000,10.11.219.6
2258,566,1649336443.889856000,10.11.219.6
2259,-908,1649336443.889983000,54.201.166.50
2260,66,1649336443.889995000,10.11.219.6
2261,-54,1649336443.895465000,52.94.215.169
2262,-689,1649336443.897627000,54.240.250.157
2263,54,1649336443.897658000,10.11.219.6
2264,-54,1649336443.898659000,52.94.215.169
2265,-5950,1649336443.902040000,52.94.215.169
2266,54,1649336443.902068000,10.11.219.6
2267,180,1649336443.909706000,10.11.219.6
2268,755,1649336443.909837000,10.11.219.6
2269,74,1649336443.914427000,10.11.219.6
2270,74,1649336443.914595000,10.11.219.6
2271,-54,1649336443.915869000,52.94.215.169
2272,-2364,1649336443.920251000,18.65.110.227
2273,66,1649336443.920267000,10.11.219.6
2274,-97,1649336443.920287000,18.65.110.227
2275,66,1649336443.920299000,10.11.219.6
2276,-54,1649336443.921170000,52.94.184.56
2277,-54,1649336443.923315000,52.94.215.169
2278,-4134,1649336443.925791000,52.94.215.169
2279,54,1649336443.925812000,10.11.219.6
2280,-1870,1649336443.926606000,52.94.215.169
2281,54,1649336443.926620000,10.11.219.6
2282,-54,1649336443.926634000,52.94.184.56
2283,-1414,1649336443.927663000,52.94.184.56
2284,54,1649336443.927685000,10.11.219.6
2285,-4719,1649336443.930008000,52.94.184.56
2286,54,1649336443.930027000,10.11.219.6
2287,-54,1649336443.931874000,52.94.215.169
2288,180,1649336443.932604000,10.11.219.6
2289,545,1649336443.932810000,10.11.219.6
2290,699,1649336443.933291000,10.11.219.6
2291,160,1649336443.933618000,10.11.219.6
2292,-54,1649336443.935068000,52.94.215.169
2293,-689,1649336443.936619000,54.240.250.157
2294,54,1649336443.936638000,10.11.219.6
2295,-5950,1649336443.936660000,52.94.215.169
2296,54,1649336443.936665000,10.11.219.6
2297,180,1649336443.938368000,10.11.219.6
2298,-66,1649336443.943678000,151.101.229.16
2299,180,1649336443.943876000,10.11.219.6
2300,755,1649336443.944893000,10.11.219.6
2301,-66,1649336443.948450000,151.101.229.16
2302,-16080,1649336443.948475000,151.101.229.16
2303,-4170,1649336443.948494000,151.101.229.16
2304,66,1649336443.948766000,10.11.219.6
2305,-11010,1649336443.948780000,151.101.229.16
2306,66,1649336443.948804000,10.11.219.6
2307,-87,1649336443.948813000,151.101.229.16
2308,78,1649336443.948820000,10.11.219.6
2309,-1797,1649336443.948829000,52.94.215.169
2310,54,1649336443.948837000,10.11.219.6
2311,-4463,1649336443.948845000,52.94.215.169
2312,54,1649336443.948847000,10.11.219.6
2313,-1434,1649336443.948850000,151.101.229.16
2314,66,1649336443.948854000,10.11.219.6
2315,-2774,1649336443.948859000,52.94.215.169
2316,54,1649336443.948862000,10.11.219.6
2317,-23322,1649336443.953822000,151.101.229.16
2318,-2774,1649336443.953889000,52.94.215.169
2319,54,1649336443.953911000,10.11.219.6
2320,-6906,1649336443.953940000,151.101.229.16
2321,66,1649336443.955071000,10.11.219.6
2322,-11010,1649336443.955263000,151.101.229.16
2323,66,1649336443.955275000,10.11.219.6
2324,-5538,1649336443.958844000,151.101.229.16
2325,66,1649336443.958861000,10.11.219.6
2326,-21954,1649336443.958884000,151.101.229.16
2327,-1434,1649336443.958895000,151.101.229.16
2328,-1434,1649336443.958896000,151.101.229.16
2329,66,1649336443.962699000,10.11.219.6
2330,-5538,1649336443.962804000,151.101.229.16
2331,-5538,1649336443.962923000,151.101.229.16
2332,-482,1649336443.962928000,151.101.229.16
2333,78,1649336443.962934000,10.11.219.6
2334,-1434,1649336443.962943000,151.101.229.16
2335,66,1649336443.962947000,10.11.219.6
2336,-13654,1649336443.962952000,52.94.215.169
2337,54,1649336443.962960000,10.11.219.6
2338,-54,1649336443.964105000,54.240.250.157
2339,-54,1649336443.969483000,54.240.250.157
2340,-1414,1649336443.971800000,54.240.250.157
2341,54,1649336443.971818000,10.11.219.6
2342,-4571,1649336443.972926000,54.240.250.157
2343,54,1649336443.972946000,10.11.219.6
2344,180,1649336443.981007000,10.11.219.6
2345,-54,1649336443.996205000,52.94.234.174
2346,-66,1649336443.996217000,54.201.166.50
2347,-54,1649336443.998792000,52.94.234.174
2348,-150,1649336443.998807000,52.94.234.174
2349,54,1649336443.998818000,10.11.219.6
2350,-2774,1649336443.998833000,52.94.234.174
2351,54,1649336443.998840000,10.11.219.6
2352,-2302,1649336443.999630000,52.94.234.174
2353,54,1649336443.999640000,10.11.219.6
2354,-235,1649336443.999652000,54.201.166.50
2355,66,1649336443.999657000,10.11.219.6
2356,-104,1649336443.999661000,54.201.166.50
2357,66,1649336443.999663000,10.11.219.6
2358,-392,1649336443.999666000,52.94.234.174
2359,54,1649336443.999669000,10.11.219.6
2360,-63,1649336443.999672000,52.94.234.174
2361,54,1649336443.999677000,10.11.219.6
2362,204,1649336444.020733000,10.11.219.6
2363,623,1649336444.021500000,10.11.219.6
2364,457,1649336444.021830000,10.11.219.6
2365,-63,1649336444.022063000,52.94.234.174
2366,66,1649336444.022079000,10.11.219.6
2367,-540,1649336444.032665000,52.94.215.169
2368,-696,1649336444.039035000,54.240.250.157
2369,-66,1649336444.042211000,52.94.184.56
2370,54,1649336444.042250000,10.11.219.6
2371,739,1649336444.042445000,10.11.219.6
2372,571,1649336444.048002000,10.11.219.6
2373,-105,1649336444.048596000,52.94.215.169
2374,54,1649336444.048619000,10.11.219.6
2375,-66,1649336444.053147000,52.94.184.56
2376,54,1649336444.053196000,10.11.219.6
2377,-105,1649336444.056356000,52.94.215.169
2378,54,1649336444.056403000,10.11.219.6
2379,571,1649336444.057751000,10.11.219.6
2380,718,1649336444.058013000,10.11.219.6
2381,600,1649336444.058491000,10.11.219.6
2382,-105,1649336444.065928000,52.94.184.56
2383,54,1649336444.065949000,10.11.219.6
2384,1414,1649336444.066571000,10.11.219.6
2385,1414,1649336444.066584000,10.11.219.6
2386,852,1649336444.067064000,10.11.219.6
2387,-696,1649336444.082048000,54.240.250.157
2388,-105,1649336444.085187000,52.94.215.169
2389,54,1649336444.085212000,10.11.219.6
2390,54,1649336444.085409000,10.11.219.6
2391,795,1649336444.085849000,10.11.219.6
2392,1242,1649336444.119299000,10.11.219.6
2393,54,1649336444.125429000,10.11.219.6
2394,172,1649336444.132096000,10.11.219.6
2395,-2774,1649336444.160743000,52.94.215.169
2396,54,1649336444.160765000,10.11.219.6
2397,-10934,1649336444.161473000,52.94.215.169
2398,54,1649336444.161490000,10.11.219.6
2399,-2774,1649336444.161511000,52.94.215.169
2400,54,1649336444.161515000,10.11.219.6
2401,-105,1649336444.165812000,54.240.250.157
2402,54,1649336444.165832000,10.11.219.6
2403,-66,1649336444.165848000,54.201.166.50
2404,-66,1649336444.165853000,18.65.110.227
2405,-235,1649336444.165856000,54.201.166.50
2406,-104,1649336444.165858000,54.201.166.50
2407,-235,1649336444.165859000,54.201.166.50
2408,-104,1649336444.165860000,54.201.166.50
2409,-24534,1649336444.165879000,52.94.215.169
2410,54,1649336444.165883000,10.11.219.6
2411,66,1649336444.166897000,10.11.219.6
2412,-66,1649336444.169830000,151.101.229.16
2413,-54,1649336444.169848000,52.94.184.56
2414,-2802,1649336444.169852000,151.101.229.16
2415,66,1649336444.169933000,10.11.219.6
2416,-11010,1649336444.171185000,151.101.229.16
2417,-620,1649336444.171204000,151.101.229.16
2418,78,1649336444.171214000,10.11.219.6
2419,-1434,1649336444.171229000,151.101.229.16
2420,66,1649336444.171233000,10.11.219.6
2421,-54,1649336444.175777000,52.94.184.56
2422,-6079,1649336444.179414000,52.94.184.56
2423,54,1649336444.179433000,10.11.219.6
2424,-540,1649336444.183357000,52.94.215.169
2425,180,1649336444.184536000,10.11.219.6
2426,160,1649336444.185847000,10.11.219.6
2427,600,1649336444.186383000,10.11.219.6
2428,-54,1649336444.191771000,52.94.184.56
2429,-54,1649336444.194021000,52.94.184.56
2430,-533,1649336444.194034000,52.94.215.169
2431,54,1649336444.194045000,10.11.219.6
2432,567,1649336444.194259000,10.11.219.6
2433,-54,1649336444.195530000,52.94.234.174
2434,-60,1649336444.195542000,52.94.234.174
2435,54,1649336444.195551000,10.11.219.6
2436,-123,1649336444.195566000,52.94.234.174
2437,54,1649336444.195574000,10.11.219.6
2438,507,1649336444.195934000,10.11.219.6
2439,-54,1649336444.196124000,52.94.184.56
2440,-66,1649336444.197162000,151.101.229.16
2441,-2802,1649336444.199208000,151.101.229.16
2442,66,1649336444.199243000,10.11.219.6
2443,-2802,1649336444.199298000,151.101.229.16
2444,66,1649336444.199304000,10.11.219.6
2445,921,1649336444.201570000,10.11.219.6
2446,-5538,1649336444.201626000,151.101.229.16
2447,-281,1649336444.201634000,151.101.229.16
2448,78,1649336444.201643000,10.11.219.6
2449,-6079,1649336444.201655000,52.94.184.56
2450,54,1649336444.201660000,10.11.219.6
2451,-1434,1649336444.201670000,151.101.229.16
2452,66,1649336444.201674000,10.11.219.6
2453,180,1649336444.205554000,10.11.219.6
2454,458,1649336444.205736000,10.11.219.6
2455,177,1649336444.210514000,10.11.219.6
2456,-659,1649336444.214315000,52.94.184.56
2457,54,1649336444.214338000,10.11.219.6
2458,-105,1649336444.214360000,52.94.184.56
2459,54,1649336444.214366000,10.11.219.6
2460,-66,1649336444.241541000,151.101.229.16
2461,-1971,1649336444.241553000,151.101.229.16
2462,-13654,1649336444.241559000,52.94.215.169
2463,54,1649336444.241572000,10.11.219.6
2464,66,1649336444.241585000,10.11.219.6
2465,74,1649336444.245688000,10.11.219.6
2466,74,1649336444.268899000,10.11.219.6
2467,74,1649336444.270946000,10.11.219.6
2468,-54,1649336444.275084000,52.94.215.169
2469,-2358,1649336444.278461000,18.65.110.227
2470,66,1649336444.278478000,10.11.219.6
2471,-97,1649336444.278499000,18.65.110.227
2472,66,1649336444.278507000,10.11.219.6
2473,-1098,1649336444.298501000,52.94.215.169
2474,54,1649336444.298520000,10.11.219.6
2475,-4134,1649336444.298681000,52.94.215.169
2476,54,1649336444.298691000,10.11.219.6
2477,600,1649336444.298830000,10.11.219.6
2478,-8214,1649336444.304121000,52.94.215.169
2479,54,1649336444.304142000,10.11.219.6
2480,-5494,1649336444.304200000,52.94.215.169
2481,54,1649336444.304208000,10.11.219.6
2482,228,1649336444.305444000,10.11.219.6
2483,1355,1649336444.305485000,10.11.219.6
2484,1434,1649336444.305596000,10.11.219.6
2485,1434,1649336444.305601000,10.11.219.6
2486,-13755,1649336444.305990000,52.94.215.169
2487,54,1649336444.306000000,10.11.219.6
2488,-15014,1649336444.306045000,52.94.215.169
2489,54,1649336444.306051000,10.11.219.6
2490,567,1649336444.306208000,10.11.219.6
2491,1434,1649336444.306461000,10.11.219.6
2492,1434,1649336444.306467000,10.11.219.6
2493,1434,1649336444.306475000,10.11.219.6
2494,1434,1649336444.306478000,10.11.219.6
2495,1434,1649336444.307303000,10.11.219.6
2496,1434,1649336444.307313000,10.11.219.6
2497,1434,1649336444.307321000,10.11.219.6
2498,1434,1649336444.307324000,10.11.219.6
2499,1434,1649336444.307876000,10.11.219.6
2500,1434,1649336444.307882000,10.11.219.6
2501,-105,1649336444.311787000,52.94.184.56
2502,54,1649336444.311803000,10.11.219.6
2503,247,1649336444.312292000,10.11.219.6
2504,993,1649336444.312326000,10.11.219.6
2505,639,1649336444.312456000,10.11.219.6
2506,438,1649336444.312649000,10.11.219.6
2507,159,1649336444.314195000,10.11.219.6
2508,-66,1649336444.315248000,18.65.110.227
2509,-66,1649336444.315263000,18.65.110.227
2510,-66,1649336444.315279000,18.65.110.227
2511,1434,1649336444.322858000,10.11.219.6
2512,-66,1649336444.325109000,151.101.229.16
2513,-540,1649336444.326799000,52.94.215.169
2514,-1434,1649336444.326813000,151.101.229.16
2515,842,1649336444.326980000,10.11.219.6
2516,-8274,1649336444.327780000,151.101.229.16
2517,-486,1649336444.327788000,151.101.229.16
2518,78,1649336444.327798000,10.11.219.6
2519,-1434,1649336444.327809000,151.101.229.16
2520,66,1649336444.327818000,10.11.219.6
2521,-533,1649336444.331807000,52.94.215.169
2522,-235,1649336444.340630000,54.201.166.50
2523,1434,1649336444.340661000,10.11.219.6
2524,1434,1649336444.340675000,10.11.219.6
2525,-104,1649336444.340680000,54.201.166.50
2526,-105,1649336444.343777000,52.94.184.56
2527,54,1649336444.343797000,10.11.219.6
2528,-235,1649336444.344887000,54.201.166.50
2529,1434,1649336444.344918000,10.11.219.6
2530,1434,1649336444.344932000,10.11.219.6
2531,-104,1649336444.344937000,54.201.166.50
2532,639,1649336444.345900000,10.11.219.6
2533,160,1649336444.346090000,10.11.219.6
2534,-66,1649336444.358368000,151.101.229.16
2535,-6906,1649336444.360640000,151.101.229.16
2536,-8134,1649336444.360865000,151.101.229.16
2537,66,1649336444.360942000,10.11.219.6
2538,755,1649336444.364413000,10.11.219.6
2539,-66,1649336444.368758000,52.119.169.237
2540,54,1649336444.368791000,10.11.219.6
2541,-283,1649336444.370434000,52.94.234.174
2542,54,1649336444.370455000,10.11.219.6
2543,571,1649336444.372331000,10.11.219.6
2544,54,1649336444.373420000,10.11.219.6
2545,-2774,1649336444.381661000,52.94.215.169
2546,54,1649336444.381684000,10.11.219.6
2547,-19094,1649336444.381843000,52.94.215.169
2548,54,1649336444.381851000,10.11.219.6
2549,-5494,1649336444.383640000,52.94.215.169
2550,54,1649336444.383656000,10.11.219.6
2551,66,1649336444.385422000,10.11.219.6
2552,673,1649336444.388195000,10.11.219.6
2553,-66,1649336444.391026000,18.65.110.227
2554,-66,1649336444.396569000,52.94.184.56
2555,54,1649336444.396605000,10.11.219.6
2556,571,1649336444.399571000,10.11.219.6
2557,159,1649336444.402688000,10.11.219.6
2558,74,1649336444.407729000,10.11.219.6
2559,-66,1649336444.409576000,52.94.184.56
2560,54,1649336444.409596000,10.11.219.6
2561,571,1649336444.411384000,10.11.219.6
2562,-66,1649336444.413784000,151.101.229.16
2563,-54,1649336444.440075000,52.94.215.169
2564,-66,1649336444.442411000,54.201.166.50
2565,1434,1649336444.442435000,10.11.219.6
2566,1434,1649336444.442452000,10.11.219.6
2567,1434,1649336444.442462000,10.11.219.6
2568,1434,1649336444.442465000,10.11.219.6
2569,-66,1649336444.442469000,54.201.166.50
2570,-108,1649336444.442474000,54.201.166.50
2571,-108,1649336444.442484000,54.201.166.50
2572,66,1649336444.442590000,10.11.219.6
2573,1434,1649336444.443155000,10.11.219.6
2574,1434,1649336444.443162000,10.11.219.6
2575,1434,1649336444.443170000,10.11.219.6
2576,1434,1649336444.443173000,10.11.219.6
2577,-286,1649336444.443493000,18.65.110.227
2578,78,1649336444.443502000,10.11.219.6
2579,-1434,1649336444.443509000,18.65.110.227
2580,66,1649336444.443517000,10.11.219.6
2581,-97,1649336444.443531000,18.65.110.227
2582,66,1649336444.443534000,10.11.219.6
2583,-66,1649336444.443537000,54.201.166.50
2584,-66,1649336444.443547000,54.201.166.50
2585,-66,1649336444.443551000,54.201.166.50
2586,-66,1649336444.443554000,54.201.166.50
2587,1434,1649336444.444087000,10.11.219.6
2588,1434,1649336444.444095000,10.11.219.6
2589,1434,1649336444.444110000,10.11.219.6
2590,1434,1649336444.444115000,10.11.219.6
2591,1434,1649336444.444118000,10.11.219.6
2592,-66,1649336444.444336000,54.201.166.50
2593,-108,1649336444.444347000,54.201.166.50
2594,66,1649336444.444433000,10.11.219.6
2595,1434,1649336444.445000000,10.11.219.6
2596,1434,1649336444.445008000,10.11.219.6
2597,1434,1649336444.445010000,10.11.219.6
2598,1434,1649336444.445021000,10.11.219.6
2599,1434,1649336444.445024000,10.11.219.6
2600,1434,1649336444.445026000,10.11.219.6
2601,1434,1649336444.445732000,10.11.219.6
2602,1434,1649336444.445741000,10.11.219.6
2603,1434,1649336444.445743000,10.11.219.6
2604,1434,1649336444.445752000,10.11.219.6
2605,1434,1649336444.445759000,10.11.219.6
2606,1434,1649336444.445762000,10.11.219.6
2607,1434,1649336444.446891000,10.11.219.6
2608,1434,1649336444.446902000,10.11.219.6
2609,1434,1649336444.446915000,10.11.219.6
2610,-4134,1649336444.448041000,52.94.215.169
2611,54,1649336444.448074000,10.11.219.6
2612,-540,1649336444.453073000,52.94.215.169
2613,-776,1649336444.453092000,52.94.184.56
2614,54,1649336444.453114000,10.11.219.6
2615,-533,1649336444.453130000,52.94.215.169
2616,-10934,1649336444.453135000,52.94.215.169
2617,54,1649336444.453141000,10.11.219.6
2618,1414,1649336444.455269000,10.11.219.6
2619,1414,1649336444.455292000,10.11.219.6
2620,123,1649336444.456519000,10.11.219.6
2621,198,1649336444.474788000,10.11.219.6
2622,-66,1649336444.476834000,54.201.166.50
2623,1434,1649336444.476878000,10.11.219.6
2624,1434,1649336444.476901000,10.11.219.6
2625,1434,1649336444.476907000,10.11.219.6
2626,1434,1649336444.476911000,10.11.219.6
2627,623,1649336444.480265000,10.11.219.6
2628,-66,1649336444.481124000,54.201.166.50
2629,1434,1649336444.481161000,10.11.219.6
2630,1434,1649336444.481176000,10.11.219.6
2631,1434,1649336444.481180000,10.11.219.6
2632,1434,1649336444.481183000,10.11.219.6
2633,723,1649336444.481755000,10.11.219.6
2634,-66,1649336444.485447000,151.101.229.16
2635,-1421,1649336444.487697000,151.101.229.16
2636,66,1649336444.487736000,10.11.219.6
2637,-66,1649336444.490871000,151.101.229.16
2638,160,1649336444.491110000,10.11.219.6
2639,-54,1649336444.492204000,52.119.169.237
2640,-2802,1649336444.492216000,151.101.229.16
2641,66,1649336444.492226000,10.11.219.6
2642,54,1649336444.493414000,10.11.219.6
2643,54,1649336444.493429000,10.11.219.6
2644,-8274,1649336444.494129000,151.101.229.16
2645,66,1649336444.494142000,10.11.219.6
2646,-2802,1649336444.495213000,151.101.229.16
2647,66,1649336444.495222000,10.11.219.6
2648,-907,1649336444.495235000,151.101.229.16
2649,78,1649336444.495241000,10.11.219.6
2650,-1434,1649336444.495245000,151.101.229.16
2651,66,1649336444.495250000,10.11.219.6
2652,-15114,1649336444.495258000,151.101.229.16
2653,66,1649336444.495262000,10.11.219.6
2654,-87,1649336444.495301000,151.101.229.16
2655,78,1649336444.495305000,10.11.219.6
2656,-1434,1649336444.495309000,151.101.229.16
2657,66,1649336444.495313000,10.11.219.6
2658,-6906,1649336444.495318000,151.101.229.16
2659,66,1649336444.495323000,10.11.219.6
2660,-8274,1649336444.496408000,151.101.229.16
2661,66,1649336444.496424000,10.11.219.6
2662,-5538,1649336444.498337000,151.101.229.16
2663,66,1649336444.498356000,10.11.219.6
2664,-11010,1649336444.498804000,151.101.229.16
2665,66,1649336444.498813000,10.11.219.6
2666,-108,1649336444.498858000,151.101.229.16
2667,78,1649336444.498864000,10.11.219.6
2668,-1434,1649336444.498868000,151.101.229.16
2669,66,1649336444.498873000,10.11.219.6
2670,-15114,1649336444.498879000,151.101.229.16
2671,66,1649336444.498883000,10.11.219.6
2672,-696,1649336444.500964000,54.240.250.157
2673,54,1649336444.500989000,10.11.219.6
2674,-4170,1649336444.501004000,151.101.229.16
2675,66,1649336444.501010000,10.11.219.6
2676,952,1649336444.501086000,10.11.219.6
2677,-24455,1649336444.501620000,151.101.229.16
2678,-54,1649336444.501650000,52.119.169.237
2679,-5494,1649336444.501656000,52.119.169.237
2680,66,1649336444.501658000,10.11.219.6
2681,54,1649336444.501667000,10.11.219.6
2682,-574,1649336444.504829000,52.119.169.237
2683,54,1649336444.504846000,10.11.219.6
2684,-54,1649336444.504875000,52.94.215.169
2685,-776,1649336444.504883000,52.94.184.56
2686,54,1649336444.504889000,10.11.219.6
2687,-66,1649336444.504895000,151.101.229.16
2688,-5538,1649336444.504900000,151.101.229.16
2689,-9149,1649336444.504940000,151.101.229.16
2690,-2122,1649336444.510001000,18.65.110.227
2691,66,1649336444.510017000,10.11.219.6
2692,-107,1649336444.510035000,18.65.110.227
2693,66,1649336444.510039000,10.11.219.6
2694,-97,1649336444.510044000,18.65.110.227
2695,66,1649336444.510046000,10.11.219.6
2696,180,1649336444.510572000,10.11.219.6
2697,1200,1649336444.511149000,10.11.219.6
2698,-66,1649336444.513101000,151.101.229.16
2699,66,1649336444.515541000,10.11.219.6
2700,-11010,1649336444.516741000,151.101.229.16
2701,66,1649336444.516756000,10.11.219.6
2702,-5180,1649336444.517239000,151.101.229.16
2703,66,1649336444.517258000,10.11.219.6
2704,-15114,1649336444.517274000,151.101.229.16
2705,-87,1649336444.517298000,151.101.229.16
2706,78,1649336444.517306000,10.11.219.6
2707,-1434,1649336444.517311000,151.101.229.16
2708,66,1649336444.517318000,10.11.219.6
2709,-8274,1649336444.517323000,151.101.229.16
2710,66,1649336444.517801000,10.11.219.6
2711,-10732,1649336444.519173000,151.101.229.16
2712,-4134,1649336444.521533000,52.94.215.169
2713,54,1649336444.521556000,10.11.219.6
2714,-12851,1649336444.521620000,52.94.215.169
2715,54,1649336444.521629000,10.11.219.6
2716,66,1649336444.522953000,10.11.219.6
2717,-54,1649336444.523839000,52.94.184.56
2718,-54,1649336444.527086000,52.94.184.56
2719,-2774,1649336444.529548000,52.94.184.56
2720,54,1649336444.529566000,10.11.219.6
2721,-3359,1649336444.529609000,52.94.184.56
2722,54,1649336444.529616000,10.11.219.6
2723,180,1649336444.533964000,10.11.219.6
2724,-1950,1649336444.541096000,52.94.215.169
2725,54,1649336444.541136000,10.11.219.6
2726,-74,1649336444.544211000,44.239.9.60
2727,66,1649336444.544240000,10.11.219.6
2728,583,1649336444.546593000,10.11.219.6
2729,154,1649336444.547633000,10.11.219.6
2730,-54,1649336444.548478000,52.94.184.56
2731,-54,1649336444.550872000,52.94.184.56
2732,-1414,1649336444.553570000,52.94.184.56
2733,54,1649336444.553586000,10.11.219.6
2734,-4719,1649336444.554455000,52.94.184.56
2735,54,1649336444.554468000,10.11.219.6
2736,-66,1649336444.558888000,151.101.229.16
2737,-832,1649336444.558903000,151.101.229.16
2738,180,1649336444.565714000,10.11.219.6
2739,154,1649336444.568030000,10.11.219.6
2740,740,1649336444.568390000,10.11.219.6
2741,684,1649336444.569747000,10.11.219.6
2742,174,1649336444.577007000,10.11.219.6
2743,-66,1649336444.579141000,54.201.166.50
2744,-66,1649336444.579161000,54.201.166.50
2745,-66,1649336444.579164000,151.101.229.16
2746,-66,1649336444.579168000,151.101.229.16
2747,-757,1649336444.581540000,151.101.229.16
2748,-66,1649336444.581554000,54.201.166.50
2749,-66,1649336444.581561000,54.201.166.50
2750,-108,1649336444.581563000,54.201.166.50
2751,-220,1649336444.581564000,151.101.229.16
2752,-2802,1649336444.581567000,151.101.229.16
2753,-13767,1649336444.581968000,151.101.229.16
2754,-16503,1649336444.586548000,151.101.229.16
2755,-66,1649336444.587137000,54.201.166.50
2756,-66,1649336444.587148000,54.201.166.50
2757,-13746,1649336444.587155000,151.101.229.16
2758,-413,1649336444.587206000,151.101.229.16
2759,78,1649336444.587219000,10.11.219.6
2760,-1434,1649336444.587244000,151.101.229.16
2761,66,1649336444.587251000,10.11.219.6
2762,-66,1649336444.587256000,151.101.229.16
2763,-13746,1649336444.587265000,151.101.229.16
2764,-936,1649336444.587275000,151.101.229.16
2765,78,1649336444.587280000,10.11.219.6
2766,-1434,1649336444.587285000,151.101.229.16
2767,66,1649336444.587289000,10.11.219.6
2768,-7945,1649336444.588486000,151.101.229.16
2769,-66,1649336444.588501000,54.201.166.50
2770,-66,1649336444.588512000,54.201.166.50
2771,-108,1649336444.588535000,54.201.166.50
2772,-66,1649336444.588537000,54.201.166.50
2773,-66,1649336444.588539000,54.201.166.50
2774,-66,1649336444.588541000,54.201.166.50
2775,-54,1649336444.588543000,52.94.184.56
2776,-66,1649336444.588548000,54.201.166.50
2777,66,1649336444.588600000,10.11.219.6
2778,66,1649336444.588998000,10.11.219.6
2779,-66,1649336444.591594000,151.101.229.16
2780,-2774,1649336444.591607000,52.94.215.169
2781,54,1649336444.591619000,10.11.219.6
2782,-13599,1649336444.591783000,151.101.229.16
2783,-11132,1649336444.591817000,151.101.229.16
2784,66,1649336444.591827000,10.11.219.6
2785,-659,1649336444.592505000,52.94.184.56
2786,-106,1649336444.592517000,52.94.184.56
2787,-2774,1649336444.592521000,52.94.215.169
2788,54,1649336444.592529000,10.11.219.6
2789,66,1649336444.594557000,10.11.219.6
2790,-1506,1649336444.594627000,52.94.215.169
2791,54,1649336444.594642000,10.11.219.6
2792,54,1649336444.602995000,10.11.219.6
2793,-66,1649336444.612983000,54.201.166.50
2794,-66,1649336444.613001000,54.201.166.50
2795,-108,1649336444.613006000,54.201.166.50
2796,66,1649336444.613062000,10.11.219.6
2797,-66,1649336444.617191000,54.201.166.50
2798,180,1649336444.617463000,10.11.219.6
2799,-260,1649336444.624751000,54.201.166.50
2800,755,1649336444.624774000,10.11.219.6
2801,66,1649336444.625866000,10.11.219.6
2802,-66,1649336444.627908000,151.101.229.16
2803,74,1649336444.629084000,10.11.219.6
2804,-2802,1649336444.631876000,151.101.229.16
2805,66,1649336444.631893000,10.11.219.6
2806,-11010,1649336444.631956000,151.101.229.16
2807,66,1649336444.631998000,10.11.219.6
2808,148,1649336444.633409000,10.11.219.6
2809,-1391,1649336444.633445000,151.101.229.16
2810,-105,1649336444.633454000,52.119.169.237
2811,54,1649336444.633467000,10.11.219.6
2812,825,1649336444.640379000,10.11.219.6
2813,-66,1649336444.644548000,151.101.229.16
2814,-11010,1649336444.650284000,151.101.229.16
2815,-2802,1649336444.650714000,151.101.229.16
2816,-973,1649336444.650730000,151.101.229.16
2817,78,1649336444.650761000,10.11.219.6
2818,-1434,1649336444.650803000,151.101.229.16
2819,66,1649336444.650812000,10.11.219.6
2820,-15114,1649336444.650823000,151.101.229.16
2821,-87,1649336444.650855000,151.101.229.16
2822,78,1649336444.650861000,10.11.219.6
2823,-1434,1649336444.650868000,151.101.229.16
2824,66,1649336444.650873000,10.11.219.6
2825,-2802,1649336444.650877000,151.101.229.16
2826,66,1649336444.651985000,10.11.219.6
2827,-2802,1649336444.652313000,151.101.229.16
2828,66,1649336444.652324000,10.11.219.6
2829,-11010,1649336444.654749000,151.101.229.16
2830,66,1649336444.654785000,10.11.219.6
2831,-4170,1649336444.655208000,151.101.229.16
2832,66,1649336444.655214000,10.11.219.6
2833,-20586,1649336444.655225000,151.101.229.16
2834,-11010,1649336444.655252000,151.101.229.16
2835,66,1649336444.655252000,10.11.219.6
2836,66,1649336444.655264000,10.11.219.6
2837,-2802,1649336444.656868000,151.101.229.16
2838,66,1649336444.656885000,10.11.219.6
2839,-6906,1649336444.657406000,151.101.229.16
2840,-20586,1649336444.657422000,151.101.229.16
2841,-2802,1649336444.657438000,151.101.229.16
2842,-12378,1649336444.659183000,151.101.229.16
2843,-695,1649336444.659203000,151.101.229.16
2844,78,1649336444.659215000,10.11.219.6
2845,-1434,1649336444.659233000,151.101.229.16
2846,66,1649336444.659238000,10.11.219.6
2847,-105,1649336444.661451000,52.94.184.56
2848,54,1649336444.661477000,10.11.219.6
2849,-682,1649336444.663631000,52.94.184.56
2850,66,1649336444.677439000,10.11.219.6
2851,-66,1649336444.682814000,44.239.9.60
2852,-2802,1649336444.688463000,44.239.9.60
2853,66,1649336444.688482000,10.11.219.6
2854,-82,1649336444.688498000,44.239.9.60
2855,78,1649336444.688505000,10.11.219.6
2856,-2802,1649336444.688509000,44.239.9.60
2857,66,1649336444.688513000,10.11.219.6
2858,192,1649336444.694282000,10.11.219.6
2859,792,1649336444.694679000,10.11.219.6
2860,796,1649336444.694789000,10.11.219.6
2861,159,1649336444.700465000,10.11.219.6
2862,-105,1649336444.705279000,52.94.184.56
2863,54,1649336444.705293000,10.11.219.6
2864,54,1649336444.705407000,10.11.219.6
2865,755,1649336444.712418000,10.11.219.6
2866,-66,1649336444.712792000,151.101.229.16
2867,-429,1649336444.712807000,151.101.229.16
2868,174,1649336444.716761000,10.11.219.6
2869,191,1649336444.716923000,10.11.219.6
2870,178,1649336444.717750000,10.11.219.6
2871,583,1649336444.719334000,10.11.219.6
2872,458,1649336444.719660000,10.11.219.6
2873,-66,1649336444.729165000,151.101.229.16
2874,-66,1649336444.729181000,151.101.229.16
2875,-311,1649336444.729185000,151.101.229.16
2876,-955,1649336444.729192000,151.101.229.16
2877,66,1649336444.729201000,10.11.219.6
2878,-66,1649336444.729217000,151.101.229.16
2879,-1382,1649336444.729220000,151.101.229.16
2880,66,1649336444.734449000,10.11.219.6
2881,1226,1649336444.743677000,10.11.219.6
2882,160,1649336444.749759000,10.11.219.6
2883,200,1649336444.749948000,10.11.219.6
2884,160,1649336444.750213000,10.11.219.6
2885,187,1649336444.752537000,10.11.219.6
2886,1297,1649336444.753437000,10.11.219.6
2887,-66,1649336444.754532000,151.101.229.16
2888,-2802,1649336444.758651000,151.101.229.16
2889,66,1649336444.758746000,10.11.219.6
2890,-11010,1649336444.761131000,151.101.229.16
2891,-1028,1649336444.761150000,151.101.229.16
2892,78,1649336444.761166000,10.11.219.6
2893,-1434,1649336444.761183000,151.101.229.16
2894,66,1649336444.761190000,10.11.219.6
2895,-13746,1649336444.761273000,151.101.229.16
2896,66,1649336444.761279000,10.11.219.6
2897,-1434,1649336444.763123000,151.101.229.16
2898,66,1649336444.763141000,10.11.219.6
2899,-87,1649336444.763161000,151.101.229.16
2900,78,1649336444.763169000,10.11.219.6
2901,-1434,1649336444.763175000,151.101.229.16
2902,66,1649336444.763180000,10.11.219.6
2903,-31530,1649336444.763668000,151.101.229.16
2904,-108,1649336444.763696000,151.101.229.16
2905,78,1649336444.763704000,10.11.219.6
2906,-1434,1649336444.763714000,151.101.229.16
2907,66,1649336444.763721000,10.11.219.6
2908,-8274,1649336444.763726000,151.101.229.16
2909,66,1649336444.763779000,10.11.219.6
2910,-2802,1649336444.768678000,151.101.229.16
2911,66,1649336444.768697000,10.11.219.6
2912,-32898,1649336444.769062000,151.101.229.16
2913,66,1649336444.769096000,10.11.219.6
2914,-16482,1649336444.773426000,151.101.229.16
2915,66,1649336444.773439000,10.11.219.6
2916,-19218,1649336444.773499000,151.101.229.16
2917,66,1649336444.773521000,10.11.219.6
2918,-19218,1649336444.773835000,151.101.229.16
2919,66,1649336444.773841000,10.11.219.6
2920,-8274,1649336444.775761000,151.101.229.16
2921,66,1649336444.775770000,10.11.219.6
2922,-13746,1649336444.776229000,151.101.229.16
2923,-11010,1649336444.776266000,151.101.229.16
2924,66,1649336444.776633000,10.11.219.6
2925,-5538,1649336444.778141000,151.101.229.16
2926,66,1649336444.778153000,10.11.219.6
2927,-27426,1649336444.778661000,151.101.229.16
2928,66,1649336444.778714000,10.11.219.6
2929,-13746,1649336444.780051000,151.101.229.16
2930,66,1649336444.780062000,10.11.219.6
2931,-2802,1649336444.785049000,151.101.229.16
2932,66,1649336444.785063000,10.11.219.6
2933,-19218,1649336444.785704000,151.101.229.16
2934,-210,1649336444.785746000,151.101.229.16
2935,78,1649336444.785756000,10.11.219.6
2936,-696,1649336444.785765000,54.240.250.157
2937,54,1649336444.785772000,10.11.219.6
2938,-66,1649336444.785775000,151.101.229.16
2939,-1434,1649336444.785778000,151.101.229.16
2940,66,1649336444.785782000,10.11.219.6
2941,-66,1649336444.785785000,151.101.229.16
2942,-66,1649336444.785788000,151.101.229.16
2943,-736,1649336444.785790000,151.101.229.16
2944,-12378,1649336444.785793000,151.101.229.16
2945,66,1649336444.785847000,10.11.219.6
2946,66,1649336444.786257000,10.11.219.6
2947,-2802,1649336444.786344000,151.101.229.16
2948,66,1649336444.786351000,10.11.219.6
2949,-973,1649336444.788028000,151.101.229.16
2950,-387,1649336444.788040000,151.101.229.16
2951,-66,1649336444.788042000,151.101.229.16
2952,-1434,1649336444.788048000,151.101.229.16
2953,-121,1649336444.788049000,151.101.229.16
2954,78,1649336444.788058000,10.11.219.6
2955,-1434,1649336444.788071000,151.101.229.16
2956,66,1649336444.788076000,10.11.219.6
2957,-13746,1649336444.788081000,151.101.229.16
2958,-873,1649336444.788108000,151.101.229.16
2959,78,1649336444.788112000,10.11.219.6
2960,-1434,1649336444.788116000,151.101.229.16
2961,66,1649336444.788119000,10.11.219.6
2962,-9642,1649336444.788123000,151.101.229.16
2963,66,1649336444.788378000,10.11.219.6
2964,66,1649336444.788444000,10.11.219.6
2965,-5538,1649336444.789993000,151.101.229.16
2966,66,1649336444.790008000,10.11.219.6
2967,-87,1649336444.790025000,151.101.229.16
2968,78,1649336444.790030000,10.11.219.6
2969,-1434,1649336444.790486000,151.101.229.16
2970,66,1649336444.790497000,10.11.219.6
2971,-26058,1649336444.790509000,151.101.229.16
2972,66,1649336444.790552000,10.11.219.6
2973,-5538,1649336444.792677000,151.101.229.16
2974,66,1649336444.792697000,10.11.219.6
2975,-108,1649336444.792720000,151.101.229.16
2976,78,1649336444.792725000,10.11.219.6
2977,-1434,1649336444.793161000,151.101.229.16
2978,66,1649336444.793172000,10.11.219.6
2979,-26058,1649336444.793183000,151.101.229.16
2980,66,1649336444.793217000,10.11.219.6
2981,-2802,1649336444.795607000,151.101.229.16
2982,66,1649336444.795625000,10.11.219.6
2983,-2802,1649336444.797603000,151.101.229.16
2984,66,1649336444.797623000,10.11.219.6
2985,-28794,1649336444.798132000,151.101.229.16
2986,-15114,1649336444.798169000,151.101.229.16
2987,66,1649336444.798229000,10.11.219.6
2988,-5538,1649336444.800539000,151.101.229.16
2989,66,1649336444.800559000,10.11.219.6
2990,-27426,1649336444.801052000,151.101.229.16
2991,172,1649336444.801162000,10.11.219.6
2992,-2802,1649336444.803425000,151.101.229.16
2993,66,1649336444.803438000,10.11.219.6
2994,-9642,1649336444.803936000,151.101.229.16
2995,-20586,1649336444.803945000,151.101.229.16
2996,66,1649336444.803980000,10.11.219.6
2997,-21954,1649336444.806098000,151.101.229.16
2998,66,1649336444.806111000,10.11.219.6
2999,-4170,1649336444.806147000,151.101.229.16
3000,-667,1649336444.806151000,151.101.229.16
3001,78,1649336444.806157000,10.11.219.6
3002,-439,1649336444.806162000,52.119.169.237
3003,54,1649336444.806168000,10.11.219.6
3004,-66,1649336444.806171000,209.54.176.128
3005,54,1649336444.806183000,10.11.219.6
3006,-1434,1649336444.806186000,151.101.229.16
3007,66,1649336444.806189000,10.11.219.6
3008,571,1649336444.811180000,10.11.219.6
3009,-66,1649336444.812021000,151.101.229.16
3010,-3884,1649336444.813325000,151.101.229.16
3011,66,1649336444.813343000,10.11.219.6
3012,161,1649336444.818638000,10.11.219.6
3013,808,1649336444.819669000,10.11.219.6
3014,653,1649336444.819823000,10.11.219.6
3015,620,1649336444.820151000,10.11.219.6
3016,-66,1649336444.831245000,151.101.229.16
3017,455,1649336444.831257000,10.11.219.6
3018,-2802,1649336444.833985000,151.101.229.16
3019,66,1649336444.834039000,10.11.219.6
3020,-6906,1649336444.834931000,151.101.229.16
3021,-771,1649336444.834943000,151.101.229.16
3022,78,1649336444.834956000,10.11.219.6
3023,-372,1649336444.834974000,44.239.9.60
3024,66,1649336444.834984000,10.11.219.6
3025,-135,1649336444.834987000,44.239.9.60
3026,66,1649336444.834990000,10.11.219.6
3027,-1434,1649336444.834999000,151.101.229.16
3028,66,1649336444.835002000,10.11.219.6
3029,243,1649336444.836120000,10.11.219.6
3030,376,1649336444.836149000,10.11.219.6
3031,184,1649336444.836666000,10.11.219.6
3032,104,1649336444.836751000,10.11.219.6
3033,-540,1649336444.836921000,52.94.215.169
3034,54,1649336444.836940000,10.11.219.6
3035,456,1649336444.837738000,10.11.219.6
3036,189,1649336444.838065000,10.11.219.6
3037,-540,1649336444.845021000,52.94.215.169
3038,-66,1649336444.845072000,151.101.229.16
3039,54,1649336444.845357000,10.11.219.6
3040,-2802,1649336444.846862000,151.101.229.16
3041,66,1649336444.846948000,10.11.219.6
3042,-11010,1649336444.847036000,151.101.229.16
3043,66,1649336444.847063000,10.11.219.6
3044,-930,1649336444.847074000,151.101.229.16
3045,78,1649336444.847081000,10.11.219.6
3046,-1434,1649336444.847087000,151.101.229.16
3047,66,1649336444.847095000,10.11.219.6
3048,-15114,1649336444.847100000,151.101.229.16
3049,66,1649336444.847107000,10.11.219.6
3050,-87,1649336444.847113000,151.101.229.16
3051,78,1649336444.847117000,10.11.219.6
3052,-1434,1649336444.847119000,151.101.229.16
3053,66,1649336444.847122000,10.11.219.6
3054,-5538,1649336444.847125000,151.101.229.16
3055,66,1649336444.847287000,10.11.219.6
3056,-8274,1649336444.849461000,151.101.229.16
3057,66,1649336444.849474000,10.11.219.6
3058,-5538,1649336444.849849000,151.101.229.16
3059,66,1649336444.849858000,10.11.219.6
3060,-17850,1649336444.849870000,151.101.229.16
3061,66,1649336444.849898000,10.11.219.6
3062,-1434,1649336444.855544000,151.101.229.16
3063,-6906,1649336444.855557000,151.101.229.16
3064,66,1649336444.855569000,10.11.219.6
3065,-11892,1649336444.855986000,151.101.229.16
3066,-66,1649336444.856021000,151.101.229.16
3067,-1434,1649336444.856027000,151.101.229.16
3068,-168,1649336444.856028000,151.101.229.16
3069,78,1649336444.856035000,10.11.219.6
3070,-1434,1649336444.856042000,151.101.229.16
3071,-66,1649336444.856044000,151.101.229.16
3072,-66,1649336444.856045000,151.101.229.16
3073,-262,1649336444.856046000,151.101.229.16
3074,-9642,1649336444.856049000,151.101.229.16
3075,66,1649336444.856051000,10.11.219.6
3076,66,1649336444.856127000,10.11.219.6
3077,-5538,1649336444.857964000,151.101.229.16
3078,66,1649336444.857983000,10.11.219.6
3079,-87,1649336444.857998000,151.101.229.16
3080,78,1649336444.858003000,10.11.219.6
3081,-696,1649336444.858006000,54.240.250.157
3082,54,1649336444.858015000,10.11.219.6
3083,-1434,1649336444.858019000,151.101.229.16
3084,66,1649336444.858022000,10.11.219.6
3085,-15114,1649336444.858425000,151.101.229.16
3086,-87,1649336444.858452000,151.101.229.16
3087,78,1649336444.858458000,10.11.219.6
3088,-1434,1649336444.858466000,151.101.229.16
3089,66,1649336444.858470000,10.11.219.6
3090,-8274,1649336444.858474000,151.101.229.16
3091,66,1649336444.858480000,10.11.219.6
3092,-2802,1649336444.860664000,151.101.229.16
3093,66,1649336444.860685000,10.11.219.6
3094,173,1649336444.860851000,10.11.219.6
3095,1008,1649336444.861120000,10.11.219.6
3096,-8274,1649336444.861152000,151.101.229.16
3097,-19218,1649336444.861164000,151.101.229.16
3098,-2802,1649336444.861175000,151.101.229.16
3099,66,1649336444.861249000,10.11.219.6
3100,-16342,1649336444.863373000,151.101.229.16
3101,66,1649336444.863389000,10.11.219.6
3102,-66,1649336444.863421000,54.201.166.50
3103,-235,1649336444.863429000,54.201.166.50
3104,-104,1649336444.863431000,54.201.166.50
3105,-235,1649336444.863432000,54.201.166.50
3106,-104,1649336444.863433000,54.201.166.50
3107,66,1649336444.866452000,10.11.219.6
3108,-66,1649336444.871864000,151.101.229.16
3109,-66,1649336444.871879000,151.101.229.16
3110,-2802,1649336444.873366000,151.101.229.16
3111,66,1649336444.873383000,10.11.219.6
3112,-485,1649336444.875086000,151.101.229.16
3113,78,1649336444.875103000,10.11.219.6
3114,-1434,1649336444.875118000,151.101.229.16
3115,66,1649336444.875127000,10.11.219.6
3116,-15991,1649336444.875485000,151.101.229.16
3117,-12378,1649336444.875521000,151.101.229.16
3118,66,1649336444.875574000,10.11.219.6
3119,-2802,1649336444.876833000,151.101.229.16
3120,66,1649336444.876846000,10.11.219.6
3121,-87,1649336444.876864000,151.101.229.16
3122,78,1649336444.876870000,10.11.219.6
3123,-1434,1649336444.876874000,151.101.229.16
3124,66,1649336444.876877000,10.11.219.6
3125,-5538,1649336444.876881000,151.101.229.16
3126,66,1649336444.876917000,10.11.219.6
3127,161,1649336444.877223000,10.11.219.6
3128,-5538,1649336444.880959000,151.101.229.16
3129,66,1649336444.880978000,10.11.219.6
3130,-20586,1649336444.881464000,151.101.229.16
3131,-108,1649336444.881496000,151.101.229.16
3132,-1434,1649336444.881498000,151.101.229.16
3133,-11010,1649336444.881501000,151.101.229.16
3134,66,1649336444.881508000,10.11.219.6
3135,78,1649336444.881527000,10.11.219.6
3136,66,1649336444.881537000,10.11.219.6
3137,66,1649336444.881597000,10.11.219.6
3138,838,1649336444.882294000,10.11.219.6
3139,-13746,1649336444.883062000,151.101.229.16
3140,66,1649336444.883136000,10.11.219.6
3141,-12378,1649336444.886381000,151.101.229.16
3142,66,1649336444.886404000,10.11.219.6
3143,-20586,1649336444.886474000,151.101.229.16
3144,66,1649336444.888403000,10.11.219.6
3145,-11010,1649336444.888584000,151.101.229.16
3146,66,1649336444.888707000,10.11.219.6
3147,-5538,1649336444.889062000,151.101.229.16
3148,66,1649336444.889077000,10.11.219.6
3149,-16482,1649336444.889101000,151.101.229.16
3150,571,1649336444.889509000,10.11.219.6
3151,161,1649336444.889683000,10.11.219.6
3152,-20586,1649336444.893520000,151.101.229.16
3153,-2802,1649336444.893548000,151.101.229.16
3154,66,1649336444.893869000,10.11.219.6
3155,-24690,1649336444.894057000,151.101.229.16
3156,66,1649336444.894080000,10.11.219.6
3157,-1434,1649336444.895986000,151.101.229.16
3158,-709,1649336444.896008000,151.101.229.16
3159,78,1649336444.896033000,10.11.219.6
3160,-66,1649336444.896050000,151.101.229.16
3161,-1434,1649336444.896058000,151.101.229.16
3162,66,1649336444.896064000,10.11.219.6
3163,-2802,1649336444.896077000,151.101.229.16
3164,-13300,1649336444.896123000,151.101.229.16
3165,-5538,1649336444.896150000,151.101.229.16
3166,-617,1649336444.896152000,151.101.229.16
3167,78,1649336444.896155000,10.11.219.6
3168,-66,1649336444.896161000,151.101.229.16
3169,-1434,1649336444.896166000,151.101.229.16
3170,66,1649336444.896169000,10.11.219.6
3171,-5538,1649336444.898031000,151.101.229.16
3172,-10489,1649336444.898409000,151.101.229.16
3173,-15114,1649336444.898442000,151.101.229.16
3174,-87,1649336444.900473000,151.101.229.16
3175,78,1649336444.900549000,10.11.219.6
3176,-1434,1649336444.900603000,151.101.229.16
3177,66,1649336444.900621000,10.11.219.6
3178,-9269,1649336444.900647000,151.101.229.16
3179,66,1649336444.902140000,10.11.219.6
3180,-66,1649336444.902959000,151.101.229.16
3181,-66,1649336444.902975000,151.101.229.16
3182,-2802,1649336444.904719000,151.101.229.16
3183,66,1649336444.904741000,10.11.219.6
3184,-13350,1649336444.908906000,151.101.229.16
3185,-15114,1649336444.908941000,151.101.229.16
3186,-87,1649336444.908953000,151.101.229.16
3187,78,1649336444.908968000,10.11.219.6
3188,-1434,1649336444.908992000,151.101.229.16
3189,66,1649336444.908999000,10.11.219.6
3190,-2802,1649336444.909006000,151.101.229.16
3191,66,1649336444.909011000,10.11.219.6
3192,-10800,1649336444.909043000,151.101.229.16
3193,-8274,1649336444.909083000,151.101.229.16
3194,-561,1649336444.909085000,151.101.229.16
3195,78,1649336444.909089000,10.11.219.6
3196,-1434,1649336444.909098000,151.101.229.16
3197,66,1649336444.909105000,10.11.219.6
3198,66,1649336444.909566000,10.11.219.6
3199,630,1649336444.914815000,10.11.219.6
3200,457,1649336444.915671000,10.11.219.6
3201,672,1649336444.923191000,10.11.219.6
3202,724,1649336444.923585000,10.11.219.6
3203,653,1649336444.925483000,10.11.219.6
3204,-66,1649336444.925567000,18.65.110.227
3205,620,1649336444.926130000,10.11.219.6
3206,-66,1649336444.926680000,18.65.110.227
3207,160,1649336444.926706000,10.11.219.6
3208,459,1649336444.931833000,10.11.219.6
3209,458,1649336444.932416000,10.11.219.6
3210,653,1649336444.935644000,10.11.219.6
3211,620,1649336444.936917000,10.11.219.6
3212,-66,1649336444.937495000,151.101.229.16
3213,-5538,1649336444.940465000,151.101.229.16
3214,-8274,1649336444.940532000,151.101.229.16
3215,-973,1649336444.940539000,151.101.229.16
3216,78,1649336444.940560000,10.11.219.6
3217,-1434,1649336444.940584000,151.101.229.16
3218,66,1649336444.940592000,10.11.219.6
3219,-588,1649336444.940603000,151.101.229.16
3220,78,1649336444.940608000,10.11.219.6
3221,-1434,1649336444.943880000,151.101.229.16
3222,66,1649336444.943903000,10.11.219.6
3223,186,1649336444.946911000,10.11.219.6
3224,181,1649336444.947766000,10.11.219.6
3225,183,1649336444.954034000,10.11.219.6
3226,280,1649336444.954351000,10.11.219.6
3227,194,1649336444.954480000,10.11.219.6
3228,302,1649336444.954804000,10.11.219.6
3229,-696,1649336444.955757000,54.240.250.157
3230,54,1649336444.955785000,10.11.219.6
3231,-66,1649336444.957919000,151.101.229.16
3232,-295,1649336444.957931000,151.101.229.16
3233,-622,1649336444.961231000,151.101.229.16
3234,78,1649336444.961248000,10.11.219.6
3235,-1434,1649336444.961264000,151.101.229.16
3236,66,1649336444.961274000,10.11.219.6
3237,-66,1649336444.961279000,151.101.229.16
3238,-230,1649336444.961284000,151.101.229.16
3239,-2622,1649336444.961287000,151.101.229.16
3240,66,1649336444.961355000,10.11.219.6
3241,-540,1649336444.964614000,52.94.215.169
3242,54,1649336444.964645000,10.11.219.6
3243,-66,1649336444.965497000,151.101.229.16
3244,-66,1649336444.965509000,151.101.229.16
3245,-66,1649336444.965513000,151.101.229.16
3246,-363,1649336444.965515000,151.101.229.16
3247,-66,1649336444.967093000,151.101.229.16
3248,-4170,1649336444.967104000,151.101.229.16
3249,66,1649336444.967112000,10.11.219.6
3250,-131,1649336444.967137000,151.101.229.16
3251,78,1649336444.967142000,10.11.219.6
3252,-1434,1649336444.967146000,151.101.229.16
3253,66,1649336444.967149000,10.11.219.6
3254,-444,1649336444.967152000,151.101.229.16
3255,-1109,1649336444.967153000,151.101.229.16
3256,-332,1649336444.967159000,151.101.229.16
3257,66,1649336444.967183000,10.11.219.6
3258,-533,1649336444.968592000,52.94.215.169
3259,54,1649336444.968614000,10.11.219.6
3260,-104,1649336444.971818000,44.239.9.60
3261,66,1649336444.971845000,10.11.219.6
3262,-66,1649336444.972909000,44.239.9.60
3263,-233,1649336444.972924000,44.239.9.60
3264,66,1649336444.972934000,10.11.219.6
3265,160,1649336444.976555000,10.11.219.6
3266,-54,1649336444.978217000,209.54.176.128
3267,-54,1649336444.983617000,209.54.176.128
3268,-6001,1649336444.985151000,209.54.176.128
3269,54,1649336444.985167000,10.11.219.6
3270,-66,1649336444.987880000,151.101.229.16
3271,180,1649336444.989232000,10.11.219.6
3272,-5538,1649336444.989554000,151.101.229.16
3273,66,1649336444.989679000,10.11.219.6
3274,-8274,1649336444.991525000,151.101.229.16
3275,-352,1649336444.991535000,151.101.229.16
3276,78,1649336444.991541000,10.11.219.6
3277,-1434,1649336444.991552000,151.101.229.16
3278,66,1649336444.991556000,10.11.219.6
3279,159,1649336444.998269000,10.11.219.6
3280,74,1649336445.001635000,10.11.219.6
3281,-66,1649336445.009241000,151.101.229.16
3282,-2128,1649336445.048023000,18.65.110.227
3283,66,1649336445.048036000,10.11.219.6
3284,-97,1649336445.048054000,18.65.110.227
3285,66,1649336445.048056000,10.11.219.6
3286,-66,1649336445.052104000,54.201.166.50
3287,-235,1649336445.052113000,54.201.166.50
3288,-104,1649336445.052115000,54.201.166.50
3289,66,1649336445.052224000,10.11.219.6
3290,-235,1649336445.054236000,54.201.166.50
3291,-104,1649336445.054242000,54.201.166.50
3292,66,1649336445.054362000,10.11.219.6
3293,-54,1649336445.057429000,52.94.215.169
3294,-819,1649336445.068438000,18.65.110.227
3295,78,1649336445.068454000,10.11.219.6
3296,-1434,1649336445.068468000,18.65.110.227
3297,66,1649336445.068472000,10.11.219.6
3298,-97,1649336445.068474000,18.65.110.227
3299,66,1649336445.068476000,10.11.219.6
3300,-66,1649336445.068477000,54.201.166.50
3301,-235,1649336445.069252000,54.201.166.50
3302,-104,1649336445.069260000,54.201.166.50
3303,66,1649336445.069415000,10.11.219.6
3304,-235,1649336445.071421000,54.201.166.50
3305,-104,1649336445.071432000,54.201.166.50
3306,-533,1649336445.071433000,52.94.215.169
3307,66,1649336445.071578000,10.11.219.6
3308,-540,1649336445.072540000,52.94.215.169
3309,-533,1649336445.072554000,52.94.215.169
3310,54,1649336445.072566000,10.11.219.6
3311,54,1649336445.072584000,10.11.219.6
3312,-540,1649336445.083230000,52.94.215.169
3313,54,1649336445.083265000,10.11.219.6
3314,54,1649336445.113428000,10.11.219.6
3315,-105,1649336445.161237000,209.54.176.128
3316,54,1649336445.161254000,10.11.219.6
3317,1391,1649336445.161553000,10.11.219.6
3318,-11010,1649336445.188444000,151.101.229.16
3319,66,1649336445.188528000,10.11.219.6
3320,-5101,1649336445.189791000,151.101.229.16
3321,66,1649336445.189807000,10.11.219.6
3322,-6699,1649336445.189836000,151.101.229.16
3323,66,1649336445.189937000,10.11.219.6
3324,160,1649336445.195963000,10.11.219.6
3325,-66,1649336445.206689000,151.101.229.16
3326,-8274,1649336445.209479000,151.101.229.16
3327,66,1649336445.209574000,10.11.219.6
3328,-1434,1649336445.212054000,151.101.229.16
3329,-194,1649336445.212068000,151.101.229.16
3330,78,1649336445.212078000,10.11.219.6
3331,-1434,1649336445.212093000,151.101.229.16
3332,66,1649336445.212099000,10.11.219.6
3333,159,1649336445.223920000,10.11.219.6
3334,-66,1649336445.234601000,151.101.229.16
3335,-5538,1649336445.238722000,151.101.229.16
3336,66,1649336445.238845000,10.11.219.6
3337,-4170,1649336445.239419000,151.101.229.16
3338,66,1649336445.239432000,10.11.219.6
3339,-587,1649336445.239453000,151.101.229.16
3340,78,1649336445.239457000,10.11.219.6
3341,-1434,1649336445.239460000,151.101.229.16
3342,66,1649336445.239463000,10.11.219.6
3343,159,1649336445.247936000,10.11.219.6
3344,74,1649336445.251747000,10.11.219.6
3345,-74,1649336445.254503000,13.224.246.7
3346,66,1649336445.254532000,10.11.219.6
3347,583,1649336445.256751000,10.11.219.6
3348,-66,1649336445.263782000,151.101.229.16
3349,-5538,1649336445.263797000,151.101.229.16
3350,66,1649336445.263886000,10.11.219.6
3351,-5538,1649336445.265339000,151.101.229.16
3352,-971,1649336445.265352000,151.101.229.16
3353,78,1649336445.265360000,10.11.219.6
3354,-1434,1649336445.265373000,151.101.229.16
3355,66,1649336445.265378000,10.11.219.6
3356,160,1649336445.273964000,10.11.219.6
3357,-66,1649336445.284500000,151.101.229.16
3358,-11947,1649336445.291668000,151.101.229.16
3359,66,1649336445.291795000,10.11.219.6
3360,160,1649336445.303579000,10.11.219.6
3361,-66,1649336445.315037000,151.101.229.16
3362,-5538,1649336445.317025000,151.101.229.16
3363,-8274,1649336445.317108000,151.101.229.16
3364,-969,1649336445.317115000,151.101.229.16
3365,78,1649336445.317136000,10.11.219.6
3366,-1434,1649336445.317165000,151.101.229.16
3367,66,1649336445.317176000,10.11.219.6
3368,-656,1649336445.317297000,151.101.229.16
3369,160,1649336445.324212000,10.11.219.6
3370,-66,1649336445.335229000,151.101.229.16
3371,-2802,1649336445.338368000,151.101.229.16
3372,66,1649336445.338464000,10.11.219.6
3373,-8274,1649336445.339174000,151.101.229.16
3374,-292,1649336445.339191000,151.101.229.16
3375,78,1649336445.339200000,10.11.219.6
3376,-1434,1649336445.339214000,151.101.229.16
3377,66,1649336445.339220000,10.11.219.6
3378,-5594,1649336445.341001000,209.54.176.128
3379,54,1649336445.341028000,10.11.219.6
3380,74,1649336445.368391000,10.11.219.6
3381,-74,1649336445.372037000,18.65.148.123
3382,66,1649336445.372056000,10.11.219.6
3383,583,1649336445.375400000,10.11.219.6
3384,74,1649336445.377338000,10.11.219.6
3385,-66,1649336445.378410000,18.65.148.123
3386,74,1649336445.381834000,10.11.219.6
3387,-5538,1649336445.382868000,18.65.148.123
3388,66,1649336445.382883000,10.11.219.6
3389,-922,1649336445.382908000,18.65.148.123
3390,66,1649336445.382912000,10.11.219.6
3391,-74,1649336445.384935000,18.65.116.37
3392,66,1649336445.384954000,10.11.219.6
3393,583,1649336445.390088000,10.11.219.6
3394,-74,1649336445.390320000,54.250.105.172
3395,66,1649336445.390339000,10.11.219.6
3396,583,1649336445.393008000,10.11.219.6
3397,-66,1649336445.395215000,18.65.116.37
3398,130,1649336445.395222000,10.11.219.6
3399,-5538,1649336445.395232000,18.65.116.37
3400,66,1649336445.395242000,10.11.219.6
3401,-592,1649336445.396047000,18.65.116.37
3402,66,1649336445.396053000,10.11.219.6
3403,-66,1649336445.398308000,18.65.148.123
3404,-128,1649336445.398315000,18.65.148.123
3405,66,1649336445.398321000,10.11.219.6
3406,-66,1649336445.404845000,54.250.105.172
3407,-1434,1649336445.409972000,54.250.105.172
3408,66,1649336445.409983000,10.11.219.6
3409,-487,1649336445.409995000,54.250.105.172
3410,78,1649336445.409998000,10.11.219.6
3411,-1434,1649336445.413023000,54.250.105.172
3412,66,1649336445.413035000,10.11.219.6
3413,236,1649336445.438219000,10.11.219.6
3414,388,1649336445.438260000,10.11.219.6
3415,-66,1649336445.441432000,18.65.148.123
3416,-66,1649336445.441445000,18.65.148.123
3417,-97,1649336445.441448000,18.65.148.123
3418,66,1649336445.441457000,10.11.219.6
3419,192,1649336445.444321000,10.11.219.6
3420,301,1649336445.445935000,10.11.219.6
3421,414,1649336445.446135000,10.11.219.6
3422,97,1649336445.446989000,10.11.219.6
3423,-66,1649336445.448854000,18.65.110.227
3424,130,1649336445.449731000,10.11.219.6
3425,-66,1649336445.449923000,18.65.148.123
3426,236,1649336445.450159000,10.11.219.6
3427,406,1649336445.450235000,10.11.219.6
3428,-66,1649336445.453109000,18.65.116.37
3429,-128,1649336445.453117000,18.65.116.37
3430,66,1649336445.453122000,10.11.219.6
3431,-66,1649336445.453134000,18.65.116.37
3432,-97,1649336445.453137000,18.65.116.37
3433,66,1649336445.453139000,10.11.219.6
3434,-66,1649336445.453142000,18.65.116.37
3435,97,1649336445.453195000,10.11.219.6
3436,-66,1649336445.456399000,18.65.116.37
3437,-324,1649336445.456410000,54.250.105.172
3438,66,1649336445.456418000,10.11.219.6
3439,-135,1649336445.456437000,54.250.105.172
3440,66,1649336445.456439000,10.11.219.6
3441,-2802,1649336445.458375000,151.101.229.16
3442,66,1649336445.458384000,10.11.219.6
3443,-13385,1649336445.459136000,151.101.229.16
3444,-278,1649336445.459144000,151.101.229.16
3445,66,1649336445.459217000,10.11.219.6
3446,-848,1649336445.462841000,18.65.116.37
3447,66,1649336445.462855000,10.11.219.6
3448,-97,1649336445.462874000,18.65.116.37
3449,66,1649336445.462877000,10.11.219.6
3450,-520,1649336445.483149000,18.65.148.123
3451,66,1649336445.483163000,10.11.219.6
3452,-97,1649336445.483176000,18.65.148.123
3453,66,1649336445.483179000,10.11.219.6
3454,243,1649336445.500855000,10.11.219.6
3455,403,1649336445.500899000,10.11.219.6
3456,104,1649336445.501569000,10.11.219.6
3457,510,1649336445.503733000,10.11.219.6
3458,-74,1649336445.504469000,13.224.246.7
3459,66,1649336445.504489000,10.11.219.6
3460,583,1649336445.506362000,10.11.219.6
3461,-66,1649336445.509912000,13.224.246.7
3462,-2802,1649336445.512306000,13.224.246.7
3463,66,1649336445.512317000,10.11.219.6
3464,-2802,1649336445.512334000,13.224.246.7
3465,66,1649336445.512346000,10.11.219.6
3466,-584,1649336445.512354000,13.224.246.7
3467,66,1649336445.512361000,10.11.219.6
3468,-66,1649336445.513072000,54.250.105.172
3469,-104,1649336445.513082000,54.250.105.172
3470,66,1649336445.513089000,10.11.219.6
3471,-622,1649336445.516279000,54.250.105.172
3472,66,1649336445.516305000,10.11.219.6
3473,-104,1649336445.516327000,54.250.105.172
3474,66,1649336445.516335000,10.11.219.6
3475,130,1649336445.520874000,10.11.219.6
3476,526,1649336445.521112000,10.11.219.6
3477,74,1649336445.521225000,10.11.219.6
3478,-670,1649336445.553740000,18.65.110.227
3479,66,1649336445.553755000,10.11.219.6
3480,-97,1649336445.553773000,18.65.110.227
3481,66,1649336445.553781000,10.11.219.6
3482,-235,1649336445.583645000,54.201.166.50
3483,66,1649336445.583681000,10.11.219.6
3484,-104,1649336445.583704000,54.201.166.50
3485,66,1649336445.583708000,10.11.219.6
3486,-639,1649336445.682160000,209.54.176.128
3487,54,1649336445.682197000,10.11.219.6
3488,536,1649336445.682622000,10.11.219.6
3489,-66,1649336445.691786000,209.54.176.128
3490,54,1649336445.691816000,10.11.219.6
3491,571,1649336445.694117000,10.11.219.6
3492,-66,1649336445.759737000,13.224.246.7
3493,-2802,1649336445.761244000,13.224.246.7
3494,66,1649336445.761273000,10.11.219.6
3495,-2802,1649336445.761327000,13.224.246.7
3496,66,1649336445.761347000,10.11.219.6
3497,-584,1649336445.763982000,13.224.246.7
3498,66,1649336445.764006000,10.11.219.6
3499,130,1649336445.770022000,10.11.219.6
3500,-66,1649336445.773600000,13.224.246.7
3501,-66,1649336445.773611000,13.224.246.7
3502,-576,1649336445.773613000,13.224.246.7
3503,66,1649336445.773621000,10.11.219.6
3504,74,1649336445.784240000,10.11.219.6
3505,74,1649336445.784964000,10.11.219.6
3506,74,1649336445.785384000,10.11.219.6
3507,74,1649336445.785825000,10.11.219.6
3508,74,1649336445.786217000,10.11.219.6
3509,74,1649336445.786485000,10.11.219.6
3510,74,1649336445.789326000,10.11.219.6
3511,-74,1649336445.789593000,35.186.254.217
3512,66,1649336445.789611000,10.11.219.6
3513,-74,1649336445.789619000,23.205.97.4
3514,66,1649336445.789626000,10.11.219.6
3515,-74,1649336445.789630000,23.64.8.218
3516,66,1649336445.789635000,10.11.219.6
3517,-74,1649336445.789639000,142.250.76.130
3518,66,1649336445.789644000,10.11.219.6
3519,74,1649336445.789709000,10.11.219.6
3520,583,1649336445.791707000,10.11.219.6
3521,583,1649336445.793760000,10.11.219.6
3522,-66,1649336445.794887000,35.186.254.217
3523,583,1649336445.795541000,10.11.219.6
3524,-1434,1649336445.796203000,35.186.254.217
3525,66,1649336445.796212000,10.11.219.6
3526,-749,1649336445.796222000,35.186.254.217
3527,78,1649336445.796225000,10.11.219.6
3528,-66,1649336445.797177000,23.205.97.4
3529,-1434,1649336445.797182000,35.186.254.217
3530,66,1649336445.797186000,10.11.219.6
3531,583,1649336445.797445000,10.11.219.6
3532,74,1649336445.797654000,10.11.219.6
3533,-2802,1649336445.798633000,23.205.97.4
3534,66,1649336445.798641000,10.11.219.6
3535,-1426,1649336445.798650000,23.205.97.4
3536,66,1649336445.798655000,10.11.219.6
3537,-74,1649336445.798659000,35.213.12.39
3538,66,1649336445.798671000,10.11.219.6
3539,-66,1649336445.798675000,142.250.76.130
3540,-66,1649336445.801450000,23.64.8.218
3541,-74,1649336445.801462000,23.64.9.146
3542,66,1649336445.801478000,10.11.219.6
3543,-74,1649336445.801493000,18.178.52.42
3544,66,1649336445.801500000,10.11.219.6
3545,74,1649336445.801506000,10.11.219.6
3546,-2802,1649336445.802704000,23.64.8.218
3547,66,1649336445.802711000,10.11.219.6
3548,-1392,1649336445.802720000,23.64.8.218
3549,66,1649336445.802724000,10.11.219.6
3550,-74,1649336445.802727000,52.196.185.138
3551,66,1649336445.802736000,10.11.219.6
3552,583,1649336445.803535000,10.11.219.6
3553,583,1649336445.807761000,10.11.219.6
3554,583,1649336445.809670000,10.11.219.6
3555,-454,1649336445.810437000,23.205.97.4
3556,66,1649336445.810447000,10.11.219.6
3557,-66,1649336445.812532000,23.64.9.146
3558,192,1649336445.813109000,10.11.219.6
3559,-74,1649336445.813629000,104.244.42.195
3560,66,1649336445.813642000,10.11.219.6
3561,583,1649336445.814822000,10.11.219.6
3562,-66,1649336445.815728000,23.205.97.4
3563,-340,1649336445.815737000,23.205.97.4
3564,66,1649336445.815744000,10.11.219.6
3565,74,1649336445.815931000,10.11.219.6
3566,-66,1649336445.818356000,35.213.12.39
3567,-2802,1649336445.818365000,35.213.12.39
3568,66,1649336445.818371000,10.11.219.6
3569,-1426,1649336445.818381000,35.213.12.39
3570,66,1649336445.818385000,10.11.219.6
3571,-963,1649336445.818387000,35.213.12.39
3572,66,1649336445.818390000,10.11.219.6
3573,583,1649336445.818576000,10.11.219.6
3574,159,1649336445.821151000,10.11.219.6
3575,-66,1649336445.821255000,18.178.52.42
3576,74,1649336445.821297000,10.11.219.6
3577,-2802,1649336445.822559000,18.178.52.42
3578,66,1649336445.822569000,10.11.219.6
3579,146,1649336445.824108000,10.11.219.6
3580,-1309,1649336445.824696000,18.178.52.42
3581,66,1649336445.824716000,10.11.219.6
3582,-66,1649336445.826604000,23.64.8.218
3583,-353,1649336445.831228000,23.64.8.218
3584,66,1649336445.831236000,10.11.219.6
3585,-353,1649336445.831249000,23.64.8.218
3586,66,1649336445.831252000,10.11.219.6
3587,-66,1649336445.831256000,52.196.185.138
3588,-2802,1649336445.831261000,23.64.9.146
3589,66,1649336445.831264000,10.11.219.6
3590,-1159,1649336445.831273000,23.64.9.146
3591,66,1649336445.831277000,10.11.219.6
3592,-5190,1649336445.831281000,52.196.185.138
3593,66,1649336445.831285000,10.11.219.6
3594,-66,1649336445.831294000,104.244.42.195
3595,-2762,1649336445.834317000,104.244.42.195
3596,66,1649336445.834323000,10.11.219.6
3597,-811,1649336445.834330000,104.244.42.195
3598,66,1649336445.834333000,10.11.219.6
3599,-66,1649336445.835240000,35.213.12.39
3600,-74,1649336445.835245000,52.196.216.91
3601,66,1649336445.835254000,10.11.219.6
3602,-340,1649336445.835261000,35.213.12.39
3603,66,1649336445.835263000,10.11.219.6
3604,-2802,1649336445.838660000,142.250.76.130
3605,66,1649336445.838673000,10.11.219.6
3606,-495,1649336445.838686000,142.250.76.130
3607,78,1649336445.838690000,10.11.219.6
3608,-1434,1649336445.838692000,142.250.76.130
3609,66,1649336445.838695000,10.11.219.6
3610,-639,1649336445.861222000,209.54.176.128
3611,-54,1649336445.862170000,209.54.176.128
3612,530,1649336445.865319000,10.11.219.6
3613,-54,1649336445.865363000,209.54.176.128
3614,-6001,1649336445.868759000,209.54.176.128
3615,54,1649336445.868770000,10.11.219.6
3616,-66,1649336445.868780000,23.64.8.218
3617,192,1649336445.868963000,10.11.219.6
3618,192,1649336445.875294000,10.11.219.6
3619,-66,1649336445.878196000,23.64.9.146
3620,-340,1649336445.882550000,52.196.185.138
3621,66,1649336445.882563000,10.11.219.6
3622,-135,1649336445.882576000,52.196.185.138
3623,66,1649336445.882578000,10.11.219.6
3624,-74,1649336445.885148000,69.173.158.64
3625,66,1649336445.885171000,10.11.219.6
3626,-324,1649336445.892486000,23.64.9.146
3627,66,1649336445.892500000,10.11.219.6
3628,54,1649336445.905499000,10.11.219.6
3629,180,1649336445.913469000,10.11.219.6
3630,576,1649336445.913504000,10.11.219.6
3631,-66,1649336445.915969000,23.205.97.4
3632,583,1649336445.917009000,10.11.219.6
3633,583,1649336445.923715000,10.11.219.6
3634,74,1649336445.927035000,10.11.219.6
3635,74,1649336445.927152000,10.11.219.6
3636,74,1649336445.927322000,10.11.219.6
3637,74,1649336445.927447000,10.11.219.6
3638,74,1649336445.927551000,10.11.219.6
3639,74,1649336445.929630000,10.11.219.6
3640,74,1649336445.929736000,10.11.219.6
3641,-74,1649336445.929919000,35.227.202.26
3642,66,1649336445.929926000,10.11.219.6
3643,74,1649336445.930509000,10.11.219.6
3644,-66,1649336445.932060000,52.196.216.91
3645,-74,1649336445.932070000,34.98.64.218
3646,66,1649336445.932083000,10.11.219.6
3647,-1434,1649336445.934196000,52.196.216.91
3648,66,1649336445.934204000,10.11.219.6
3649,-326,1649336445.934211000,52.196.216.91
3650,78,1649336445.934215000,10.11.219.6
3651,-74,1649336445.934218000,23.205.97.4
3652,66,1649336445.934228000,10.11.219.6
3653,-2802,1649336445.934238000,52.196.216.91
3654,66,1649336445.934242000,10.11.219.6
3655,583,1649336445.934478000,10.11.219.6
3656,-66,1649336445.938571000,35.227.202.26
3657,192,1649336445.938809000,10.11.219.6
3658,-1434,1649336445.940768000,35.227.202.26
3659,66,1649336445.940777000,10.11.219.6
3660,-956,1649336445.940787000,35.227.202.26
3661,78,1649336445.940792000,10.11.219.6
3662,-1434,1649336445.940796000,35.227.202.26
3663,66,1649336445.940801000,10.11.219.6
3664,583,1649336445.941420000,10.11.219.6
3665,74,1649336445.941616000,10.11.219.6
3666,583,1649336445.945882000,10.11.219.6
3667,-66,1649336445.946674000,34.98.64.218
3668,-1434,1649336445.946703000,34.98.64.218
3669,66,1649336445.946706000,10.11.219.6
3670,-641,1649336445.946710000,34.98.64.218
3671,78,1649336445.946713000,10.11.219.6
3672,-1434,1649336445.947345000,34.98.64.218
3673,66,1649336445.947355000,10.11.219.6
3674,-66,1649336445.949208000,23.205.97.4
3675,-2802,1649336445.950517000,23.205.97.4
3676,66,1649336445.950521000,10.11.219.6
3677,-1426,1649336445.951425000,23.205.97.4
3678,66,1649336445.951429000,10.11.219.6
3679,-117,1649336445.954610000,52.196.216.91
3680,66,1649336445.954618000,10.11.219.6
3681,-454,1649336445.954624000,23.205.97.4
3682,66,1649336445.954627000,10.11.219.6
3683,-74,1649336445.954628000,103.231.99.80
3684,66,1649336445.954637000,10.11.219.6
3685,-74,1649336445.959958000,34.194.219.222
3686,66,1649336445.959979000,10.11.219.6
3687,243,1649336445.986661000,10.11.219.6
3688,353,1649336445.986685000,10.11.219.6
3689,-74,1649336445.987692000,119.9.108.191
3690,66,1649336445.987709000,10.11.219.6
3691,192,1649336445.990518000,10.11.219.6
3692,104,1649336445.991991000,10.11.219.6
3693,-66,1649336445.993064000,23.205.97.4
3694,-340,1649336445.994164000,23.205.97.4
3695,66,1649336445.994177000,10.11.219.6
3696,583,1649336445.995078000,10.11.219.6
3697,583,1649336445.997251000,10.11.219.6
3698,-98,1649336445.997511000,69.173.158.64
3699,78,1649336445.997522000,10.11.219.6
3700,-1434,1649336445.997528000,69.173.158.64
3701,66,1649336445.997531000,10.11.219.6
3702,-1430,1649336445.997533000,69.173.158.64
3703,66,1649336445.997535000,10.11.219.6
3704,-720,1649336445.997537000,69.173.158.64
3705,66,1649336445.997539000,10.11.219.6
3706,-70,1649336445.997540000,103.71.26.125
3707,66,1649336445.997552000,10.11.219.6
3708,-743,1649336445.999523000,23.64.8.218
3709,66,1649336445.999534000,10.11.219.6
3710,-66,1649336445.999544000,52.196.185.138
3711,-104,1649336445.999549000,52.196.185.138
3712,66,1649336445.999551000,10.11.219.6
3713,216,1649336446.000996000,10.11.219.6
3714,-413,1649336446.001644000,52.196.185.138
3715,66,1649336446.001654000,10.11.219.6
3716,583,1649336446.002977000,10.11.219.6
3717,74,1649336446.003359000,10.11.219.6
3718,74,1649336446.003538000,10.11.219.6
3719,74,1649336446.003736000,10.11.219.6
3720,74,1649336446.003870000,10.11.219.6
3721,583,1649336446.007944000,10.11.219.6
3722,-74,1649336446.008090000,103.43.90.53
3723,66,1649336446.008119000,10.11.219.6
3724,-74,1649336446.008132000,54.179.165.252
3725,66,1649336446.008141000,10.11.219.6
3726,-66,1649336446.009140000,103.231.99.80
3727,-2802,1649336446.012561000,103.231.99.80
3728,66,1649336446.012582000,10.11.219.6
3729,-333,1649336446.012603000,103.231.99.80
3730,78,1649336446.012615000,10.11.219.6
3731,-1434,1649336446.012622000,103.231.99.80
3732,66,1649336446.012626000,10.11.219.6
3733,-74,1649336446.014654000,54.150.10.110
3734,66,1649336446.014827000,10.11.219.6
3735,583,1649336446.015228000,10.11.219.6
3736,-74,1649336446.015857000,31.13.82.36
3737,66,1649336446.015900000,10.11.219.6
3738,-74,1649336446.016609000,52.193.171.41
3739,66,1649336446.016632000,10.11.219.6
3740,583,1649336446.019466000,10.11.219.6
3741,74,1649336446.019747000,10.11.219.6
3742,-66,1649336446.023054000,13.224.246.7
3743,-74,1649336446.023067000,142.250.76.130
3744,66,1649336446.023086000,10.11.219.6
3745,-1434,1649336446.025245000,103.231.99.80
3746,78,1649336446.025260000,10.11.219.6
3747,192,1649336446.030853000,10.11.219.6
3748,505,1649336446.033031000,10.11.219.6
3749,171,1649336446.033278000,10.11.219.6
3750,583,1649336446.036765000,10.11.219.6
3751,583,1649336446.039499000,10.11.219.6
3752,-66,1649336446.042743000,103.231.99.80
3753,-72,1649336446.042781000,103.231.99.80
3754,66,1649336446.042804000,10.11.219.6
3755,-111,1649336446.042839000,103.231.99.80
3756,66,1649336446.042845000,10.11.219.6
3757,-122,1649336446.042855000,103.231.99.80
3758,66,1649336446.042860000,10.11.219.6
3759,583,1649336446.043144000,10.11.219.6
3760,-66,1649336446.045742000,52.196.185.138
3761,-219,1649336446.047911000,52.196.185.138
3762,66,1649336446.047927000,10.11.219.6
3763,-3527,1649336446.051251000,54.150.10.110
3764,66,1649336446.051275000,10.11.219.6
3765,-66,1649336446.052150000,52.193.171.41
3766,-1434,1649336446.055086000,52.193.171.41
3767,66,1649336446.055101000,10.11.219.6
3768,-1322,1649336446.055119000,52.193.171.41
3769,78,1649336446.055124000,10.11.219.6
3770,-66,1649336446.057247000,31.13.82.36
3771,-2802,1649336446.057254000,52.193.171.41
3772,66,1649336446.057261000,10.11.219.6
3773,-2802,1649336446.058168000,31.13.82.36
3774,66,1649336446.058174000,10.11.219.6
3775,-763,1649336446.058182000,31.13.82.36
3776,66,1649336446.058186000,10.11.219.6
3777,-1434,1649336446.062376000,119.9.108.191
3778,66,1649336446.062398000,10.11.219.6
3779,-1434,1649336446.063438000,119.9.108.191
3780,66,1649336446.063447000,10.11.219.6
3781,-307,1649336446.063454000,119.9.108.191
3782,66,1649336446.063457000,10.11.219.6
3783,-1186,1649336446.066881000,23.205.97.4
3784,66,1649336446.066898000,10.11.219.6
3785,-141,1649336446.072178000,69.173.158.64
3786,66,1649336446.072204000,10.11.219.6
3787,-66,1649336446.076451000,103.71.26.125
3788,-1434,1649336446.082145000,103.71.26.125
3789,66,1649336446.082159000,10.11.219.6
3790,-615,1649336446.082173000,103.71.26.125
3791,78,1649336446.082178000,10.11.219.6
3792,-1434,1649336446.082181000,103.71.26.125
3793,66,1649336446.082184000,10.11.219.6
3794,-74,1649336446.082933000,69.173.158.64
3795,66,1649336446.082949000,10.11.219.6
3796,-105,1649336446.085044000,209.54.176.128
3797,54,1649336446.085053000,10.11.219.6
3798,464,1649336446.091965000,10.11.219.6
3799,-66,1649336446.094656000,23.64.9.146
3800,-66,1649336446.094665000,103.43.90.53
3801,-2642,1649336446.095885000,103.43.90.53
3802,66,1649336446.095892000,10.11.219.6
3803,-233,1649336446.095903000,103.43.90.53
3804,66,1649336446.095907000,10.11.219.6
3805,192,1649336446.097527000,10.11.219.6
3806,-74,1649336446.100022000,34.226.104.236
3807,66,1649336446.100039000,10.11.219.6
3808,192,1649336446.107353000,10.11.219.6
3809,-66,1649336446.110108000,54.179.165.252
3810,192,1649336446.112959000,10.11.219.6
3811,-2802,1649336446.115729000,54.179.165.252
3812,66,1649336446.115743000,10.11.219.6
3813,-1386,1649336446.116661000,54.179.165.252
3814,78,1649336446.116668000,10.11.219.6
3815,-1434,1649336446.116674000,54.179.165.252
3816,66,1649336446.116677000,10.11.219.6
3817,-117,1649336446.117575000,54.150.10.110
3818,66,1649336446.117582000,10.11.219.6
3819,583,1649336446.121497000,10.11.219.6
3820,74,1649336446.121677000,10.11.219.6
3821,-66,1649336446.124992000,142.250.76.130
3822,-74,1649336446.125002000,142.250.207.98
3823,66,1649336446.125015000,10.11.219.6
3824,-324,1649336446.125025000,52.193.171.41
3825,66,1649336446.125029000,10.11.219.6
3826,-135,1649336446.125032000,52.193.171.41
3827,66,1649336446.125034000,10.11.219.6
3828,192,1649336446.128163000,10.11.219.6
3829,159,1649336446.132190000,10.11.219.6
3830,583,1649336446.135322000,10.11.219.6
3831,583,1649336446.138791000,10.11.219.6
3832,583,1649336446.142400000,10.11.219.6
3833,74,1649336446.142658000,10.11.219.6
3834,146,1649336446.146138000,10.11.219.6
3835,-66,1649336446.147348000,142.250.207.98
3836,236,1649336446.147873000,10.11.219.6
3837,369,1649336446.147899000,10.11.219.6
3838,130,1649336446.150142000,10.11.219.6
3839,-646,1649336446.152926000,35.186.254.217
3840,66,1649336446.152942000,10.11.219.6
3841,-74,1649336446.153977000,103.231.99.243
3842,66,1649336446.153994000,10.11.219.6
3843,-369,1649336446.158291000,18.178.52.42
3844,66,1649336446.158301000,10.11.219.6
3845,-369,1649336446.158309000,18.178.52.42
3846,66,1649336446.158311000,10.11.219.6
3847,-109,1649336446.158313000,18.178.52.42
3848,66,1649336446.158314000,10.11.219.6
3849,-66,1649336446.160403000,18.178.52.42
3850,-97,1649336446.160418000,18.178.52.42
3851,66,1649336446.160422000,10.11.219.6
3852,-550,1649336446.164895000,18.178.52.42
3853,66,1649336446.164906000,10.11.219.6
3854,-1434,1649336446.164918000,142.250.76.130
3855,66,1649336446.164921000,10.11.219.6
3856,-3231,1649336446.165946000,142.250.76.130
3857,66,1649336446.165953000,10.11.219.6
3858,-66,1649336446.165959000,34.194.219.222
3859,-66,1649336446.165964000,103.71.26.125
3860,-117,1649336446.165966000,103.71.26.125
3861,66,1649336446.165968000,10.11.219.6
3862,-4170,1649336446.169268000,34.194.219.222
3863,66,1649336446.169274000,10.11.219.6
3864,-166,1649336446.169280000,34.194.219.222
3865,78,1649336446.169283000,10.11.219.6
3866,-1434,1649336446.169285000,34.194.219.222
3867,66,1649336446.169287000,10.11.219.6
3868,-2802,1649336446.186529000,142.250.207.98
3869,66,1649336446.186545000,10.11.219.6
3870,-498,1649336446.186560000,142.250.207.98
3871,78,1649336446.186565000,10.11.219.6
3872,-1434,1649336446.186568000,142.250.207.98
3873,66,1649336446.186571000,10.11.219.6
3874,580,1649336446.208038000,10.11.219.6
3875,236,1649336446.208672000,10.11.219.6
3876,403,1649336446.208701000,10.11.219.6
3877,-66,1649336446.208794000,103.43.90.53
3878,-340,1649336446.208808000,103.43.90.53
3879,66,1649336446.208817000,10.11.219.6
3880,-324,1649336446.208829000,54.179.165.252
3881,66,1649336446.208837000,10.11.219.6
3882,-135,1649336446.208843000,54.179.165.252
3883,66,1649336446.208847000,10.11.219.6
3884,97,1649336446.209727000,10.11.219.6
3885,-639,1649336446.212171000,209.54.176.128
3886,54,1649336446.212199000,10.11.219.6
3887,-66,1649336446.212220000,23.205.97.4
3888,-97,1649336446.212233000,35.186.254.217
3889,66,1649336446.212246000,10.11.219.6
3890,-66,1649336446.216470000,35.186.254.217
3891,192,1649336446.216492000,10.11.219.6
3892,-98,1649336446.219040000,69.173.158.64
3893,78,1649336446.219055000,10.11.219.6
3894,-1434,1649336446.219068000,69.173.158.64
3895,66,1649336446.219073000,10.11.219.6
3896,-1430,1649336446.219077000,69.173.158.64
3897,66,1649336446.219080000,10.11.219.6
3898,-720,1649336446.219083000,69.173.158.64
3899,66,1649336446.219085000,10.11.219.6
3900,130,1649336446.221828000,10.11.219.6
3901,186,1649336446.222237000,10.11.219.6
3902,97,1649336446.222356000,10.11.219.6
3903,130,1649336446.222690000,10.11.219.6
3904,236,1649336446.224173000,10.11.219.6
3905,431,1649336446.224205000,10.11.219.6
3906,-442,1649336446.224426000,35.186.254.217
3907,66,1649336446.224438000,10.11.219.6
3908,-674,1649336446.225361000,142.250.76.130
3909,66,1649336446.225379000,10.11.219.6
3910,216,1649336446.227847000,10.11.219.6
3911,583,1649336446.229664000,10.11.219.6
3912,-66,1649336446.230700000,35.186.254.217
3913,-66,1649336446.233954000,104.244.42.195
3914,-66,1649336446.237445000,18.178.52.42
3915,-66,1649336446.237449000,104.244.42.195
3916,-66,1649336446.237452000,104.244.42.195
3917,-593,1649336446.237453000,104.244.42.195
3918,66,1649336446.237463000,10.11.219.6
3919,-66,1649336446.241605000,103.231.99.243
3920,-354,1649336446.241610000,18.178.52.42
3921,66,1649336446.241613000,10.11.219.6
3922,-2802,1649336446.244028000,103.231.99.243
3923,66,1649336446.244033000,10.11.219.6
3924,-333,1649336446.244039000,103.231.99.243
3925,78,1649336446.244043000,10.11.219.6
3926,-1434,1649336446.244045000,103.231.99.243
3927,66,1649336446.244047000,10.11.219.6
3928,-1434,1649336446.255810000,103.231.99.243
3929,78,1649336446.255822000,10.11.219.6
3930,-676,1649336446.258899000,23.205.97.4
3931,66,1649336446.258913000,10.11.219.6
3932,-787,1649336446.273011000,23.64.9.146
3933,66,1649336446.273025000,10.11.219.6
3934,97,1649336446.282227000,10.11.219.6
3935,105,1649336446.283217000,10.11.219.6
3936,236,1649336446.283781000,10.11.219.6
3937,357,1649336446.283806000,10.11.219.6
3938,-66,1649336446.285914000,35.186.254.217
3939,-66,1649336446.286850000,142.250.76.130
3940,-97,1649336446.286860000,142.250.76.130
3941,66,1649336446.286868000,10.11.219.6
3942,192,1649336446.288512000,10.11.219.6
3943,214,1649336446.289842000,10.11.219.6
3944,97,1649336446.289962000,10.11.219.6
3945,506,1649336446.291319000,10.11.219.6
3946,562,1649336446.292285000,10.11.219.6
3947,-66,1649336446.293323000,35.186.254.217
3948,545,1649336446.293359000,10.11.219.6
3949,-66,1649336446.294496000,104.244.42.195
3950,-66,1649336446.295630000,23.205.97.4
3951,105,1649336446.297548000,10.11.219.6
3952,105,1649336446.297676000,10.11.219.6
3953,-66,1649336446.297690000,142.250.76.130
3954,112,1649336446.297759000,10.11.219.6
3955,112,1649336446.297794000,10.11.219.6
3956,105,1649336446.297851000,10.11.219.6
3957,112,1649336446.297870000,10.11.219.6
3958,105,1649336446.297889000,10.11.219.6
3959,112,1649336446.297911000,10.11.219.6
3960,105,1649336446.298055000,10.11.219.6
3961,105,1649336446.298070000,10.11.219.6
3962,112,1649336446.298142000,10.11.219.6
3963,105,1649336446.298172000,10.11.219.6
3964,97,1649336446.298288000,10.11.219.6
3965,66,1649336446.298296000,10.11.219.6
3966,90,1649336446.298405000,10.11.219.6
3967,66,1649336446.298413000,10.11.219.6
3968,97,1649336446.298544000,10.11.219.6
3969,66,1649336446.298558000,10.11.219.6
3970,90,1649336446.298680000,10.11.219.6
3971,66,1649336446.298694000,10.11.219.6
3972,90,1649336446.298831000,10.11.219.6
3973,66,1649336446.298842000,10.11.219.6
3974,85,1649336446.299000000,10.11.219.6
3975,54,1649336446.299016000,10.11.219.6
3976,85,1649336446.299180000,10.11.219.6
3977,54,1649336446.299190000,10.11.219.6
3978,85,1649336446.299310000,10.11.219.6
3979,54,1649336446.299319000,10.11.219.6
3980,85,1649336446.299665000,10.11.219.6
3981,54,1649336446.299679000,10.11.219.6
3982,85,1649336446.299942000,10.11.219.6
3983,54,1649336446.299957000,10.11.219.6
3984,-66,1649336446.300070000,103.231.99.243
3985,90,1649336446.300138000,10.11.219.6
3986,66,1649336446.300153000,10.11.219.6
3987,85,1649336446.300313000,10.11.219.6
3988,54,1649336446.300324000,10.11.219.6
3989,85,1649336446.300459000,10.11.219.6
3990,54,1649336446.300472000,10.11.219.6
3991,85,1649336446.300611000,10.11.219.6
3992,54,1649336446.300626000,10.11.219.6
3993,-66,1649336446.300730000,18.65.156.177
3994,-117,1649336446.300738000,103.231.99.243
3995,66,1649336446.300744000,10.11.219.6
3996,-122,1649336446.300751000,103.231.99.243
3997,66,1649336446.300754000,10.11.219.6
3998,-66,1649336446.300757000,18.65.110.227
3999,-66,1649336446.300760000,18.65.116.40
4000,-66,1649336446.300763000,23.64.9.146
4001,-66,1649336446.300768000,18.65.148.123
4002,-66,1649336446.300770000,23.205.97.4
4003,85,1649336446.300909000,10.11.219.6
4004,54,1649336446.300923000,10.11.219.6
4005,107,1649336446.301079000,10.11.219.6
4006,54,1649336446.301310000,10.11.219.6
4007,85,1649336446.301579000,10.11.219.6
4008,54,1649336446.301595000,10.11.219.6
4009,85,1649336446.301789000,10.11.219.6
4010,54,1649336446.301800000,10.11.219.6
4011,85,1649336446.301894000,10.11.219.6
4012,54,1649336446.301902000,10.11.219.6
4013,85,1649336446.302028000,10.11.219.6
4014,54,1649336446.302039000,10.11.219.6
4015,85,1649336446.302324000,10.11.219.6
4016,54,1649336446.302339000,10.11.219.6
4017,85,1649336446.302479000,10.11.219.6
4018,54,1649336446.302492000,10.11.219.6
4019,-66,1649336446.302536000,23.64.8.218
4020,-66,1649336446.302546000,18.65.116.37
4021,90,1649336446.302796000,10.11.219.6
4022,66,1649336446.302812000,10.11.219.6
4023,85,1649336446.303045000,10.11.219.6
4024,54,1649336446.303060000,10.11.219.6
4025,85,1649336446.303241000,10.11.219.6
4026,54,1649336446.303256000,10.11.219.6
4027,-66,1649336446.303406000,18.65.106.62
4028,-66,1649336446.303416000,18.65.106.62
4029,66,1649336446.303420000,10.11.219.6
4030,97,1649336446.303691000,10.11.219.6
4031,66,1649336446.303702000,10.11.219.6
4032,-191,1649336446.304320000,35.186.254.217
4033,66,1649336446.304330000,10.11.219.6
4034,130,1649336446.304931000,10.11.219.6
4035,90,1649336446.305274000,10.11.219.6
4036,66,1649336446.305288000,10.11.219.6
4037,-90,1649336446.305462000,23.64.8.218
4038,54,1649336446.305482000,10.11.219.6
4039,-66,1649336446.305493000,23.64.8.218
4040,54,1649336446.305499000,10.11.219.6
4041,97,1649336446.305524000,10.11.219.6
4042,66,1649336446.305533000,10.11.219.6
4043,90,1649336446.305829000,10.11.219.6
4044,66,1649336446.305839000,10.11.219.6
4045,97,1649336446.305971000,10.11.219.6
4046,66,1649336446.305979000,10.11.219.6
4047,97,1649336446.306087000,10.11.219.6
4048,66,1649336446.306094000,10.11.219.6
4049,90,1649336446.306179000,10.11.219.6
4050,66,1649336446.306186000,10.11.219.6
4051,90,1649336446.306280000,10.11.219.6
4052,66,1649336446.306288000,10.11.219.6
4053,97,1649336446.306554000,10.11.219.6
4054,66,1649336446.306562000,10.11.219.6
4055,-66,1649336446.306722000,18.65.121.44
4056,-66,1649336446.306728000,18.65.121.44
4057,66,1649336446.306732000,10.11.219.6
4058,90,1649336446.306775000,10.11.219.6
4059,66,1649336446.306785000,10.11.219.6
4060,90,1649336446.306986000,10.11.219.6
4061,66,1649336446.306998000,10.11.219.6
4062,97,1649336446.307323000,10.11.219.6
4063,66,1649336446.307338000,10.11.219.6
4064,90,1649336446.307517000,10.11.219.6
4065,66,1649336446.307529000,10.11.219.6
4066,-97,1649336446.307665000,23.205.97.4
4067,54,1649336446.307674000,10.11.219.6
4068,-66,1649336446.307680000,18.65.116.87
4069,66,1649336446.307683000,10.11.219.6
4070,-66,1649336446.307687000,23.205.97.4
4071,54,1649336446.307690000,10.11.219.6
4072,105,1649336446.307923000,10.11.219.6
4073,-141,1649336446.308689000,69.173.158.64
4074,66,1649336446.308705000,10.11.219.6
4075,-66,1649336446.308715000,151.101.229.16
4076,-66,1649336446.308719000,151.101.229.16
4077,-66,1649336446.308722000,18.65.148.123
4078,90,1649336446.308908000,10.11.219.6
4079,66,1649336446.309014000,10.11.219.6
4080,573,1649336446.309352000,10.11.219.6
4081,236,1649336446.309506000,10.11.219.6
4082,402,1649336446.309527000,10.11.219.6
4083,-66,1649336446.309566000,18.65.116.37
4084,-66,1649336446.309577000,18.65.148.123
4085,66,1649336446.309583000,10.11.219.6
4086,-66,1649336446.309594000,18.65.116.37
4087,66,1649336446.309598000,10.11.219.6
4088,-646,1649336446.309604000,35.227.202.26
4089,66,1649336446.309609000,10.11.219.6
4090,-66,1649336446.309612000,18.65.156.177
4091,-66,1649336446.310810000,18.65.156.177
4092,66,1649336446.310831000,10.11.219.6
4093,-90,1649336446.310853000,18.178.52.42
4094,54,1649336446.310871000,10.11.219.6
4095,-66,1649336446.310884000,18.178.52.42
4096,54,1649336446.310891000,10.11.219.6
4097,-66,1649336446.310896000,18.65.110.227
4098,-66,1649336446.310902000,18.65.116.40
4099,97,1649336446.311443000,10.11.219.6
4100,-66,1649336446.311544000,18.65.110.227
4101,-66,1649336446.311561000,18.65.110.227
4102,66,1649336446.311573000,10.11.219.6
4103,-66,1649336446.311582000,18.65.116.40
4104,66,1649336446.311590000,10.11.219.6
4105,-66,1649336446.311597000,34.226.104.236
4106,-66,1649336446.311601000,35.186.254.217
4107,74,1649336446.312803000,10.11.219.6
4108,-66,1649336446.313159000,35.186.254.217
4109,66,1649336446.313171000,10.11.219.6
4110,-3622,1649336446.313187000,34.226.104.236
4111,66,1649336446.313197000,10.11.219.6
4112,-66,1649336446.313202000,35.186.254.217
4113,-66,1649336446.314318000,35.227.202.26
4114,-97,1649336446.314331000,35.227.202.26
4115,66,1649336446.314338000,10.11.219.6
4116,192,1649336446.317223000,10.11.219.6
4117,-66,1649336446.318193000,54.250.105.172
4118,-66,1649336446.318205000,151.101.229.16
4119,-66,1649336446.318208000,54.250.105.172
4120,66,1649336446.318214000,10.11.219.6
4121,-90,1649336446.318219000,151.101.229.16
4122,54,1649336446.318223000,10.11.219.6
4123,-66,1649336446.318226000,151.101.229.16
4124,54,1649336446.318228000,10.11.219.6
4125,-66,1649336446.318837000,151.101.229.16
4126,-66,1649336446.318840000,151.101.229.16
4127,-66,1649336446.318844000,151.101.229.16
4128,54,1649336446.318847000,10.11.219.6
4129,-90,1649336446.318851000,151.101.229.16
4130,54,1649336446.318852000,10.11.219.6
4131,-66,1649336446.318855000,151.101.229.16
4132,54,1649336446.318856000,10.11.219.6
4133,-66,1649336446.319741000,52.196.185.138
4134,-66,1649336446.319746000,52.196.185.138
4135,66,1649336446.319751000,10.11.219.6
4136,-66,1649336446.319758000,35.227.202.26
4137,130,1649336446.324018000,10.11.219.6
4138,236,1649336446.324838000,10.11.219.6
4139,412,1649336446.324860000,10.11.219.6
4140,535,1649336446.325968000,10.11.219.6
4141,-924,1649336446.326202000,52.196.216.91
4142,66,1649336446.326212000,10.11.219.6
4143,97,1649336446.327264000,10.11.219.6
4144,66,1649336446.327295000,10.11.219.6
4145,-646,1649336446.328318000,34.98.64.218
4146,66,1649336446.328333000,10.11.219.6
4147,-97,1649336446.328343000,34.98.64.218
4148,66,1649336446.328350000,10.11.219.6
4149,-718,1649336446.328351000,142.250.76.130
4150,66,1649336446.328354000,10.11.219.6
4151,97,1649336446.329162000,10.11.219.6
4152,-397,1649336446.329357000,142.250.76.130
4153,66,1649336446.329370000,10.11.219.6
4154,-97,1649336446.329381000,142.250.76.130
4155,66,1649336446.329384000,10.11.219.6
4156,-105,1649336446.329386000,142.250.76.130
4157,66,1649336446.329388000,10.11.219.6
4158,105,1649336446.331484000,10.11.219.6
4159,-66,1649336446.332686000,34.98.64.218
4160,-97,1649336446.338007000,23.64.9.146
4161,54,1649336446.338023000,10.11.219.6
4162,-66,1649336446.338038000,142.250.76.130
4163,-66,1649336446.338041000,23.64.9.146
4164,54,1649336446.338045000,10.11.219.6
4165,-97,1649336446.340336000,52.196.216.91
4166,54,1649336446.340349000,10.11.219.6
4167,-66,1649336446.340360000,52.196.216.91
4168,54,1649336446.340363000,10.11.219.6
4169,-1120,1649336446.342515000,23.205.97.4
4170,66,1649336446.342525000,10.11.219.6
4171,-444,1649336446.350061000,104.244.42.195
4172,66,1649336446.350076000,10.11.219.6
4173,-658,1649336446.355495000,35.227.202.26
4174,66,1649336446.355513000,10.11.219.6
4175,-474,1649336446.371743000,34.98.64.218
4176,66,1649336446.371774000,10.11.219.6
4177,90,1649336446.372930000,10.11.219.6
4178,66,1649336446.372963000,10.11.219.6
4179,105,1649336446.373552000,10.11.219.6
4180,243,1649336446.373702000,10.11.219.6
4181,470,1649336446.373729000,10.11.219.6
4182,105,1649336446.373948000,10.11.219.6
4183,550,1649336446.373980000,10.11.219.6
4184,105,1649336446.374164000,10.11.219.6
4185,-66,1649336446.375175000,142.250.76.130
4186,-66,1649336446.375185000,142.250.76.130
4187,66,1649336446.375189000,10.11.219.6
4188,-66,1649336446.375195000,142.250.76.130
4189,-66,1649336446.376235000,35.227.202.26
4190,-66,1649336446.382675000,34.98.64.218
4191,-66,1649336446.384825000,103.231.99.80
4192,-104,1649336446.385990000,103.231.99.80
4193,66,1649336446.386010000,10.11.219.6
4194,-66,1649336446.386030000,104.244.42.195
4195,-603,1649336446.386037000,103.231.99.80
4196,66,1649336446.386040000,10.11.219.6
4197,-117,1649336446.386978000,34.194.219.222
4198,66,1649336446.387001000,10.11.219.6
4199,-135,1649336446.387015000,34.194.219.222
4200,66,1649336446.387018000,10.11.219.6
4201,-104,1649336446.387021000,103.231.99.80
4202,66,1649336446.387025000,10.11.219.6
4203,90,1649336446.393689000,10.11.219.6
4204,66,1649336446.393732000,10.11.219.6
4205,90,1649336446.395443000,10.11.219.6
4206,66,1649336446.395476000,10.11.219.6
4207,90,1649336446.395617000,10.11.219.6
4208,66,1649336446.395635000,10.11.219.6
4209,97,1649336446.395763000,10.11.219.6
4210,66,1649336446.395777000,10.11.219.6
4211,104,1649336446.395943000,10.11.219.6
4212,112,1649336446.397264000,10.11.219.6
4213,-66,1649336446.397381000,34.98.64.218
4214,-66,1649336446.397395000,34.98.64.218
4215,-66,1649336446.397421000,34.98.64.218
4216,66,1649336446.397437000,10.11.219.6
4217,97,1649336446.397783000,10.11.219.6
4218,66,1649336446.397808000,10.11.219.6
4219,-66,1649336446.398810000,35.227.202.26
4220,-903,1649336446.398826000,69.173.158.64
4221,66,1649336446.398839000,10.11.219.6
4222,-66,1649336446.398853000,35.227.202.26
4223,66,1649336446.398861000,10.11.219.6
4224,-66,1649336446.398873000,23.205.97.4
4225,-97,1649336446.398879000,23.205.97.4
4226,54,1649336446.398894000,10.11.219.6
4227,-66,1649336446.398906000,23.205.97.4
4228,54,1649336446.398912000,10.11.219.6
4229,119,1649336446.405822000,10.11.219.6
4230,66,1649336446.405859000,10.11.219.6
4231,74,1649336446.406342000,10.11.219.6
4232,74,1649336446.406428000,10.11.219.6
4233,74,1649336446.406496000,10.11.219.6
4234,-66,1649336446.407364000,104.244.42.195
4235,-90,1649336446.407377000,104.244.42.195
4236,54,1649336446.407394000,10.11.219.6
4237,-66,1649336446.407412000,103.231.99.80
4238,-66,1649336446.407417000,104.244.42.195
4239,54,1649336446.407423000,10.11.219.6
4240,-66,1649336446.407427000,104.244.42.195
4241,54,1649336446.407430000,10.11.219.6
4242,-66,1649336446.408338000,103.231.99.80
4243,-66,1649336446.409495000,103.231.99.80
4244,-66,1649336446.409500000,103.231.99.80
4245,-66,1649336446.409513000,103.231.99.80
4246,66,1649336446.409522000,10.11.219.6
4247,-74,1649336446.420176000,52.196.216.91
4248,66,1649336446.420213000,10.11.219.6
4249,-54,1649336446.422287000,52.119.169.237
4250,583,1649336446.422300000,10.11.219.6
4251,54,1649336446.422316000,10.11.219.6
4252,-54,1649336446.424581000,52.94.215.169
4253,54,1649336446.424603000,10.11.219.6
4254,-54,1649336446.424624000,52.94.215.169
4255,-54,1649336446.424643000,54.240.250.157
4256,54,1649336446.424649000,10.11.219.6
4257,-54,1649336446.425748000,52.94.184.56
4258,54,1649336446.425767000,10.11.219.6
4259,74,1649336446.426336000,10.11.219.6
4260,-54,1649336446.428261000,52.94.184.56
4261,-54,1649336446.428295000,52.94.184.56
4262,54,1649336446.428313000,10.11.219.6
4263,-54,1649336446.428333000,52.94.184.56
4264,54,1649336446.428345000,10.11.219.6
4265,-54,1649336446.429275000,54.240.250.157
4266,54,1649336446.429299000,10.11.219.6
4267,-54,1649336446.430759000,54.240.250.157
4268,-54,1649336446.430774000,54.240.250.157
4269,54,1649336446.430787000,10.11.219.6
4270,-54,1649336446.431455000,52.119.174.17
4271,54,1649336446.431464000,10.11.219.6
4272,-54,1649336446.431467000,52.119.174.17
4273,-66,1649336446.436038000,52.196.216.91
4274,-54,1649336446.437121000,52.94.215.169
4275,54,1649336446.437141000,10.11.219.6
4276,-326,1649336446.439021000,52.196.216.91
4277,78,1649336446.439045000,10.11.219.6
4278,-54,1649336446.439064000,52.94.184.56
4279,54,1649336446.439076000,10.11.219.6
4280,-54,1649336446.439086000,52.94.184.56
4281,54,1649336446.439092000,10.11.219.6
4282,-54,1649336446.439096000,52.94.215.169
4283,54,1649336446.439102000,10.11.219.6
4284,-54,1649336446.439107000,52.94.184.56
4285,-54,1649336446.439118000,52.94.184.56
4286,54,1649336446.439130000,10.11.219.6
4287,-4170,1649336446.439136000,52.196.216.91
4288,66,1649336446.439144000,10.11.219.6
4289,-54,1649336446.440653000,52.94.215.169
4290,-54,1649336446.440680000,52.94.215.169
4291,54,1649336446.440697000,10.11.219.6
4292,-54,1649336446.443764000,52.94.215.169
4293,-54,1649336446.443787000,52.94.215.169
4294,54,1649336446.443802000,10.11.219.6
4295,-66,1649336446.445064000,103.71.26.125
4296,-66,1649336446.445076000,44.239.9.60
4297,-66,1649336446.445081000,44.239.9.60
4298,-66,1649336446.445092000,44.239.9.60
4299,66,1649336446.445107000,10.11.219.6
4300,192,1649336446.446117000,10.11.219.6
4301,-54,1649336446.446708000,52.94.215.169
4302,-54,1649336446.446740000,52.94.215.169
4303,54,1649336446.446756000,10.11.219.6
4304,-766,1649336446.446768000,103.71.26.125
4305,66,1649336446.446775000,10.11.219.6
4306,-66,1649336446.446779000,54.201.166.50
4307,-66,1649336446.446785000,54.201.166.50
4308,66,1649336446.446789000,10.11.219.6
4309,97,1649336446.447613000,10.11.219.6
4310,66,1649336446.447633000,10.11.219.6
4311,243,1649336446.454947000,10.11.219.6
4312,343,1649336446.454983000,10.11.219.6
4313,-117,1649336446.461639000,52.196.216.91
4314,66,1649336446.461658000,10.11.219.6
4315,-66,1649336446.465938000,54.150.10.110
4316,-119,1649336446.465948000,54.150.10.110
4317,66,1649336446.465953000,10.11.219.6
4318,-936,1649336446.465972000,54.150.10.110
4319,66,1649336446.465978000,10.11.219.6
4320,104,1649336446.467233000,10.11.219.6
4321,112,1649336446.467530000,10.11.219.6
4322,97,1649336446.467824000,10.11.219.6
4323,66,1649336446.467839000,10.11.219.6
4324,-639,1649336446.469130000,209.54.176.128
4325,54,1649336446.469154000,10.11.219.6
4326,85,1649336446.469547000,10.11.219.6
4327,54,1649336446.469568000,10.11.219.6
4328,-639,1649336446.470496000,209.54.176.128
4329,54,1649336446.470519000,10.11.219.6
4330,85,1649336446.470847000,10.11.219.6
4331,54,1649336446.470869000,10.11.219.6
4332,-66,1649336446.474444000,69.173.158.64
4333,-66,1649336446.474465000,69.173.158.64
4334,66,1649336446.474479000,10.11.219.6
4335,-107,1649336446.476560000,52.94.234.174
4336,54,1649336446.476574000,10.11.219.6
4337,-54,1649336446.476584000,52.94.234.174
4338,54,1649336446.476587000,10.11.219.6
4339,-66,1649336446.479790000,54.150.10.110
4340,-66,1649336446.479804000,54.150.10.110
4341,66,1649336446.479812000,10.11.219.6
4342,-54,1649336446.479833000,54.150.10.110
4343,-54,1649336446.483063000,54.150.10.110
4344,-66,1649336446.485137000,209.54.176.128
4345,54,1649336446.485163000,10.11.219.6
4346,130,1649336446.488123000,10.11.219.6
4347,-324,1649336446.490640000,34.226.104.236
4348,66,1649336446.490649000,10.11.219.6
4349,-135,1649336446.490654000,34.226.104.236
4350,66,1649336446.490657000,10.11.219.6
4351,571,1649336446.505847000,10.11.219.6
4352,-66,1649336446.516375000,103.71.26.125
4353,-66,1649336446.516434000,103.71.26.125
4354,-66,1649336446.516480000,103.71.26.125
4355,66,1649336446.516545000,10.11.219.6
4356,-66,1649336446.529025000,52.94.184.56
4357,54,1649336446.529054000,10.11.219.6
4358,-66,1649336446.545136000,52.94.184.56
4359,54,1649336446.545160000,10.11.219.6
4360,-145,1649336446.546174000,119.9.108.191
4361,66,1649336446.546192000,10.11.219.6
4362,-145,1649336446.546205000,119.9.108.191
4363,66,1649336446.546211000,10.11.219.6
4364,-66,1649336446.551270000,13.224.246.7
4365,-66,1649336446.551323000,13.224.246.7
4366,-66,1649336446.551333000,13.224.246.7
4367,66,1649336446.551369000,10.11.219.6
4368,-66,1649336446.551441000,13.224.246.7
4369,66,1649336446.551459000,10.11.219.6
4370,-74,1649336446.561657000,54.201.166.50
4371,66,1649336446.561682000,10.11.219.6
4372,539,1649336446.591472000,10.11.219.6
4373,130,1649336446.592517000,10.11.219.6
4374,583,1649336446.602688000,10.11.219.6
4375,-66,1649336446.603377000,31.13.82.36
4376,-237,1649336446.604474000,31.13.82.36
4377,66,1649336446.604486000,10.11.219.6
4378,-146,1649336446.604501000,31.13.82.36
4379,66,1649336446.604505000,10.11.219.6
4380,571,1649336446.607328000,10.11.219.6
4381,571,1649336446.612037000,10.11.219.6
4382,531,1649336446.612651000,10.11.219.6
4383,236,1649336446.612815000,10.11.219.6
4384,473,1649336446.612841000,10.11.219.6
4385,-66,1649336446.623751000,31.13.82.36
4386,-66,1649336446.623780000,31.13.82.36
4387,-110,1649336446.624809000,31.13.82.36
4388,66,1649336446.624825000,10.11.219.6
4389,-66,1649336446.624846000,35.213.12.39
4390,-923,1649336446.626998000,35.213.12.39
4391,66,1649336446.627023000,10.11.219.6
4392,-54,1649336446.639760000,209.54.176.128
4393,54,1649336446.639795000,10.11.219.6
4394,-54,1649336446.642968000,209.54.176.128
4395,-54,1649336446.643004000,209.54.176.128
4396,54,1649336446.643024000,10.11.219.6
4397,97,1649336446.645395000,10.11.219.6
4398,74,1649336446.645708000,10.11.219.6
4399,-74,1649336446.649777000,18.65.110.227
4400,66,1649336446.649815000,10.11.219.6
4401,-54,1649336446.651532000,52.94.184.56
4402,97,1649336446.651891000,10.11.219.6
4403,66,1649336446.651914000,10.11.219.6
4404,-710,1649336446.653640000,119.9.108.191
4405,66,1649336446.653664000,10.11.219.6
4406,-54,1649336446.657922000,209.54.176.128
4407,-66,1649336446.664359000,35.213.12.39
4408,66,1649336446.664381000,10.11.219.6
4409,583,1649336446.667366000,10.11.219.6
4410,-66,1649336446.670778000,18.65.110.227
4411,-4170,1649336446.673221000,18.65.110.227
4412,66,1649336446.673238000,10.11.219.6
4413,-1217,1649336446.673261000,18.65.110.227
4414,66,1649336446.673265000,10.11.219.6
4415,90,1649336446.679102000,10.11.219.6
4416,66,1649336446.679150000,10.11.219.6
4417,-54,1649336446.679318000,209.54.176.128
4418,-2774,1649336446.683925000,209.54.176.128
4419,54,1649336446.683944000,10.11.219.6
4420,-3281,1649336446.684850000,209.54.176.128
4421,54,1649336446.684868000,10.11.219.6
4422,-54,1649336446.684886000,52.94.184.56
4423,501,1649336446.687332000,10.11.219.6
4424,180,1649336446.693428000,10.11.219.6
4425,243,1649336446.693596000,10.11.219.6
4426,349,1649336446.693618000,10.11.219.6
4427,-66,1649336446.696435000,31.13.82.36
4428,104,1649336446.701587000,10.11.219.6
4429,66,1649336446.702885000,10.11.219.6
4430,74,1649336446.705541000,10.11.219.6
4431,-66,1649336446.706070000,18.65.110.227
4432,66,1649336446.706085000,10.11.219.6
4433,-66,1649336446.706099000,52.193.171.41
4434,-104,1649336446.706104000,52.193.171.41
4435,66,1649336446.706108000,10.11.219.6
4436,-696,1649336446.707180000,52.193.171.41
4437,66,1649336446.707200000,10.11.219.6
4438,112,1649336446.707757000,10.11.219.6
4439,97,1649336446.707815000,10.11.219.6
4440,487,1649336446.709846000,10.11.219.6
4441,74,1649336446.711764000,10.11.219.6
4442,74,1649336446.711850000,10.11.219.6
4443,74,1649336446.711915000,10.11.219.6
4444,74,1649336446.712187000,10.11.219.6
4445,130,1649336446.713054000,10.11.219.6
4446,236,1649336446.714137000,10.11.219.6
4447,362,1649336446.714165000,10.11.219.6
4448,-74,1649336446.714702000,23.205.97.4
4449,66,1649336446.714727000,10.11.219.6
4450,-74,1649336446.719006000,34.98.64.218
4451,66,1649336446.719033000,10.11.219.6
4452,-66,1649336446.719049000,142.250.76.130
4453,-674,1649336446.719054000,142.250.76.130
4454,66,1649336446.719058000,10.11.219.6
4455,-97,1649336446.719062000,142.250.76.130
4456,66,1649336446.719068000,10.11.219.6
4457,583,1649336446.720163000,10.11.219.6
4458,-66,1649336446.721083000,52.193.171.41
4459,-66,1649336446.721096000,52.193.171.41
4460,66,1649336446.721106000,10.11.219.6
4461,97,1649336446.722117000,10.11.219.6
4462,243,1649336446.722259000,10.11.219.6
4463,407,1649336446.722281000,10.11.219.6
4464,-66,1649336446.723209000,23.205.97.4
4465,74,1649336446.723650000,10.11.219.6
4466,104,1649336446.723794000,10.11.219.6
4467,583,1649336446.727266000,10.11.219.6
4468,-2802,1649336446.727763000,23.205.97.4
4469,66,1649336446.727771000,10.11.219.6
4470,-1426,1649336446.727780000,23.205.97.4
4471,66,1649336446.727784000,10.11.219.6
4472,-74,1649336446.727786000,142.250.76.130
4473,66,1649336446.727794000,10.11.219.6
4474,101,1649336446.728158000,10.11.219.6
4475,105,1649336446.728197000,10.11.219.6
4476,101,1649336446.728225000,10.11.219.6
4477,-66,1649336446.729916000,142.250.76.130
4478,-54,1649336446.730872000,52.94.184.56
4479,-66,1649336446.730880000,142.250.76.130
4480,-66,1649336446.730882000,34.98.64.218
4481,-6079,1649336446.732144000,52.94.184.56
4482,54,1649336446.732167000,10.11.219.6
4483,105,1649336446.732445000,10.11.219.6
4484,108,1649336446.732611000,10.11.219.6
4485,112,1649336446.732648000,10.11.219.6
4486,66,1649336446.733018000,10.11.219.6
4487,66,1649336446.733091000,10.11.219.6
4488,-1434,1649336446.733237000,34.98.64.218
4489,66,1649336446.733245000,10.11.219.6
4490,-641,1649336446.733251000,34.98.64.218
4491,78,1649336446.733256000,10.11.219.6
4492,-1434,1649336446.733259000,34.98.64.218
4493,66,1649336446.733262000,10.11.219.6
4494,66,1649336446.733323000,10.11.219.6
4495,66,1649336446.733529000,10.11.219.6
4496,66,1649336446.733697000,10.11.219.6
4497,54,1649336446.734041000,10.11.219.6
4498,-66,1649336446.734198000,103.231.99.243
4499,-104,1649336446.734213000,103.231.99.243
4500,66,1649336446.734218000,10.11.219.6
4501,-407,1649336446.734224000,103.231.99.243
4502,66,1649336446.734227000,10.11.219.6
4503,66,1649336446.734269000,10.11.219.6
4504,119,1649336446.734404000,10.11.219.6
4505,66,1649336446.734417000,10.11.219.6
4506,97,1649336446.734928000,10.11.219.6
4507,66,1649336446.734939000,10.11.219.6
4508,-454,1649336446.735652000,23.205.97.4
4509,66,1649336446.735663000,10.11.219.6
4510,-66,1649336446.735672000,142.250.76.130
4511,-66,1649336446.735677000,103.231.99.243
4512,-66,1649336446.736326000,142.250.76.130
4513,66,1649336446.736340000,10.11.219.6
4514,-66,1649336446.737424000,142.250.207.98
4515,66,1649336446.737441000,10.11.219.6
4516,-66,1649336446.737464000,54.201.166.50
4517,-90,1649336446.738483000,119.9.108.191
4518,54,1649336446.738499000,10.11.219.6
4519,-66,1649336446.738513000,119.9.108.191
4520,54,1649336446.738521000,10.11.219.6
4521,-66,1649336446.739673000,31.13.82.36
4522,-66,1649336446.739680000,31.13.82.36
4523,-105,1649336446.739683000,31.13.82.36
4524,66,1649336446.739689000,10.11.219.6
4525,-66,1649336446.739699000,31.13.82.36
4526,-2802,1649336446.740585000,54.201.166.50
4527,66,1649336446.740592000,10.11.219.6
4528,192,1649336446.742148000,10.11.219.6
4529,-1407,1649336446.745141000,54.201.166.50
4530,78,1649336446.745160000,10.11.219.6
4531,-66,1649336446.745179000,103.231.99.243
4532,-112,1649336446.745187000,103.231.99.243
4533,66,1649336446.745191000,10.11.219.6
4534,-66,1649336446.745195000,103.231.99.243
4535,-66,1649336446.745198000,23.205.97.4
4536,-1434,1649336446.745202000,54.201.166.50
4537,66,1649336446.745205000,10.11.219.6
4538,-97,1649336446.746960000,52.196.216.91
4539,54,1649336446.746991000,10.11.219.6
4540,-66,1649336446.747012000,52.196.216.91
4541,54,1649336446.747024000,10.11.219.6
4542,-340,1649336446.747039000,23.205.97.4
4543,66,1649336446.747049000,10.11.219.6
4544,180,1649336446.749246000,10.11.219.6
4545,97,1649336446.749293000,10.11.219.6
4546,66,1649336446.749312000,10.11.219.6
4547,-54,1649336446.750323000,52.94.184.56
4548,90,1649336446.750797000,10.11.219.6
4549,66,1649336446.750812000,10.11.219.6
4550,90,1649336446.750982000,10.11.219.6
4551,66,1649336446.750998000,10.11.219.6
4552,-5494,1649336446.752691000,52.94.184.56
4553,54,1649336446.752707000,10.11.219.6
4554,-639,1649336446.753260000,52.94.184.56
4555,54,1649336446.753267000,10.11.219.6
4556,-66,1649336446.753841000,142.250.76.130
4557,-66,1649336446.753848000,142.250.76.130
4558,66,1649336446.753852000,10.11.219.6
4559,-66,1649336446.753857000,142.250.76.130
4560,192,1649336446.756951000,10.11.219.6
4561,-54,1649336446.761606000,31.13.82.36
4562,-66,1649336446.761634000,103.43.90.53
4563,-1045,1649336446.762830000,103.43.90.53
4564,54,1649336446.762858000,10.11.219.6
4565,180,1649336446.763797000,10.11.219.6
4566,74,1649336446.765070000,10.11.219.6
4567,74,1649336446.765138000,10.11.219.6
4568,-74,1649336446.777644000,54.150.10.110
4569,66,1649336446.777667000,10.11.219.6
4570,583,1649336446.781631000,10.11.219.6
4571,66,1649336446.786070000,10.11.219.6
4572,66,1649336446.786112000,10.11.219.6
4573,54,1649336446.786367000,10.11.219.6
4574,66,1649336446.786484000,10.11.219.6
4575,66,1649336446.786757000,10.11.219.6
4576,54,1649336446.786812000,10.11.219.6
4577,-66,1649336446.789477000,34.98.64.218
4578,66,1649336446.789481000,10.11.219.6
4579,-887,1649336446.792663000,69.173.158.64
4580,54,1649336446.792684000,10.11.219.6
4581,-97,1649336446.793716000,23.205.97.4
4582,54,1649336446.793723000,10.11.219.6
4583,-66,1649336446.793730000,23.205.97.4
4584,54,1649336446.793734000,10.11.219.6
4585,-1434,1649336446.796073000,54.150.10.110
4586,54,1649336446.796097000,10.11.219.6
4587,-791,1649336446.796121000,54.150.10.110
4588,54,1649336446.796127000,10.11.219.6
4589,-1434,1649336446.796131000,54.150.10.110
4590,54,1649336446.796134000,10.11.219.6
4591,-105,1649336446.865611000,209.54.176.128
4592,54,1649336446.865633000,10.11.219.6
4593,-105,1649336446.872028000,52.94.184.56
4594,54,1649336446.872045000,10.11.219.6
4595,-66,1649336446.879519000,209.54.176.128
4596,54,1649336446.879526000,10.11.219.6
4597,-66,1649336446.880541000,209.54.176.128
4598,54,1649336446.880548000,10.11.219.6
4599,-66,1649336446.882684000,209.54.176.128
4600,54,1649336446.882697000,10.11.219.6
4601,-66,1649336446.888028000,52.94.184.56
4602,54,1649336446.888038000,10.11.219.6
4603,-324,1649336446.892339000,54.201.166.50
4604,54,1649336446.892355000,10.11.219.6
4605,-135,1649336446.892365000,54.201.166.50
4606,54,1649336446.892369000,10.11.219.6
4607,-105,1649336446.901937000,52.94.184.56
4608,54,1649336446.901952000,10.11.219.6
