index,size,time,ip
0,-66,1649298573.457889000,18.65.110.227
1,-128,1649298573.458957000,18.65.110.227
2,66,1649298573.458977000,10.11.219.6
3,236,1649298573.493095000,10.11.219.6
4,503,1649298573.493168000,10.11.219.6
5,97,1649298573.494342000,10.11.219.6
6,74,1649298573.495068000,10.11.219.6
7,130,1649298573.495401000,10.11.219.6
8,499,1649298573.495514000,10.11.219.6
9,-66,1649298573.496480000,18.65.110.227
10,-66,1649298573.496490000,18.65.110.227
11,-97,1649298573.496493000,18.65.110.227
12,66,1649298573.496498000,10.11.219.6
13,-66,1649298573.497527000,18.65.110.227
14,-66,1649298573.498675000,18.65.123.10
15,-74,1649298573.498677000,18.65.116.115
16,66,1649298573.498689000,10.11.219.6
17,-66,1649298573.498695000,18.65.123.10
18,-610,1649298573.498697000,18.65.123.10
19,66,1649298573.498699000,10.11.219.6
20,-90,1649298573.498701000,18.65.123.10
21,90,1649298573.498875000,10.11.219.6
22,66,1649298573.498892000,10.11.219.6
23,583,1649298573.499018000,10.11.219.6
24,74,1649298573.500298000,10.11.219.6
25,-54,1649298573.502064000,18.65.123.10
26,-66,1649298573.502082000,18.65.116.115
27,-213,1649298573.503219000,18.65.116.115
28,66,1649298573.503228000,10.11.219.6
29,-74,1649298573.503252000,18.65.123.10
30,66,1649298573.503263000,10.11.219.6
31,117,1649298573.503620000,10.11.219.6
32,538,1649298573.503769000,10.11.219.6
33,-66,1649298573.506325000,18.65.116.115
34,-66,1649298573.506341000,18.65.116.115
35,583,1649298573.507661000,10.11.219.6
36,-1060,1649298573.507741000,18.65.116.115
37,66,1649298573.507757000,10.11.219.6
38,-66,1649298573.510911000,18.65.123.10
39,-2802,1649298573.512131000,18.65.123.10
40,66,1649298573.512146000,10.11.219.6
41,561,1649298573.512655000,10.11.219.6
42,-1328,1649298573.513358000,18.65.123.10
43,66,1649298573.513368000,10.11.219.6
44,-66,1649298573.515337000,18.65.116.115
45,130,1649298573.515850000,10.11.219.6
46,500,1649298573.515996000,10.11.219.6
47,-83,1649298573.516540000,18.65.116.115
48,78,1649298573.516548000,10.11.219.6
49,-1434,1649298573.516557000,18.65.116.115
50,66,1649298573.516564000,10.11.219.6
51,-66,1649298573.518538000,18.65.123.10
52,-66,1649298573.519682000,18.65.123.10
53,-609,1649298573.519693000,18.65.123.10
54,66,1649298573.519702000,10.11.219.6
55,-90,1649298573.519719000,18.65.123.10
56,90,1649298573.519993000,10.11.219.6
57,66,1649298573.520023000,10.11.219.6
58,74,1649298573.521920000,10.11.219.6
59,-54,1649298573.522754000,18.65.123.10
60,-74,1649298573.524893000,18.65.123.10
61,66,1649298573.524926000,10.11.219.6
62,583,1649298573.529265000,10.11.219.6
63,-66,1649298573.532710000,18.65.123.10
64,-2802,1649298573.532719000,18.65.123.10
65,66,1649298573.532726000,10.11.219.6
66,-1328,1649298573.533645000,18.65.123.10
67,66,1649298573.533656000,10.11.219.6
68,130,1649298573.536588000,10.11.219.6
69,494,1649298573.536785000,10.11.219.6
70,-66,1649298573.540080000,18.65.123.10
71,-66,1649298573.540096000,18.65.123.10
72,-5538,1649298573.541681000,18.65.123.10
73,66,1649298573.541702000,10.11.219.6
74,-366,1649298573.541720000,18.65.123.10
75,78,1649298573.541726000,10.11.219.6
76,-1434,1649298573.541730000,18.65.123.10
77,66,1649298573.541735000,10.11.219.6
78,-90,1649298573.541738000,18.65.123.10
79,90,1649298573.541986000,10.11.219.6
80,66,1649298573.542011000,10.11.219.6
81,-54,1649298573.544523000,18.65.123.10
82,74,1649298573.574169000,10.11.219.6
83,-74,1649298573.577576000,18.65.123.10
84,66,1649298573.577600000,10.11.219.6
85,583,1649298573.579512000,10.11.219.6
86,-97,1649298573.581891000,34.209.200.8
87,54,1649298573.581913000,10.11.219.6
88,-66,1649298573.581933000,34.209.200.8
89,54,1649298573.581939000,10.11.219.6
90,-66,1649298573.583395000,18.65.123.10
91,-2802,1649298573.583404000,18.65.123.10
92,66,1649298573.583411000,10.11.219.6
93,-1328,1649298573.584324000,18.65.123.10
94,66,1649298573.584340000,10.11.219.6
95,130,1649298573.588150000,10.11.219.6
96,495,1649298573.588306000,10.11.219.6
97,-66,1649298573.590784000,18.65.123.10
98,-66,1649298573.590796000,18.65.123.10
99,-642,1649298573.591910000,18.65.123.10
100,66,1649298573.591922000,10.11.219.6
101,90,1649298573.592273000,10.11.219.6
102,66,1649298573.592316000,10.11.219.6
103,-90,1649298573.592885000,18.65.123.10
104,54,1649298573.592907000,10.11.219.6
105,74,1649298573.594378000,10.11.219.6
106,-74,1649298573.598412000,18.65.123.10
107,66,1649298573.598437000,10.11.219.6
108,583,1649298573.602589000,10.11.219.6
109,-66,1649298573.605683000,18.65.123.10
110,-2802,1649298573.607219000,18.65.123.10
111,66,1649298573.607233000,10.11.219.6
112,-1328,1649298573.608415000,18.65.123.10
113,66,1649298573.608429000,10.11.219.6
114,130,1649298573.611379000,10.11.219.6
115,500,1649298573.611553000,10.11.219.6
116,-66,1649298573.613794000,18.65.123.10
117,-66,1649298573.615114000,18.65.123.10
118,-1434,1649298573.616339000,18.65.123.10
119,66,1649298573.616356000,10.11.219.6
120,-15104,1649298573.618538000,18.65.123.10
121,66,1649298573.618574000,10.11.219.6
122,-1434,1649298573.618605000,18.65.123.10
123,66,1649298573.618615000,10.11.219.6
124,-8274,1649298573.618674000,18.65.123.10
125,66,1649298573.618690000,10.11.219.6
126,-5538,1649298573.620344000,18.65.123.10
127,66,1649298573.620366000,10.11.219.6
128,-6906,1649298573.620398000,18.65.123.10
129,66,1649298573.620404000,10.11.219.6
130,-2802,1649298573.622029000,18.65.123.10
131,66,1649298573.622066000,10.11.219.6
132,-13746,1649298573.625663000,18.65.123.10
133,66,1649298573.625682000,10.11.219.6
134,-13746,1649298573.625799000,18.65.123.10
135,66,1649298573.625823000,10.11.219.6
136,-2802,1649298573.625855000,18.65.123.10
137,66,1649298573.625862000,10.11.219.6
138,-1434,1649298573.627485000,18.65.123.10
139,66,1649298573.627494000,10.11.219.6
140,-210,1649298573.627511000,18.65.123.10
141,78,1649298573.627517000,10.11.219.6
142,-1434,1649298573.627523000,18.65.123.10
143,66,1649298573.627530000,10.11.219.6
144,90,1649298573.627800000,10.11.219.6
145,66,1649298573.627832000,10.11.219.6
146,74,1649298573.629753000,10.11.219.6
147,-54,1649298573.630408000,18.65.123.10
148,-74,1649298573.632509000,18.65.123.10
149,66,1649298573.632532000,10.11.219.6
150,583,1649298573.635710000,10.11.219.6
151,-66,1649298573.638812000,18.65.123.10
152,-2802,1649298573.640073000,18.65.123.10
153,66,1649298573.640091000,10.11.219.6
154,-1328,1649298573.641015000,18.65.123.10
155,66,1649298573.641027000,10.11.219.6
156,130,1649298573.644390000,10.11.219.6
157,501,1649298573.644550000,10.11.219.6
158,-66,1649298573.647799000,18.65.123.10
159,-66,1649298573.647817000,18.65.123.10
160,-675,1649298573.647823000,18.65.123.10
161,66,1649298573.647836000,10.11.219.6
162,90,1649298573.648240000,10.11.219.6
163,66,1649298573.648276000,10.11.219.6
164,-90,1649298573.648793000,18.65.123.10
165,54,1649298573.648820000,10.11.219.6
166,74,1649298573.650292000,10.11.219.6
167,-74,1649298573.653215000,18.65.123.10
168,66,1649298573.653235000,10.11.219.6
169,583,1649298573.656798000,10.11.219.6
170,-66,1649298573.659716000,18.65.123.10
171,-2802,1649298573.661029000,18.65.123.10
172,66,1649298573.661039000,10.11.219.6
173,-1328,1649298573.661973000,18.65.123.10
174,66,1649298573.661984000,10.11.219.6
175,130,1649298573.664969000,10.11.219.6
176,508,1649298573.665130000,10.11.219.6
177,-66,1649298573.667384000,18.65.123.10
178,-66,1649298573.668757000,18.65.123.10
179,-4102,1649298573.668762000,18.65.123.10
180,66,1649298573.668772000,10.11.219.6
181,-90,1649298573.668794000,18.65.123.10
182,90,1649298573.669194000,10.11.219.6
183,66,1649298573.669225000,10.11.219.6
184,74,1649298573.671591000,10.11.219.6
185,-54,1649298573.671812000,18.65.123.10
186,-74,1649298573.674991000,18.65.123.10
187,66,1649298573.675027000,10.11.219.6
188,583,1649298573.679353000,10.11.219.6
189,-66,1649298573.682548000,18.65.123.10
190,-2802,1649298573.683863000,18.65.123.10
191,66,1649298573.683876000,10.11.219.6
192,-1328,1649298573.684774000,18.65.123.10
193,66,1649298573.684783000,10.11.219.6
194,130,1649298573.687313000,10.11.219.6
195,506,1649298573.687453000,10.11.219.6
196,-66,1649298573.690162000,18.65.123.10
197,-66,1649298573.690179000,18.65.123.10
198,-1434,1649298573.690868000,18.65.123.10
199,66,1649298573.690902000,10.11.219.6
200,-86,1649298573.690949000,18.65.123.10
201,78,1649298573.690956000,10.11.219.6
202,-1434,1649298573.690961000,18.65.123.10
203,66,1649298573.690970000,10.11.219.6
204,-90,1649298573.690976000,18.65.123.10
205,90,1649298573.691908000,10.11.219.6
206,66,1649298573.691987000,10.11.219.6
207,-54,1649298573.694569000,18.65.123.10
208,74,1649298573.696157000,10.11.219.6
209,-74,1649298573.699051000,18.65.123.10
210,66,1649298573.699074000,10.11.219.6
211,-1172,1649298573.701079000,18.65.110.227
212,66,1649298573.701086000,10.11.219.6
213,-2802,1649298573.701095000,18.65.110.227
214,66,1649298573.701098000,10.11.219.6
215,-764,1649298573.701101000,18.65.110.227
216,78,1649298573.701105000,10.11.219.6
217,583,1649298573.702097000,10.11.219.6
218,-1434,1649298573.702292000,18.65.110.227
219,66,1649298573.702306000,10.11.219.6
220,-66,1649298573.705355000,18.65.123.10
221,-2802,1649298573.706645000,18.65.123.10
222,66,1649298573.706664000,10.11.219.6
223,-1328,1649298573.707576000,18.65.123.10
224,66,1649298573.707597000,10.11.219.6
225,130,1649298573.712462000,10.11.219.6
226,518,1649298573.712875000,10.11.219.6
227,-66,1649298573.715026000,18.65.123.10
228,-66,1649298573.716422000,18.65.123.10
229,-996,1649298573.716438000,18.65.123.10
230,66,1649298573.716452000,10.11.219.6
231,-90,1649298573.716475000,18.65.123.10
232,90,1649298573.716720000,10.11.219.6
233,66,1649298573.716769000,10.11.219.6
234,-54,1649298573.720462000,18.65.123.10
235,74,1649298573.722878000,10.11.219.6
236,-74,1649298573.725702000,18.65.123.10
237,66,1649298573.725739000,10.11.219.6
238,583,1649298573.728682000,10.11.219.6
239,-66,1649298573.733269000,18.65.123.10
240,-2802,1649298573.733280000,18.65.123.10
241,66,1649298573.733288000,10.11.219.6
242,-1328,1649298573.734440000,18.65.123.10
243,66,1649298573.734466000,10.11.219.6
244,130,1649298573.737519000,10.11.219.6
245,518,1649298573.737708000,10.11.219.6
246,-66,1649298573.740735000,18.65.123.10
247,-66,1649298573.740748000,18.65.123.10
248,-675,1649298573.740751000,18.65.123.10
249,66,1649298573.740759000,10.11.219.6
250,90,1649298573.741004000,10.11.219.6
251,66,1649298573.741022000,10.11.219.6
252,-90,1649298573.741742000,18.65.123.10
253,54,1649298573.741764000,10.11.219.6
254,-2802,1649298573.747619000,18.65.110.227
255,66,1649298573.747643000,10.11.219.6
256,-2802,1649298573.747687000,18.65.110.227
257,66,1649298573.747692000,10.11.219.6
258,-127,1649298573.747695000,18.65.110.227
259,78,1649298573.747699000,10.11.219.6
260,-1434,1649298573.747702000,18.65.110.227
261,66,1649298573.747705000,10.11.219.6
262,74,1649298573.777460000,10.11.219.6
263,-74,1649298573.780301000,18.65.123.10
264,66,1649298573.780330000,10.11.219.6
265,583,1649298573.782301000,10.11.219.6
266,-66,1649298573.785935000,18.65.123.10
267,-2802,1649298573.785947000,18.65.123.10
268,66,1649298573.785961000,10.11.219.6
269,547,1649298573.786547000,10.11.219.6
270,74,1649298573.786719000,10.11.219.6
271,74,1649298573.786807000,10.11.219.6
272,-1328,1649298573.786825000,18.65.123.10
273,66,1649298573.786832000,10.11.219.6
274,74,1649298573.786867000,10.11.219.6
275,74,1649298573.787325000,10.11.219.6
276,74,1649298573.787380000,10.11.219.6
277,130,1649298573.789095000,10.11.219.6
278,517,1649298573.789290000,10.11.219.6
279,-66,1649298573.790102000,18.65.116.115
280,-74,1649298573.790115000,18.65.144.204
281,66,1649298573.790139000,10.11.219.6
282,-74,1649298573.790158000,18.65.144.204
283,66,1649298573.790168000,10.11.219.6
284,-74,1649298573.790174000,18.65.144.204
285,66,1649298573.790179000,10.11.219.6
286,-1068,1649298573.790184000,18.65.116.115
287,66,1649298573.790189000,10.11.219.6
288,-74,1649298573.790193000,18.65.144.204
289,66,1649298573.790198000,10.11.219.6
290,-74,1649298573.791011000,18.65.144.204
291,66,1649298573.791038000,10.11.219.6
292,-66,1649298573.792207000,18.65.123.10
293,-66,1649298573.792315000,18.65.123.10
294,-772,1649298573.793259000,18.65.123.10
295,66,1649298573.793332000,10.11.219.6
296,-90,1649298573.793368000,18.65.123.10
297,583,1649298573.794828000,10.11.219.6
298,-66,1649298573.797463000,18.65.144.204
299,583,1649298573.798216000,10.11.219.6
300,-4170,1649298573.800004000,18.65.144.204
301,66,1649298573.800018000,10.11.219.6
302,-1177,1649298573.800032000,18.65.144.204
303,66,1649298573.800035000,10.11.219.6
304,583,1649298573.800100000,10.11.219.6
305,583,1649298573.801888000,10.11.219.6
306,-66,1649298573.801912000,18.65.144.204
307,-2802,1649298573.801922000,18.65.144.204
308,66,1649298573.801925000,10.11.219.6
309,570,1649298573.802139000,10.11.219.6
310,90,1649298573.802195000,10.11.219.6
311,66,1649298573.802205000,10.11.219.6
312,-1434,1649298573.802908000,18.65.144.204
313,66,1649298573.802915000,10.11.219.6
314,-66,1649298573.802923000,18.65.144.204
315,-1177,1649298573.804275000,18.65.144.204
316,66,1649298573.804285000,10.11.219.6
317,-4170,1649298573.804296000,18.65.144.204
318,66,1649298573.804300000,10.11.219.6
319,-66,1649298573.805017000,18.65.144.204
320,-1177,1649298573.805022000,18.65.144.204
321,66,1649298573.805026000,10.11.219.6
322,-54,1649298573.805031000,18.65.123.10
323,583,1649298573.805069000,10.11.219.6
324,-4170,1649298573.806512000,18.65.144.204
325,66,1649298573.806532000,10.11.219.6
326,-468,1649298573.806559000,18.65.116.115
327,78,1649298573.806567000,10.11.219.6
328,-1434,1649298573.806581000,18.65.116.115
329,66,1649298573.806584000,10.11.219.6
330,-1177,1649298573.807216000,18.65.144.204
331,66,1649298573.807268000,10.11.219.6
332,-66,1649298573.808820000,18.65.144.204
333,-4170,1649298573.808885000,18.65.144.204
334,66,1649298573.808922000,10.11.219.6
335,-1177,1649298573.810604000,18.65.144.204
336,66,1649298573.810635000,10.11.219.6
337,130,1649298573.818739000,10.11.219.6
338,130,1649298573.820315000,10.11.219.6
339,236,1649298573.821237000,10.11.219.6
340,897,1649298573.821263000,10.11.219.6
341,-66,1649298573.821492000,18.65.144.204
342,-128,1649298573.821502000,18.65.144.204
343,66,1649298573.821509000,10.11.219.6
344,97,1649298573.822717000,10.11.219.6
345,-66,1649298573.822956000,18.65.144.204
346,-128,1649298573.822966000,18.65.144.204
347,66,1649298573.822972000,10.11.219.6
348,130,1649298573.823109000,10.11.219.6
349,130,1649298573.823414000,10.11.219.6
350,236,1649298573.823739000,10.11.219.6
351,403,1649298573.823753000,10.11.219.6
352,130,1649298573.823998000,10.11.219.6
353,97,1649298573.824157000,10.11.219.6
354,443,1649298573.824447000,10.11.219.6
355,253,1649298573.824767000,10.11.219.6
356,253,1649298573.824869000,10.11.219.6
357,253,1649298573.824890000,10.11.219.6
358,-66,1649298573.824960000,18.65.144.204
359,-97,1649298573.824973000,18.65.144.204
360,66,1649298573.824977000,10.11.219.6
361,-66,1649298573.824982000,18.65.144.204
362,334,1649298573.825224000,10.11.219.6
363,169,1649298573.825325000,10.11.219.6
364,-66,1649298573.826263000,18.65.144.204
365,-66,1649298573.826282000,18.65.144.204
366,-8274,1649298573.826298000,18.65.144.204
367,66,1649298573.826341000,10.11.219.6
368,-2802,1649298573.829565000,18.65.144.204
369,66,1649298573.829574000,10.11.219.6
370,-5528,1649298573.829709000,18.65.144.204
371,66,1649298573.829712000,10.11.219.6
372,-128,1649298573.829718000,18.65.144.204
373,66,1649298573.829720000,10.11.219.6
374,-66,1649298573.829722000,18.65.144.204
375,-12063,1649298573.829727000,18.65.144.204
376,66,1649298573.829731000,10.11.219.6
377,-128,1649298573.829738000,18.65.144.204
378,66,1649298573.829739000,10.11.219.6
379,-66,1649298573.829741000,18.65.144.204
380,-66,1649298573.829744000,18.65.144.204
381,90,1649298573.830087000,10.11.219.6
382,66,1649298573.830109000,10.11.219.6
383,90,1649298573.830301000,10.11.219.6
384,66,1649298573.830320000,10.11.219.6
385,-97,1649298573.830803000,18.65.144.204
386,66,1649298573.830813000,10.11.219.6
387,-66,1649298573.830828000,18.65.144.204
388,-128,1649298573.830837000,18.65.144.204
389,66,1649298573.830841000,10.11.219.6
390,-6906,1649298573.830846000,18.65.144.204
391,66,1649298573.830852000,10.11.219.6
392,90,1649298573.830983000,10.11.219.6
393,66,1649298573.830999000,10.11.219.6
394,-2802,1649298573.833405000,18.65.144.204
395,66,1649298573.833420000,10.11.219.6
396,-4170,1649298573.833604000,18.65.144.204
397,66,1649298573.833608000,10.11.219.6
398,-535,1649298573.833617000,18.65.144.204
399,78,1649298573.833621000,10.11.219.6
400,-1434,1649298573.833623000,18.65.144.204
401,66,1649298573.833625000,10.11.219.6
402,-66,1649298573.833627000,18.65.144.204
403,-66,1649298573.833629000,18.65.144.204
404,-66,1649298573.833631000,18.65.144.204
405,-97,1649298573.833658000,18.65.144.204
406,54,1649298573.833668000,10.11.219.6
407,-97,1649298573.833678000,18.65.144.204
408,54,1649298573.833681000,10.11.219.6
409,-66,1649298573.833684000,18.65.144.204
410,-66,1649298573.833685000,18.65.144.204
411,-97,1649298573.833687000,18.65.144.204
412,54,1649298573.833689000,10.11.219.6
413,-66,1649298573.833692000,18.65.144.204
414,-16472,1649298573.833696000,18.65.144.204
415,66,1649298573.833715000,10.11.219.6
416,-5538,1649298573.835739000,18.65.144.204
417,66,1649298573.835754000,10.11.219.6
418,-1434,1649298573.835881000,18.65.144.204
419,-66,1649298573.835886000,18.65.144.204
420,-13746,1649298573.835891000,18.65.144.204
421,66,1649298573.835894000,10.11.219.6
422,-2802,1649298573.839041000,18.65.144.204
423,66,1649298573.839055000,10.11.219.6
424,-19218,1649298573.839233000,18.65.144.204
425,66,1649298573.839241000,10.11.219.6
426,-2802,1649298573.839260000,18.65.144.204
427,66,1649298573.839264000,10.11.219.6
428,-2802,1649298573.841249000,18.65.144.204
429,66,1649298573.841261000,10.11.219.6
430,-4170,1649298573.841392000,18.65.144.204
431,66,1649298573.841403000,10.11.219.6
432,-1341,1649298573.841412000,18.65.144.204
433,66,1649298573.841416000,10.11.219.6
434,-66,1649298573.841420000,18.65.144.204
435,54,1649298573.841431000,10.11.219.6
436,-66,1649298573.841435000,18.65.144.204
437,54,1649298573.841438000,10.11.219.6
438,-66,1649298573.841440000,18.65.144.204
439,54,1649298573.841442000,10.11.219.6
440,-66,1649298573.841444000,18.65.144.204
441,54,1649298573.841446000,10.11.219.6
442,-66,1649298573.841482000,18.65.144.204
443,54,1649298573.841486000,10.11.219.6
444,-2802,1649298573.841492000,18.65.144.204
445,66,1649298573.841495000,10.11.219.6
446,-66,1649298573.841498000,18.65.144.204
447,54,1649298573.841500000,10.11.219.6
448,-13746,1649298573.841504000,18.65.144.204
449,66,1649298573.841672000,10.11.219.6
450,-5538,1649298573.843195000,18.65.144.204
451,66,1649298573.843244000,10.11.219.6
452,-9642,1649298573.843310000,18.65.144.204
453,66,1649298573.843318000,10.11.219.6
454,-1434,1649298573.843339000,18.65.144.204
455,66,1649298573.843347000,10.11.219.6
456,-2802,1649298573.845461000,18.65.144.204
457,66,1649298573.845473000,10.11.219.6
458,-9642,1649298573.845601000,18.65.144.204
459,66,1649298573.845606000,10.11.219.6
460,-986,1649298573.845613000,18.65.144.204
461,78,1649298573.845617000,10.11.219.6
462,-1434,1649298573.845656000,18.65.144.204
463,66,1649298573.845661000,10.11.219.6
464,-9642,1649298573.845666000,18.65.144.204
465,66,1649298573.845669000,10.11.219.6
466,-1434,1649298573.846955000,18.65.144.204
467,66,1649298573.846969000,10.11.219.6
468,-650,1649298573.846987000,18.65.144.204
469,78,1649298573.846991000,10.11.219.6
470,-1434,1649298573.846993000,18.65.144.204
471,66,1649298573.846995000,10.11.219.6
472,-2666,1649298573.846997000,18.65.144.204
473,66,1649298573.846999000,10.11.219.6
474,-5538,1649298573.848031000,18.65.144.204
475,66,1649298573.848037000,10.11.219.6
476,-11010,1649298573.849753000,18.65.144.204
477,66,1649298573.849777000,10.11.219.6
478,-535,1649298573.849811000,18.65.144.204
479,78,1649298573.849818000,10.11.219.6
480,-1434,1649298573.849823000,18.65.144.204
481,66,1649298573.849827000,10.11.219.6
482,-517,1649298573.856570000,18.65.110.227
483,66,1649298573.856655000,10.11.219.6
484,-2713,1649298573.857701000,18.65.110.227
485,66,1649298573.857767000,10.11.219.6
486,-2802,1649298573.862018000,18.65.110.227
487,66,1649298573.862036000,10.11.219.6
488,-13736,1649298573.862109000,18.65.110.227
489,-886,1649298573.862125000,18.65.110.227
490,66,1649298573.862149000,10.11.219.6
491,-8274,1649298573.961583000,18.65.110.227
492,66,1649298573.961638000,10.11.219.6
493,-8264,1649298573.961708000,18.65.110.227
494,-8274,1649298573.961716000,18.65.110.227
495,66,1649298573.961752000,10.11.219.6
496,-8264,1649298573.963881000,18.65.110.227
497,66,1649298573.963895000,10.11.219.6
498,-2802,1649298573.963911000,18.65.110.227
499,66,1649298573.963916000,10.11.219.6
500,-13746,1649298573.963997000,18.65.110.227
501,66,1649298573.964003000,10.11.219.6
502,-1417,1649298573.965211000,18.65.110.227
503,66,1649298573.965219000,10.11.219.6
504,-1434,1649298573.965229000,18.65.110.227
505,66,1649298573.965231000,10.11.219.6
506,-895,1649298573.965232000,18.65.110.227
507,78,1649298573.965238000,10.11.219.6
508,-1434,1649298573.965240000,18.65.110.227
509,66,1649298573.965241000,10.11.219.6
510,-2802,1649298573.967471000,18.65.110.227
511,66,1649298573.967478000,10.11.219.6
512,-2802,1649298573.967501000,18.65.110.227
513,-299,1649298573.967503000,18.65.110.227
514,78,1649298573.967506000,10.11.219.6
515,-1434,1649298573.967508000,18.65.110.227
516,66,1649298573.967510000,10.11.219.6
517,-8274,1649298574.055037000,18.65.110.227
518,66,1649298574.055082000,10.11.219.6
519,-8264,1649298574.055149000,18.65.110.227
520,66,1649298574.055160000,10.11.219.6
521,-100,1649298574.055168000,18.65.110.227
522,66,1649298574.055274000,10.11.219.6
523,-2802,1649298574.058640000,18.65.110.227
524,66,1649298574.058659000,10.11.219.6
525,-12092,1649298574.058798000,18.65.110.227
526,66,1649298574.058810000,10.11.219.6
527,-6906,1649298574.058853000,18.65.110.227
528,66,1649298574.058859000,10.11.219.6
529,-884,1649298574.058869000,18.65.110.227
530,78,1649298574.058874000,10.11.219.6
531,-1434,1649298574.058879000,18.65.110.227
532,66,1649298574.058884000,10.11.219.6
533,-5538,1649298574.061207000,18.65.110.227
534,66,1649298574.061260000,10.11.219.6
535,-11000,1649298574.061417000,18.65.110.227
536,-1434,1649298574.061491000,18.65.110.227
537,66,1649298574.061492000,10.11.219.6
538,-242,1649298574.061498000,18.65.110.227
539,-1434,1649298574.061504000,18.65.110.227
540,-2802,1649298574.061508000,18.65.110.227
541,-716,1649298574.061510000,18.65.110.227
542,-1434,1649298574.061513000,18.65.110.227
543,-1434,1649298574.061516000,18.65.110.227
544,66,1649298574.061561000,10.11.219.6
545,78,1649298574.061578000,10.11.219.6
546,66,1649298574.061591000,10.11.219.6
547,66,1649298574.061597000,10.11.219.6
548,78,1649298574.061605000,10.11.219.6
549,66,1649298574.061614000,10.11.219.6
550,66,1649298574.061623000,10.11.219.6
551,-5538,1649298574.065233000,18.65.110.227
552,66,1649298574.065250000,10.11.219.6
553,-884,1649298574.065363000,18.65.110.227
554,78,1649298574.065371000,10.11.219.6
555,-1434,1649298574.065379000,18.65.110.227
556,66,1649298574.065384000,10.11.219.6
557,-13746,1649298574.065390000,18.65.110.227
558,66,1649298574.065394000,10.11.219.6
559,-91,1649298574.065417000,18.65.110.227
560,78,1649298574.065422000,10.11.219.6
561,-1434,1649298574.065426000,18.65.110.227
562,66,1649298574.065430000,10.11.219.6
563,174,1649298574.072489000,10.11.219.6
564,-66,1649298574.076682000,18.65.144.204
565,-5538,1649298574.076699000,18.65.144.204
566,66,1649298574.076709000,10.11.219.6
567,-1434,1649298574.076740000,18.65.144.204
568,66,1649298574.076748000,10.11.219.6
569,-277,1649298574.076753000,18.65.144.204
570,78,1649298574.076756000,10.11.219.6
571,-1434,1649298574.076759000,18.65.144.204
572,66,1649298574.076763000,10.11.219.6
573,190,1649298574.078283000,10.11.219.6
574,726,1649298574.078571000,10.11.219.6
575,-66,1649298574.080494000,18.65.144.204
576,207,1649298574.081784000,10.11.219.6
577,-883,1649298574.082156000,18.65.144.204
578,-1434,1649298574.082164000,18.65.144.204
579,66,1649298574.082175000,10.11.219.6
580,1180,1649298574.082226000,10.11.219.6
581,-2802,1649298574.082991000,18.65.144.204
582,66,1649298574.083000000,10.11.219.6
583,-104,1649298574.083011000,18.65.144.204
584,200,1649298574.083017000,10.11.219.6
585,-1434,1649298574.083022000,18.65.144.204
586,-11010,1649298574.083025000,18.65.144.204
587,66,1649298574.083030000,10.11.219.6
588,66,1649298574.083038000,10.11.219.6
589,181,1649298574.083625000,10.11.219.6
590,180,1649298574.084413000,10.11.219.6
591,183,1649298574.085089000,10.11.219.6
592,-5528,1649298574.085604000,18.65.144.204
593,66,1649298574.085618000,10.11.219.6
594,-8274,1649298574.085633000,18.65.144.204
595,66,1649298574.085639000,10.11.219.6
596,-8264,1649298574.085931000,18.65.144.204
597,66,1649298574.085938000,10.11.219.6
598,-1434,1649298574.085947000,18.65.144.204
599,304,1649298574.086263000,10.11.219.6
600,177,1649298574.087103000,10.11.219.6
601,294,1649298574.087364000,10.11.219.6
602,-8274,1649298574.088215000,18.65.144.204
603,66,1649298574.088226000,10.11.219.6
604,-16482,1649298574.088680000,18.65.144.204
605,66,1649298574.088688000,10.11.219.6
606,-2802,1649298574.091080000,18.65.144.204
607,66,1649298574.091093000,10.11.219.6
608,-2802,1649298574.091257000,18.65.144.204
609,66,1649298574.091262000,10.11.219.6
610,-19218,1649298574.091273000,18.65.144.204
611,66,1649298574.091280000,10.11.219.6
612,-2802,1649298574.094044000,18.65.144.204
613,66,1649298574.094058000,10.11.219.6
614,-9642,1649298574.094190000,18.65.144.204
615,66,1649298574.094195000,10.11.219.6
616,-9642,1649298574.094213000,18.65.144.204
617,66,1649298574.094225000,10.11.219.6
618,-2802,1649298574.096569000,18.65.144.204
619,66,1649298574.096576000,10.11.219.6
620,-2802,1649298574.096675000,18.65.144.204
621,66,1649298574.096680000,10.11.219.6
622,-8274,1649298574.099289000,18.65.144.204
623,66,1649298574.099294000,10.11.219.6
624,-8274,1649298574.099462000,18.65.144.204
625,66,1649298574.099467000,10.11.219.6
626,-724,1649298574.099476000,18.65.144.204
627,-66,1649298574.099479000,18.65.144.204
628,-66,1649298574.099521000,18.65.144.204
629,-19218,1649298574.099527000,18.65.144.204
630,66,1649298574.099530000,10.11.219.6
631,-2802,1649298574.102004000,18.65.144.204
632,66,1649298574.102018000,10.11.219.6
633,-2802,1649298574.102188000,18.65.144.204
634,66,1649298574.102193000,10.11.219.6
635,-66,1649298574.102201000,18.65.144.204
636,-19218,1649298574.102226000,18.65.144.204
637,66,1649298574.102237000,10.11.219.6
638,-12378,1649298574.104539000,18.65.144.204
639,66,1649298574.104549000,10.11.219.6
640,-12378,1649298574.104591000,18.65.144.204
641,66,1649298574.104595000,10.11.219.6
642,-6906,1649298574.106830000,18.65.144.204
643,66,1649298574.106888000,10.11.219.6
644,-1434,1649298574.106945000,18.65.144.204
645,-12378,1649298574.107060000,18.65.144.204
646,-5538,1649298574.107143000,18.65.144.204
647,66,1649298574.107875000,10.11.219.6
648,-11010,1649298574.108576000,18.65.144.204
649,66,1649298574.108588000,10.11.219.6
650,-13746,1649298574.109121000,18.65.144.204
651,66,1649298574.109220000,10.11.219.6
652,-5538,1649298574.111698000,18.65.144.204
653,66,1649298574.111713000,10.11.219.6
654,-4170,1649298574.111872000,18.65.144.204
655,66,1649298574.111877000,10.11.219.6
656,-15114,1649298574.111891000,18.65.144.204
657,66,1649298574.111894000,10.11.219.6
658,-2802,1649298574.114061000,18.65.144.204
659,66,1649298574.114068000,10.11.219.6
660,-5538,1649298574.114255000,18.65.144.204
661,66,1649298574.114260000,10.11.219.6
662,-1434,1649298574.114279000,18.65.144.204
663,-15114,1649298574.114297000,18.65.144.204
664,66,1649298574.114300000,10.11.219.6
665,-2802,1649298574.116977000,18.65.144.204
666,66,1649298574.116992000,10.11.219.6
667,-12378,1649298574.117139000,18.65.144.204
668,66,1649298574.117145000,10.11.219.6
669,-2802,1649298574.117191000,18.65.144.204
670,-6906,1649298574.117194000,18.65.144.204
671,66,1649298574.117261000,10.11.219.6
672,74,1649298574.117805000,10.11.219.6
673,-9642,1649298574.118279000,18.65.144.204
674,66,1649298574.118290000,10.11.219.6
675,211,1649298574.119982000,10.11.219.6
676,-5538,1649298574.120461000,18.65.144.204
677,66,1649298574.120475000,10.11.219.6
678,198,1649298574.121194000,10.11.219.6
679,-9642,1649298574.123270000,18.65.144.204
680,-12378,1649298574.123346000,18.65.144.204
681,-19218,1649298574.123499000,18.65.144.204
682,66,1649298574.123568000,10.11.219.6
683,66,1649298574.123904000,10.11.219.6
684,-2802,1649298574.135412000,18.65.144.204
685,66,1649298574.135444000,10.11.219.6
686,-21954,1649298574.135608000,18.65.144.204
687,66,1649298574.135634000,10.11.219.6
688,-2802,1649298574.138754000,18.65.144.204
689,66,1649298574.138772000,10.11.219.6
690,-4170,1649298574.138935000,18.65.144.204
691,-1434,1649298574.138946000,18.65.144.204
692,-16482,1649298574.138951000,18.65.144.204
693,66,1649298574.138977000,10.11.219.6
694,-2802,1649298574.141141000,18.65.144.204
695,66,1649298574.141158000,10.11.219.6
696,-21954,1649298574.141323000,18.65.144.204
697,66,1649298574.141353000,10.11.219.6
698,-2802,1649298574.143830000,18.65.144.204
699,66,1649298574.143846000,10.11.219.6
700,-6906,1649298574.144032000,18.65.144.204
701,-11010,1649298574.144040000,18.65.144.204
702,-2802,1649298574.144057000,18.65.144.204
703,-2802,1649298574.144059000,18.65.144.204
704,66,1649298574.144072000,10.11.219.6
705,198,1649298574.145424000,10.11.219.6
706,-66,1649298574.145708000,18.65.144.204
707,-13746,1649298574.145733000,18.65.144.204
708,66,1649298574.145740000,10.11.219.6
709,-11010,1649298574.146458000,18.65.144.204
710,66,1649298574.146479000,10.11.219.6
711,-2802,1649298574.148477000,18.65.144.204
712,66,1649298574.148491000,10.11.219.6
713,-1434,1649298574.148692000,18.65.144.204
714,-9642,1649298574.148704000,18.65.144.204
715,66,1649298574.148713000,10.11.219.6
716,-374,1649298574.148756000,18.65.144.204
717,78,1649298574.148764000,10.11.219.6
718,-1434,1649298574.148769000,18.65.144.204
719,66,1649298574.148774000,10.11.219.6
720,-2802,1649298574.148778000,18.65.144.204
721,66,1649298574.148783000,10.11.219.6
722,-844,1649298574.148786000,18.65.144.204
723,78,1649298574.148789000,10.11.219.6
724,-1434,1649298574.148791000,18.65.144.204
725,-5538,1649298574.148794000,18.65.144.204
726,66,1649298574.148802000,10.11.219.6
727,66,1649298574.149174000,10.11.219.6
728,-2802,1649298574.150359000,18.65.144.204
729,66,1649298574.150435000,10.11.219.6
730,-16482,1649298574.150883000,18.65.144.204
731,-5538,1649298574.150919000,18.65.144.204
732,66,1649298574.150941000,10.11.219.6
733,169,1649298574.151964000,10.11.219.6
734,-2802,1649298574.152533000,18.65.144.204
735,66,1649298574.152551000,10.11.219.6
736,-8274,1649298574.152574000,18.65.144.204
737,66,1649298574.152624000,10.11.219.6
738,-5538,1649298574.153082000,18.65.144.204
739,66,1649298574.153100000,10.11.219.6
740,-8274,1649298574.153122000,18.65.144.204
741,66,1649298574.153148000,10.11.219.6
742,-2802,1649298574.155321000,18.65.144.204
743,66,1649298574.155343000,10.11.219.6
744,-11010,1649298574.155461000,18.65.144.204
745,-11010,1649298574.155491000,18.65.144.204
746,-13746,1649298574.157452000,18.65.144.204
747,66,1649298574.157890000,10.11.219.6
748,-4170,1649298574.158911000,18.65.144.204
749,66,1649298574.158930000,10.11.219.6
750,-78,1649298574.158949000,18.65.144.204
751,-6906,1649298574.158960000,18.65.144.204
752,66,1649298574.159012000,10.11.219.6
753,-2802,1649298574.161194000,18.65.144.204
754,66,1649298574.161208000,10.11.219.6
755,-21954,1649298574.161386000,18.65.144.204
756,-66,1649298574.161394000,18.65.144.204
757,66,1649298574.161454000,10.11.219.6
758,200,1649298574.162631000,10.11.219.6
759,74,1649298574.162668000,10.11.219.6
760,-11010,1649298574.163200000,18.65.144.204
761,66,1649298574.163207000,10.11.219.6
762,-13746,1649298574.163690000,18.65.144.204
763,66,1649298574.163724000,10.11.219.6
764,-2802,1649298574.166641000,18.65.144.204
765,66,1649298574.166656000,10.11.219.6
766,-4170,1649298574.166825000,18.65.144.204
767,-1434,1649298574.166830000,18.65.144.204
768,-16482,1649298574.166833000,18.65.144.204
769,66,1649298574.166855000,10.11.219.6
770,-2802,1649298574.168729000,18.65.144.204
771,66,1649298574.168737000,10.11.219.6
772,-12378,1649298574.168886000,18.65.144.204
773,-6906,1649298574.168905000,18.65.144.204
774,66,1649298574.168908000,10.11.219.6
775,66,1649298574.168915000,10.11.219.6
776,-310,1649298574.168920000,18.65.144.204
777,78,1649298574.168926000,10.11.219.6
778,-1434,1649298574.168928000,18.65.144.204
779,66,1649298574.168932000,10.11.219.6
780,-97,1649298574.168934000,18.65.144.204
781,66,1649298574.168936000,10.11.219.6
782,-2802,1649298574.171129000,18.65.144.204
783,66,1649298574.171141000,10.11.219.6
784,-21954,1649298574.171307000,18.65.144.204
785,66,1649298574.171329000,10.11.219.6
786,-2802,1649298574.173854000,18.65.144.204
787,66,1649298574.173875000,10.11.219.6
788,-4170,1649298574.174048000,18.65.144.204
789,-1434,1649298574.174055000,18.65.144.204
790,-17809,1649298574.174062000,18.65.144.204
791,66,1649298574.174078000,10.11.219.6
792,-66,1649298574.176681000,18.65.144.204
793,-8274,1649298574.176725000,18.65.144.204
794,66,1649298574.176745000,10.11.219.6
795,-8264,1649298574.176869000,18.65.144.204
796,-74,1649298574.176875000,18.65.144.204
797,66,1649298574.176893000,10.11.219.6
798,66,1649298574.176912000,10.11.219.6
799,-8274,1649298574.176923000,18.65.144.204
800,66,1649298574.176929000,10.11.219.6
801,-2802,1649298574.179319000,18.65.144.204
802,66,1649298574.179330000,10.11.219.6
803,-5528,1649298574.179476000,18.65.144.204
804,66,1649298574.179479000,10.11.219.6
805,-16482,1649298574.179483000,18.65.144.204
806,66,1649298574.179486000,10.11.219.6
807,583,1649298574.179678000,10.11.219.6
808,-2400,1649298574.180833000,18.65.144.204
809,66,1649298574.180855000,10.11.219.6
810,-66,1649298574.182788000,18.65.144.204
811,-4170,1649298574.184189000,18.65.144.204
812,66,1649298574.184202000,10.11.219.6
813,-1177,1649298574.185014000,18.65.144.204
814,66,1649298574.185019000,10.11.219.6
815,130,1649298574.187674000,10.11.219.6
816,253,1649298574.187897000,10.11.219.6
817,-66,1649298574.190396000,18.65.144.204
818,-128,1649298574.190432000,18.65.144.204
819,66,1649298574.190459000,10.11.219.6
820,-66,1649298574.190497000,18.65.144.204
821,-97,1649298574.190500000,18.65.144.204
822,66,1649298574.190516000,10.11.219.6
823,90,1649298574.190645000,10.11.219.6
824,66,1649298574.190664000,10.11.219.6
825,-66,1649298574.193547000,18.65.144.204
826,-66,1649298574.193582000,18.65.144.204
827,66,1649298574.193601000,10.11.219.6
828,193,1649298574.195910000,10.11.219.6
829,-2802,1649298574.199949000,18.65.144.204
830,-9642,1649298574.200029000,18.65.144.204
831,66,1649298574.200027000,10.11.219.6
832,-919,1649298574.200032000,18.65.144.204
833,-1434,1649298574.200039000,18.65.144.204
834,78,1649298574.200052000,10.11.219.6
835,66,1649298574.200057000,10.11.219.6
836,-74,1649298574.238476000,34.223.189.100
837,66,1649298574.238518000,10.11.219.6
838,583,1649298574.242270000,10.11.219.6
839,-66,1649298574.447062000,34.223.189.100
840,-5511,1649298574.447076000,34.223.189.100
841,66,1649298574.447091000,10.11.219.6
842,192,1649298574.452850000,10.11.219.6
843,-324,1649298574.653181000,34.223.189.100
844,66,1649298574.653190000,10.11.219.6
845,-135,1649298574.653195000,34.223.189.100
846,66,1649298574.653199000,10.11.219.6
847,-128,1649298574.653202000,18.65.110.227
848,66,1649298574.653206000,10.11.219.6
849,-2182,1649298574.653211000,18.65.110.227
850,66,1649298574.653216000,10.11.219.6
851,-4170,1649298574.655205000,18.65.110.227
852,66,1649298574.655231000,10.11.219.6
853,-267,1649298574.655256000,18.65.110.227
854,78,1649298574.655265000,10.11.219.6
855,-1434,1649298574.655271000,18.65.110.227
856,66,1649298574.655281000,10.11.219.6
857,-1434,1649298574.655289000,18.65.110.227
858,66,1649298574.655293000,10.11.219.6
859,-2802,1649298574.655344000,18.65.110.227
860,66,1649298574.655351000,10.11.219.6
861,-246,1649298574.655359000,18.65.110.227
862,78,1649298574.655364000,10.11.219.6
863,-1434,1649298574.655369000,18.65.110.227
864,66,1649298574.655375000,10.11.219.6
865,-4170,1649298574.655383000,18.65.110.227
866,66,1649298574.655387000,10.11.219.6
867,-374,1649298574.655392000,18.65.110.227
868,78,1649298574.655396000,10.11.219.6
869,-1434,1649298574.655456000,18.65.110.227
870,66,1649298574.655464000,10.11.219.6
871,-9092,1649298574.655474000,18.65.110.227
872,66,1649298574.655482000,10.11.219.6
873,-1434,1649298574.655494000,18.65.110.227
874,66,1649298574.655500000,10.11.219.6
875,-5538,1649298574.658339000,18.65.110.227
876,66,1649298574.658367000,10.11.219.6
877,-890,1649298574.658501000,18.65.110.227
878,78,1649298574.658509000,10.11.219.6
879,-1434,1649298574.658516000,18.65.110.227
880,66,1649298574.658522000,10.11.219.6
881,-16472,1649298574.658529000,18.65.110.227
882,66,1649298574.658532000,10.11.219.6
883,-100,1649298574.658547000,18.65.110.227
884,66,1649298574.658552000,10.11.219.6
885,-1434,1649298574.658556000,18.65.110.227
886,66,1649298574.658559000,10.11.219.6
887,-331,1649298574.658562000,18.65.110.227
888,78,1649298574.658566000,10.11.219.6
889,-1434,1649298574.659771000,18.65.110.227
890,66,1649298574.659787000,10.11.219.6
891,-110,1649298574.659802000,18.65.110.227
892,78,1649298574.659808000,10.11.219.6
893,-1434,1649298574.659812000,18.65.110.227
894,66,1649298574.659816000,10.11.219.6
895,-1321,1649298574.659820000,18.65.110.227
896,66,1649298574.659825000,10.11.219.6
897,-518,1649298574.674795000,18.65.110.227
898,66,1649298574.674876000,10.11.219.6
899,243,1649298574.702819000,10.11.219.6
900,507,1649298574.702856000,10.11.219.6
901,157,1649298574.703124000,10.11.219.6
902,246,1649298574.703401000,10.11.219.6
903,152,1649298574.703736000,10.11.219.6
904,156,1649298574.703834000,10.11.219.6
905,246,1649298574.704036000,10.11.219.6
906,104,1649298574.704365000,10.11.219.6
907,156,1649298574.704442000,10.11.219.6
908,244,1649298574.704509000,10.11.219.6
909,74,1649298574.704913000,10.11.219.6
910,74,1649298574.705020000,10.11.219.6
911,488,1649298574.705365000,10.11.219.6
912,-66,1649298574.705917000,18.65.144.204
913,-66,1649298574.705930000,18.65.144.204
914,-66,1649298574.707554000,18.65.144.204
915,-66,1649298574.707573000,18.65.144.204
916,-8274,1649298574.707578000,18.65.144.204
917,-2802,1649298574.707610000,18.65.144.204
918,66,1649298574.707674000,10.11.219.6
919,-1434,1649298574.708661000,18.65.144.204
920,-68,1649298574.708674000,18.65.144.204
921,78,1649298574.708683000,10.11.219.6
922,-573,1649298574.708699000,18.65.144.204
923,78,1649298574.708703000,10.11.219.6
924,-1434,1649298574.708706000,18.65.144.204
925,66,1649298574.708709000,10.11.219.6
926,-97,1649298574.708711000,18.65.144.204
927,66,1649298574.708714000,10.11.219.6
928,-66,1649298574.708716000,18.65.144.204
929,-66,1649298574.708719000,18.65.144.204
930,-66,1649298574.708724000,18.65.144.204
931,-74,1649298574.708732000,18.65.144.204
932,66,1649298574.708748000,10.11.219.6
933,-74,1649298574.708751000,18.65.144.204
934,66,1649298574.708756000,10.11.219.6
935,-1434,1649298574.708758000,18.65.144.204
936,66,1649298574.708761000,10.11.219.6
937,-858,1649298574.709835000,18.65.144.204
938,66,1649298574.709877000,10.11.219.6
939,-97,1649298574.709915000,18.65.144.204
940,66,1649298574.709920000,10.11.219.6
941,-1407,1649298574.709924000,18.65.144.204
942,66,1649298574.709928000,10.11.219.6
943,-97,1649298574.709931000,18.65.144.204
944,66,1649298574.709933000,10.11.219.6
945,-73,1649298574.711382000,18.65.144.204
946,78,1649298574.711395000,10.11.219.6
947,-1434,1649298574.711406000,18.65.144.204
948,66,1649298574.711409000,10.11.219.6
949,-97,1649298574.711412000,18.65.144.204
950,66,1649298574.711415000,10.11.219.6
951,-979,1649298574.711417000,18.65.144.204
952,66,1649298574.711419000,10.11.219.6
953,-6906,1649298574.711422000,18.65.144.204
954,66,1649298574.711425000,10.11.219.6
955,-534,1649298574.711432000,18.65.144.204
956,78,1649298574.711435000,10.11.219.6
957,-1434,1649298574.711437000,18.65.144.204
958,66,1649298574.711439000,10.11.219.6
959,-2802,1649298574.713407000,18.65.144.204
960,66,1649298574.713424000,10.11.219.6
961,-13736,1649298574.713551000,18.65.144.204
962,66,1649298574.713558000,10.11.219.6
963,-519,1649298574.713576000,18.65.144.204
964,66,1649298574.713579000,10.11.219.6
965,-6906,1649298574.713583000,18.65.144.204
966,66,1649298574.713586000,10.11.219.6
967,-2802,1649298574.715916000,18.65.144.204
968,66,1649298574.715937000,10.11.219.6
969,-6896,1649298574.716037000,18.65.144.204
970,66,1649298574.716044000,10.11.219.6
971,-4170,1649298574.716049000,18.65.144.204
972,66,1649298574.716052000,10.11.219.6
973,-367,1649298574.716065000,18.65.144.204
974,78,1649298574.716069000,10.11.219.6
975,-1434,1649298574.716072000,18.65.144.204
976,66,1649298574.716076000,10.11.219.6
977,-934,1649298574.716078000,18.65.144.204
978,66,1649298574.716080000,10.11.219.6
979,-698,1649298574.716081000,18.65.144.204
980,66,1649298574.716083000,10.11.219.6
981,-1429,1649298574.716085000,18.65.144.204
982,66,1649298574.716087000,10.11.219.6
983,-97,1649298574.716089000,18.65.144.204
984,66,1649298574.716090000,10.11.219.6
985,-1409,1649298574.716092000,18.65.144.204
986,66,1649298574.716094000,10.11.219.6
987,-97,1649298574.716095000,18.65.144.204
988,66,1649298574.716097000,10.11.219.6
989,-1320,1649298574.716102000,18.65.144.204
990,66,1649298574.716104000,10.11.219.6
991,-97,1649298574.716107000,18.65.144.204
992,66,1649298574.716109000,10.11.219.6
993,583,1649298574.720183000,10.11.219.6
994,-66,1649298574.723295000,18.65.144.204
995,-4170,1649298574.724758000,18.65.144.204
996,66,1649298574.724783000,10.11.219.6
997,-1177,1649298574.725582000,18.65.144.204
998,66,1649298574.725602000,10.11.219.6
999,583,1649298574.727252000,10.11.219.6
1000,-66,1649298574.732257000,18.65.144.204
1001,-4170,1649298574.732274000,18.65.144.204
1002,66,1649298574.732283000,10.11.219.6
1003,-1177,1649298574.733063000,18.65.144.204
1004,66,1649298574.733081000,10.11.219.6
1005,130,1649298574.745476000,10.11.219.6
1006,186,1649298574.745789000,10.11.219.6
1007,130,1649298574.746081000,10.11.219.6
1008,253,1649298574.747093000,10.11.219.6
1009,253,1649298574.747152000,10.11.219.6
1010,-66,1649298574.748227000,18.65.144.204
1011,-128,1649298574.748242000,18.65.144.204
1012,66,1649298574.748253000,10.11.219.6
1013,90,1649298574.748376000,10.11.219.6
1014,66,1649298574.748391000,10.11.219.6
1015,-66,1649298574.749722000,18.65.144.204
1016,-128,1649298574.749737000,18.65.144.204
1017,66,1649298574.749747000,10.11.219.6
1018,-2665,1649298574.749765000,18.65.144.204
1019,66,1649298574.749774000,10.11.219.6
1020,-97,1649298574.749779000,18.65.144.204
1021,-66,1649298574.749781000,18.65.144.204
1022,-97,1649298574.749785000,18.65.144.204
1023,54,1649298574.749801000,10.11.219.6
1024,90,1649298574.750316000,10.11.219.6
1025,66,1649298574.750364000,10.11.219.6
1026,-66,1649298574.750860000,18.65.144.204
1027,-97,1649298574.750876000,18.65.144.204
1028,54,1649298574.750895000,10.11.219.6
1029,-66,1649298574.750908000,18.65.144.204
1030,54,1649298574.750915000,10.11.219.6
1031,-66,1649298574.751745000,18.65.144.204
1032,54,1649298574.751766000,10.11.219.6
1033,-66,1649298574.751788000,18.65.144.204
1034,54,1649298574.751792000,10.11.219.6
1035,189,1649298574.751971000,10.11.219.6
1036,169,1649298574.753000000,10.11.219.6
1037,184,1649298574.753139000,10.11.219.6
1038,181,1649298574.754145000,10.11.219.6
1039,169,1649298574.755970000,10.11.219.6
1040,-66,1649298574.756534000,18.65.144.204
1041,-2559,1649298574.758976000,18.65.144.204
1042,66,1649298574.759045000,10.11.219.6
1043,-2802,1649298574.759101000,18.65.144.204
1044,-1429,1649298574.759168000,18.65.144.204
1045,78,1649298574.759188000,10.11.219.6
1046,-1434,1649298574.759197000,18.65.144.204
1047,66,1649298574.759203000,10.11.219.6
1048,-4732,1649298574.759208000,18.65.144.204
1049,66,1649298574.759917000,10.11.219.6
1050,-11010,1649298574.760699000,18.65.144.204
1051,66,1649298574.760713000,10.11.219.6
1052,-5528,1649298574.761089000,18.65.144.204
1053,66,1649298574.761093000,10.11.219.6
1054,-8274,1649298574.761102000,18.65.144.204
1055,66,1649298574.761130000,10.11.219.6
1056,-2802,1649298574.763693000,18.65.144.204
1057,66,1649298574.763710000,10.11.219.6
1058,-5528,1649298574.763866000,18.65.144.204
1059,-16482,1649298574.763882000,18.65.144.204
1060,66,1649298574.763903000,10.11.219.6
1061,-300,1649298574.764795000,18.65.144.204
1062,78,1649298574.764809000,10.11.219.6
1063,-1434,1649298574.764819000,18.65.144.204
1064,66,1649298574.764826000,10.11.219.6
1065,-2802,1649298574.764829000,18.65.144.204
1066,-594,1649298574.764831000,18.65.144.204
1067,78,1649298574.764834000,10.11.219.6
1068,-1434,1649298574.764836000,18.65.144.204
1069,66,1649298574.764839000,10.11.219.6
1070,-66,1649298574.822709000,34.223.189.100
1071,-104,1649298574.822769000,34.223.189.100
1072,66,1649298574.822804000,10.11.219.6
1073,-236,1649298574.825678000,34.223.189.100
1074,66,1649298574.825700000,10.11.219.6
1075,-104,1649298574.825725000,34.223.189.100
1076,66,1649298574.825731000,10.11.219.6
1077,194,1649298575.069804000,10.11.219.6
1078,181,1649298575.070966000,10.11.219.6
1079,-5538,1649298575.075584000,18.65.144.204
1080,66,1649298575.075652000,10.11.219.6
1081,-11000,1649298575.075788000,18.65.144.204
1082,66,1649298575.075808000,10.11.219.6
1083,-2802,1649298575.075852000,18.65.144.204
1084,66,1649298575.075864000,10.11.219.6
1085,-2802,1649298575.078052000,18.65.144.204
1086,66,1649298575.078067000,10.11.219.6
1087,-11000,1649298575.078216000,18.65.144.204
1088,66,1649298575.078223000,10.11.219.6
1089,-11010,1649298575.078259000,18.65.144.204
1090,66,1649298575.078266000,10.11.219.6
1091,-8274,1649298575.080228000,18.65.144.204
1092,66,1649298575.080245000,10.11.219.6
1093,-102,1649298575.080267000,18.65.144.204
1094,78,1649298575.080273000,10.11.219.6
1095,-1434,1649298575.080278000,18.65.144.204
1096,66,1649298575.080284000,10.11.219.6
1097,-2802,1649298575.080301000,18.65.144.204
1098,66,1649298575.080306000,10.11.219.6
1099,-808,1649298575.080310000,18.65.144.204
1100,78,1649298575.080313000,10.11.219.6
1101,-1434,1649298575.080316000,18.65.144.204
1102,66,1649298575.080320000,10.11.219.6
1103,157,1649298575.126317000,10.11.219.6
1104,-5538,1649298575.132097000,18.65.144.204
1105,66,1649298575.132121000,10.11.219.6
1106,-8274,1649298575.138797000,18.65.144.204
1107,66,1649298575.138823000,10.11.219.6
1108,-1424,1649298575.138855000,18.65.144.204
1109,78,1649298575.138866000,10.11.219.6
1110,-1434,1649298575.138876000,18.65.144.204
1111,66,1649298575.138882000,10.11.219.6
1112,-2802,1649298575.138901000,18.65.144.204
1113,66,1649298575.138910000,10.11.219.6
1114,-13736,1649298575.138967000,18.65.144.204
1115,66,1649298575.138973000,10.11.219.6
1116,-9642,1649298575.139017000,18.65.144.204
1117,66,1649298575.139022000,10.11.219.6
1118,-2630,1649298575.139708000,18.65.144.204
1119,66,1649298575.139720000,10.11.219.6
1120,-2469,1649298575.163944000,18.65.110.227
1121,66,1649298575.163960000,10.11.219.6
1122,-742,1649298575.163979000,18.65.110.227
1123,66,1649298575.163984000,10.11.219.6
1124,-5300,1649298575.165077000,18.65.110.227
1125,66,1649298575.165090000,10.11.219.6
1126,-4170,1649298575.167989000,18.65.110.227
1127,66,1649298575.168003000,10.11.219.6
1128,-2802,1649298575.171025000,18.65.110.227
1129,66,1649298575.171047000,10.11.219.6
1130,-884,1649298575.171070000,18.65.110.227
1131,78,1649298575.171077000,10.11.219.6
1132,-1434,1649298575.171082000,18.65.110.227
1133,66,1649298575.171086000,10.11.219.6
1134,-5538,1649298575.171089000,18.65.110.227
1135,66,1649298575.171093000,10.11.219.6
1136,-3626,1649298575.171124000,18.65.110.227
1137,66,1649298575.171127000,10.11.219.6
1138,-4170,1649298575.171131000,18.65.110.227
1139,66,1649298575.171134000,10.11.219.6
1140,-12368,1649298575.172829000,18.65.110.227
1141,66,1649298575.172894000,10.11.219.6
1142,-100,1649298575.172997000,18.65.110.227
1143,66,1649298575.173021000,10.11.219.6
1144,-4149,1649298575.173039000,18.65.110.227
1145,66,1649298575.173047000,10.11.219.6
1146,-2802,1649298575.177345000,18.65.110.227
1147,66,1649298575.177360000,10.11.219.6
1148,-6356,1649298575.177411000,18.65.110.227
1149,66,1649298575.177414000,10.11.219.6
1150,164,1649298575.217715000,10.11.219.6
1151,164,1649298575.218374000,10.11.219.6
1152,164,1649298575.219609000,10.11.219.6
1153,-66,1649298575.221071000,18.65.144.204
1154,-1434,1649298575.222724000,18.65.144.204
1155,-550,1649298575.222735000,18.65.144.204
1156,-1434,1649298575.222738000,18.65.144.204
1157,-97,1649298575.222739000,18.65.144.204
1158,-3435,1649298575.222745000,18.65.144.204
1159,-97,1649298575.222747000,18.65.144.204
1160,164,1649298575.222747000,10.11.219.6
1161,78,1649298575.222786000,10.11.219.6
1162,66,1649298575.222798000,10.11.219.6
1163,66,1649298575.222817000,10.11.219.6
1164,164,1649298575.223413000,10.11.219.6
1165,-1434,1649298575.223521000,18.65.144.204
1166,-359,1649298575.223531000,18.65.144.204
1167,78,1649298575.223539000,10.11.219.6
1168,-1434,1649298575.223548000,18.65.144.204
1169,66,1649298575.223552000,10.11.219.6
1170,-97,1649298575.223556000,18.65.144.204
1171,164,1649298575.224057000,10.11.219.6
1172,262,1649298575.224278000,10.11.219.6
1173,262,1649298575.224697000,10.11.219.6
1174,160,1649298575.225096000,10.11.219.6
1175,254,1649298575.225366000,10.11.219.6
1176,160,1649298575.226494000,10.11.219.6
1177,-2802,1649298575.226784000,18.65.144.204
1178,160,1649298575.226823000,10.11.219.6
1179,-363,1649298575.226836000,18.65.144.204
1180,-1434,1649298575.226840000,18.65.144.204
1181,-97,1649298575.226841000,18.65.144.204
1182,-66,1649298575.226843000,18.65.144.204
1183,78,1649298575.226846000,10.11.219.6
1184,66,1649298575.226857000,10.11.219.6
1185,160,1649298575.227346000,10.11.219.6
1186,255,1649298575.227734000,10.11.219.6
1187,-5187,1649298575.228353000,18.65.144.204
1188,347,1649298575.228371000,10.11.219.6
1189,-97,1649298575.228382000,18.65.144.204
1190,-2802,1649298575.228385000,18.65.144.204
1191,-125,1649298575.228386000,18.65.144.204
1192,66,1649298575.228391000,10.11.219.6
1193,-1434,1649298575.228395000,18.65.144.204
1194,78,1649298575.228401000,10.11.219.6
1195,66,1649298575.228407000,10.11.219.6
1196,152,1649298575.228796000,10.11.219.6
1197,-97,1649298575.230543000,18.65.144.204
1198,-2802,1649298575.230560000,18.65.144.204
1199,66,1649298575.230576000,10.11.219.6
1200,-693,1649298575.230595000,18.65.144.204
1201,78,1649298575.230604000,10.11.219.6
1202,-1434,1649298575.230609000,18.65.144.204
1203,66,1649298575.230614000,10.11.219.6
1204,-97,1649298575.230618000,18.65.144.204
1205,-2802,1649298575.230620000,18.65.144.204
1206,66,1649298575.230624000,10.11.219.6
1207,-72,1649298575.230650000,18.65.144.204
1208,78,1649298575.230656000,10.11.219.6
1209,-1434,1649298575.230661000,18.65.144.204
1210,66,1649298575.230665000,10.11.219.6
1211,-97,1649298575.230668000,18.65.144.204
1212,-66,1649298575.230670000,18.65.144.204
1213,-864,1649298575.230676000,18.65.144.204
1214,-678,1649298575.230680000,18.65.144.204
1215,66,1649298575.230684000,10.11.219.6
1216,-2802,1649298575.233417000,18.65.144.204
1217,66,1649298575.233439000,10.11.219.6
1218,152,1649298575.240944000,10.11.219.6
1219,-3922,1649298575.243571000,18.65.144.204
1220,66,1649298575.243625000,10.11.219.6
1221,-2802,1649298575.243705000,18.65.144.204
1222,66,1649298575.243723000,10.11.219.6
1223,-874,1649298575.243747000,18.65.144.204
1224,78,1649298575.243773000,10.11.219.6
1225,-1434,1649298575.243787000,18.65.144.204
1226,66,1649298575.243810000,10.11.219.6
1227,-97,1649298575.243820000,18.65.144.204
1228,-4170,1649298575.243860000,18.65.144.204
1229,66,1649298575.243877000,10.11.219.6
1230,-1361,1649298575.243937000,18.65.144.204
1231,-1434,1649298575.243942000,18.65.144.204
1232,-251,1649298575.243948000,18.65.144.204
1233,78,1649298575.243955000,10.11.219.6
1234,-1434,1649298575.243962000,18.65.144.204
1235,66,1649298575.243967000,10.11.219.6
1236,-8274,1649298575.243972000,18.65.144.204
1237,66,1649298575.244035000,10.11.219.6
1238,-2802,1649298575.245557000,18.65.144.204
1239,66,1649298575.245570000,10.11.219.6
1240,-181,1649298575.245583000,18.65.144.204
1241,78,1649298575.245587000,10.11.219.6
1242,-1434,1649298575.245766000,18.65.144.204
1243,66,1649298575.245773000,10.11.219.6
1244,-97,1649298575.245778000,18.65.144.204
1245,-1434,1649298575.245781000,18.65.144.204
1246,-240,1649298575.245782000,18.65.144.204
1247,78,1649298575.245785000,10.11.219.6
1248,-1434,1649298575.245788000,18.65.144.204
1249,66,1649298575.245790000,10.11.219.6
1250,-97,1649298575.245793000,18.65.144.204
1251,-1434,1649298575.245794000,18.65.144.204
1252,-304,1649298575.245795000,18.65.144.204
1253,78,1649298575.245800000,10.11.219.6
1254,-1434,1649298575.245835000,18.65.144.204
1255,66,1649298575.245838000,10.11.219.6
1256,-97,1649298575.245841000,18.65.144.204
1257,-1434,1649298575.245843000,18.65.144.204
1258,-639,1649298575.245844000,18.65.144.204
1259,78,1649298575.245846000,10.11.219.6
1260,-1434,1649298575.245849000,18.65.144.204
1261,66,1649298575.245851000,10.11.219.6
1262,-97,1649298575.245853000,18.65.144.204
1263,-8274,1649298575.245855000,18.65.144.204
1264,188,1649298575.245867000,10.11.219.6
1265,66,1649298575.245919000,10.11.219.6
1266,-1434,1649298575.248116000,18.65.144.204
1267,-110,1649298575.248129000,18.65.144.204
1268,78,1649298575.248143000,10.11.219.6
1269,-1434,1649298575.248159000,18.65.144.204
1270,66,1649298575.248165000,10.11.219.6
1271,-97,1649298575.248168000,18.65.144.204
1272,-2802,1649298575.248283000,18.65.144.204
1273,-1148,1649298575.248286000,18.65.144.204
1274,78,1649298575.248290000,10.11.219.6
1275,-1434,1649298575.248296000,18.65.144.204
1276,66,1649298575.248299000,10.11.219.6
1277,-97,1649298575.248301000,18.65.144.204
1278,-5418,1649298575.248303000,18.65.144.204
1279,-97,1649298575.248332000,18.65.144.204
1280,-4170,1649298575.248334000,18.65.144.204
1281,-193,1649298575.248335000,18.65.144.204
1282,78,1649298575.248338000,10.11.219.6
1283,-1434,1649298575.248342000,18.65.144.204
1284,66,1649298575.248345000,10.11.219.6
1285,-97,1649298575.248348000,18.65.144.204
1286,-5538,1649298575.248349000,18.65.144.204
1287,66,1649298575.248744000,10.11.219.6
1288,-471,1649298575.249559000,18.65.144.204
1289,78,1649298575.249571000,10.11.219.6
1290,-1434,1649298575.249582000,18.65.144.204
1291,66,1649298575.249587000,10.11.219.6
1292,-674,1649298575.251747000,18.65.144.204
1293,78,1649298575.251767000,10.11.219.6
1294,-1434,1649298575.251786000,18.65.144.204
1295,66,1649298575.251797000,10.11.219.6
1296,155,1649298575.262108000,10.11.219.6
1297,-6906,1649298575.263585000,18.65.110.227
1298,66,1649298575.263595000,10.11.219.6
1299,-890,1649298575.263606000,18.65.110.227
1300,78,1649298575.263618000,10.11.219.6
1301,-1434,1649298575.263623000,18.65.110.227
1302,66,1649298575.263628000,10.11.219.6
1303,-5538,1649298575.263632000,18.65.110.227
1304,66,1649298575.263637000,10.11.219.6
1305,-11000,1649298575.265315000,18.65.110.227
1306,66,1649298575.265324000,10.11.219.6
1307,-100,1649298575.265344000,18.65.110.227
1308,66,1649298575.265349000,10.11.219.6
1309,-2406,1649298575.266884000,18.65.110.227
1310,66,1649298575.266895000,10.11.219.6
1311,-1412,1649298575.266916000,18.65.144.204
1312,184,1649298575.308145000,10.11.219.6
1313,66,1649298575.309468000,10.11.219.6
1314,178,1649298575.311328000,10.11.219.6
1315,239,1649298575.311581000,10.11.219.6
1316,-11010,1649298575.312361000,18.65.144.204
1317,66,1649298575.312408000,10.11.219.6
1318,367,1649298575.312574000,10.11.219.6
1319,428,1649298575.313786000,10.11.219.6
1320,-5528,1649298575.313840000,18.65.144.204
1321,66,1649298575.313849000,10.11.219.6
1322,-6730,1649298575.313858000,18.65.144.204
1323,222,1649298575.313906000,10.11.219.6
1324,-66,1649298575.315502000,18.65.144.204
1325,-8116,1649298575.315521000,18.65.144.204
1326,66,1649298575.315563000,10.11.219.6
1327,-3406,1649298575.316381000,18.65.144.204
1328,66,1649298575.316395000,10.11.219.6
1329,-66,1649298575.316411000,18.65.144.204
1330,-2802,1649298575.317355000,18.65.144.204
1331,66,1649298575.317377000,10.11.219.6
1332,-820,1649298575.317402000,18.65.144.204
1333,78,1649298575.317408000,10.11.219.6
1334,-1434,1649298575.317412000,18.65.144.204
1335,66,1649298575.317415000,10.11.219.6
1336,166,1649298575.318813000,10.11.219.6
1337,155,1649298575.320408000,10.11.219.6
1338,-2802,1649298575.320512000,18.65.144.204
1339,-826,1649298575.320521000,18.65.144.204
1340,78,1649298575.320538000,10.11.219.6
1341,-1434,1649298575.320554000,18.65.144.204
1342,66,1649298575.320558000,10.11.219.6
1343,-97,1649298575.320561000,18.65.144.204
1344,66,1649298575.320718000,10.11.219.6
1345,-6906,1649298575.320795000,18.65.144.204
1346,-675,1649298575.320800000,18.65.144.204
1347,78,1649298575.320805000,10.11.219.6
1348,-1434,1649298575.320810000,18.65.144.204
1349,-97,1649298575.320812000,18.65.144.204
1350,66,1649298575.320818000,10.11.219.6
1351,-9552,1649298575.320837000,18.65.144.204
1352,66,1649298575.321628000,10.11.219.6
1353,-97,1649298575.322958000,18.65.144.204
1354,-2606,1649298575.322972000,18.65.144.204
1355,66,1649298575.322983000,10.11.219.6
1356,-97,1649298575.323002000,18.65.144.204
1357,-1434,1649298575.323003000,18.65.144.204
1358,-442,1649298575.323004000,18.65.144.204
1359,78,1649298575.323011000,10.11.219.6
1360,-1434,1649298575.323014000,18.65.144.204
1361,66,1649298575.323018000,10.11.219.6
1362,-97,1649298575.323020000,18.65.144.204
1363,-1434,1649298575.323033000,18.65.144.204
1364,-330,1649298575.323034000,18.65.144.204
1365,78,1649298575.323037000,10.11.219.6
1366,-1434,1649298575.323040000,18.65.144.204
1367,66,1649298575.323043000,10.11.219.6
1368,-97,1649298575.324292000,18.65.144.204
1369,-6906,1649298575.324307000,18.65.144.204
1370,66,1649298575.324318000,10.11.219.6
1371,-411,1649298575.324334000,18.65.144.204
1372,78,1649298575.324340000,10.11.219.6
1373,-1434,1649298575.324343000,18.65.144.204
1374,66,1649298575.324348000,10.11.219.6
1375,-97,1649298575.324358000,18.65.144.204
1376,66,1649298575.324544000,10.11.219.6
1377,-361,1649298575.325422000,18.65.144.204
1378,78,1649298575.325488000,10.11.219.6
1379,-84,1649298575.325528000,18.65.144.204
1380,78,1649298575.325539000,10.11.219.6
1381,-1434,1649298575.325545000,18.65.144.204
1382,66,1649298575.325560000,10.11.219.6
1383,-1434,1649298575.325566000,18.65.144.204
1384,66,1649298575.325570000,10.11.219.6
1385,180,1649298575.344345000,10.11.219.6
1386,-369,1649298575.347696000,18.65.144.204
1387,78,1649298575.347717000,10.11.219.6
1388,-1434,1649298575.347739000,18.65.144.204
1389,66,1649298575.347751000,10.11.219.6
1390,240,1649298575.353927000,10.11.219.6
1391,-2802,1649298575.358286000,18.65.144.204
1392,-11934,1649298575.358367000,18.65.144.204
1393,66,1649298575.359011000,10.11.219.6
1394,251,1649298575.397322000,10.11.219.6
1395,-13746,1649298575.402959000,18.65.144.204
1396,-103,1649298575.402981000,18.65.144.204
1397,78,1649298575.402988000,10.11.219.6
1398,-1434,1649298575.403002000,18.65.144.204
1399,66,1649298575.403004000,10.11.219.6
1400,-903,1649298575.403006000,18.65.144.204
1401,78,1649298575.403008000,10.11.219.6
1402,-1434,1649298575.403009000,18.65.144.204
1403,66,1649298575.403011000,10.11.219.6
1404,-2802,1649298575.471063000,18.65.110.227
1405,66,1649298575.471078000,10.11.219.6
1406,-119,1649298575.471098000,18.65.110.227
1407,78,1649298575.471103000,10.11.219.6
1408,-1434,1649298575.471106000,18.65.110.227
1409,66,1649298575.471109000,10.11.219.6
1410,-771,1649298575.482796000,18.65.110.227
1411,66,1649298575.482808000,10.11.219.6
1412,-5538,1649298575.493085000,18.65.110.227
1413,66,1649298575.493120000,10.11.219.6
1414,-8274,1649298575.493253000,18.65.110.227
1415,66,1649298575.493272000,10.11.219.6
1416,-1424,1649298575.493289000,18.65.110.227
1417,78,1649298575.493317000,10.11.219.6
1418,-1434,1649298575.493324000,18.65.110.227
1419,66,1649298575.493391000,10.11.219.6
1420,-92,1649298575.493440000,18.65.110.227
1421,-8274,1649298575.493456000,18.65.110.227
1422,66,1649298575.493496000,10.11.219.6
1423,66,1649298575.493511000,10.11.219.6
1424,-5538,1649298575.494011000,18.65.110.227
1425,66,1649298575.494025000,10.11.219.6
1426,-924,1649298575.494052000,18.65.110.227
1427,78,1649298575.494061000,10.11.219.6
1428,-1434,1649298575.494068000,18.65.110.227
1429,66,1649298575.494077000,10.11.219.6
1430,-97,1649298575.494083000,18.65.110.227
1431,66,1649298575.494088000,10.11.219.6
1432,177,1649298575.578319000,10.11.219.6
1433,-4170,1649298575.582168000,18.65.144.204
1434,-2802,1649298575.582199000,18.65.144.204
1435,-1294,1649298575.582201000,18.65.144.204
1436,78,1649298575.582214000,10.11.219.6
1437,-1434,1649298575.582229000,18.65.144.204
1438,66,1649298575.582236000,10.11.219.6
1439,74,1649298575.582739000,10.11.219.6
1440,171,1649298575.587281000,10.11.219.6
1441,-678,1649298575.590069000,18.65.144.204
1442,66,1649298575.590137000,10.11.219.6
1443,157,1649298575.636771000,10.11.219.6
1444,-8274,1649298575.642426000,18.65.144.204
1445,-8264,1649298575.642560000,18.65.144.204
1446,-6906,1649298575.642567000,18.65.144.204
1447,66,1649298575.642774000,10.11.219.6
1448,-20586,1649298575.644919000,18.65.144.204
1449,66,1649298575.644984000,10.11.219.6
1450,-373,1649298575.645050000,18.65.144.204
1451,78,1649298575.645078000,10.11.219.6
1452,-1434,1649298575.645937000,18.65.144.204
1453,66,1649298575.645986000,10.11.219.6
1454,-9642,1649298575.646041000,18.65.144.204
1455,66,1649298575.646083000,10.11.219.6
1456,-2802,1649298575.649036000,18.65.144.204
1457,66,1649298575.649047000,10.11.219.6
1458,-8274,1649298575.649141000,18.65.144.204
1459,66,1649298575.649160000,10.11.219.6
1460,-12378,1649298575.650698000,18.65.144.204
1461,-6656,1649298575.650732000,18.65.144.204
1462,66,1649298575.650784000,10.11.219.6
1463,156,1649298575.700769000,10.11.219.6
1464,157,1649298575.701330000,10.11.219.6
1465,198,1649298575.701649000,10.11.219.6
1466,-66,1649298575.703322000,18.65.144.204
1467,-2769,1649298575.704626000,18.65.144.204
1468,66,1649298575.704691000,10.11.219.6
1469,-5538,1649298575.707054000,18.65.144.204
1470,66,1649298575.707122000,10.11.219.6
1471,-11000,1649298575.707197000,18.65.144.204
1472,-5004,1649298575.707237000,18.65.144.204
1473,-2802,1649298575.707241000,18.65.144.204
1474,66,1649298575.707309000,10.11.219.6
1475,-8274,1649298575.709527000,18.65.144.204
1476,-4170,1649298575.709624000,18.65.144.204
1477,-87,1649298575.709630000,18.65.144.204
1478,78,1649298575.709658000,10.11.219.6
1479,-1434,1649298575.709679000,18.65.144.204
1480,66,1649298575.709689000,10.11.219.6
1481,-5538,1649298575.709696000,18.65.144.204
1482,66,1649298575.709835000,10.11.219.6
1483,-645,1649298575.711338000,18.65.144.204
1484,-1434,1649298575.711351000,18.65.144.204
1485,66,1649298575.711359000,10.11.219.6
1486,-219,1649298575.711373000,18.65.144.204
1487,78,1649298575.711378000,10.11.219.6
1488,-66,1649298575.711382000,52.119.174.17
1489,54,1649298575.711396000,10.11.219.6
1490,-1434,1649298575.711400000,18.65.144.204
1491,66,1649298575.711404000,10.11.219.6
1492,571,1649298575.715042000,10.11.219.6
1493,273,1649298575.745131000,10.11.219.6
1494,171,1649298575.747813000,10.11.219.6
1495,-9642,1649298575.749596000,18.65.144.204
1496,-412,1649298575.749617000,18.65.144.204
1497,78,1649298575.749631000,10.11.219.6
1498,-1434,1649298575.749669000,18.65.144.204
1499,66,1649298575.749677000,10.11.219.6
1500,351,1649298575.750436000,10.11.219.6
1501,-9642,1649298575.751939000,18.65.144.204
1502,66,1649298575.751962000,10.11.219.6
1503,-411,1649298575.751986000,18.65.144.204
1504,78,1649298575.751996000,10.11.219.6
1505,-1434,1649298575.752017000,18.65.144.204
1506,66,1649298575.752025000,10.11.219.6
1507,-11010,1649298575.754077000,18.65.144.204
1508,66,1649298575.754204000,10.11.219.6
1509,-5528,1649298575.756308000,18.65.144.204
1510,66,1649298575.756326000,10.11.219.6
1511,-16472,1649298575.756361000,18.65.144.204
1512,-2802,1649298575.758517000,18.65.144.204
1513,-28794,1649298575.758887000,18.65.144.204
1514,-2802,1649298575.760672000,18.65.144.204
1515,-24690,1649298575.761154000,18.65.144.204
1516,-4170,1649298575.763018000,18.65.144.204
1517,-1434,1649298575.763042000,18.65.144.204
1518,-15937,1649298575.763120000,18.65.144.204
1519,66,1649298575.765651000,10.11.219.6
1520,66,1649298575.765889000,10.11.219.6
1521,171,1649298575.767779000,10.11.219.6
1522,-2802,1649298575.771115000,18.65.144.204
1523,-6906,1649298575.771176000,18.65.144.204
1524,-412,1649298575.771178000,18.65.144.204
1525,78,1649298575.771188000,10.11.219.6
1526,-1434,1649298575.771206000,18.65.144.204
1527,66,1649298575.771210000,10.11.219.6
1528,163,1649298575.817181000,10.11.219.6
1529,-1185,1649298575.820562000,18.65.144.204
1530,-97,1649298575.820586000,18.65.144.204
1531,66,1649298575.820905000,10.11.219.6
1532,-54,1649298575.838813000,52.119.174.17
1533,-54,1649298575.843122000,52.119.174.17
1534,-5956,1649298575.846833000,52.119.174.17
1535,54,1649298575.846859000,10.11.219.6
1536,180,1649298575.852740000,10.11.219.6
1537,154,1649298575.856649000,10.11.219.6
1538,-1103,1649298575.859180000,18.65.144.204
1539,152,1649298575.866084000,10.11.219.6
1540,-918,1649298575.868834000,18.65.144.204
1541,178,1649298575.870495000,10.11.219.6
1542,-2802,1649298575.873313000,18.65.144.204
1543,-1434,1649298575.874365000,18.65.144.204
1544,-147,1649298575.874375000,18.65.144.204
1545,78,1649298575.874388000,10.11.219.6
1546,-1434,1649298575.874405000,18.65.144.204
1547,66,1649298575.874409000,10.11.219.6
1548,147,1649298575.876712000,10.11.219.6
1549,148,1649298575.877176000,10.11.219.6
1550,149,1649298575.877552000,10.11.219.6
1551,-2802,1649298575.879859000,18.65.144.204
1552,-2304,1649298575.879889000,18.65.144.204
1553,66,1649298575.881495000,10.11.219.6
1554,-2802,1649298575.881585000,18.65.144.204
1555,66,1649298575.881600000,10.11.219.6
1556,204,1649298575.881896000,10.11.219.6
1557,-13736,1649298575.882018000,18.65.144.204
1558,-8274,1649298575.882043000,18.65.144.204
1559,66,1649298575.882138000,10.11.219.6
1560,-2802,1649298575.884728000,18.65.144.204
1561,66,1649298575.884743000,10.11.219.6
1562,-5528,1649298575.884872000,18.65.144.204
1563,-6598,1649298575.884875000,18.65.144.204
1564,66,1649298575.884896000,10.11.219.6
1565,-9642,1649298575.884900000,18.65.144.204
1566,66,1649298575.884965000,10.11.219.6
1567,-2802,1649298575.887507000,18.65.144.204
1568,66,1649298575.887525000,10.11.219.6
1569,-4160,1649298575.887690000,18.65.144.204
1570,-17850,1649298575.887697000,18.65.144.204
1571,-2802,1649298575.888047000,18.65.144.204
1572,66,1649298575.888304000,10.11.219.6
1573,-11010,1649298575.891249000,18.65.144.204
1574,66,1649298575.891309000,10.11.219.6
1575,-1414,1649298575.891544000,18.65.144.204
1576,-12378,1649298575.891552000,18.65.144.204
1577,66,1649298575.891597000,10.11.219.6
1578,-2802,1649298575.892996000,18.65.144.204
1579,66,1649298575.893042000,10.11.219.6
1580,-17850,1649298575.893388000,18.65.144.204
1581,-4170,1649298575.893434000,18.65.144.204
1582,66,1649298575.893482000,10.11.219.6
1583,-23322,1649298575.895547000,18.65.144.204
1584,-910,1649298575.895560000,18.65.144.204
1585,78,1649298575.895576000,10.11.219.6
1586,-1434,1649298575.897427000,18.65.144.204
1587,66,1649298575.897444000,10.11.219.6
1588,-1434,1649298575.897459000,18.65.144.204
1589,-15994,1649298575.897531000,18.65.144.204
1590,66,1649298575.897562000,10.11.219.6
1591,74,1649298575.924019000,10.11.219.6
1592,418,1649298575.930573000,10.11.219.6
1593,-66,1649298575.933428000,18.65.110.227
1594,-1434,1649298575.934742000,18.65.110.227
1595,66,1649298575.934760000,10.11.219.6
1596,-331,1649298575.934780000,18.65.110.227
1597,-1434,1649298575.934783000,18.65.110.227
1598,78,1649298575.934796000,10.11.219.6
1599,66,1649298575.934809000,10.11.219.6
1600,-105,1649298575.980761000,52.119.174.17
1601,54,1649298575.980781000,10.11.219.6
1602,524,1649298575.981017000,10.11.219.6
1603,74,1649298576.000612000,10.11.219.6
1604,74,1649298576.021099000,10.11.219.6
1605,74,1649298576.021179000,10.11.219.6
1606,-66,1649298576.058895000,52.119.175.30
1607,54,1649298576.058932000,10.11.219.6
1608,571,1649298576.063296000,10.11.219.6
1609,162,1649298576.106741000,10.11.219.6
1610,-762,1649298576.110364000,18.65.144.204
1611,78,1649298576.110385000,10.11.219.6
1612,-1434,1649298576.110400000,18.65.144.204
1613,66,1649298576.110410000,10.11.219.6
1614,-97,1649298576.110414000,18.65.144.204
1615,-503,1649298576.138409000,52.119.174.17
1616,54,1649298576.138437000,10.11.219.6
1617,-66,1649298576.138458000,52.119.175.30
1618,54,1649298576.138472000,10.11.219.6
1619,571,1649298576.142375000,10.11.219.6
1620,66,1649298576.157465000,10.11.219.6
1621,-66,1649298576.160740000,54.240.248.156
1622,54,1649298576.160780000,10.11.219.6
1623,-66,1649298576.160799000,54.240.248.156
1624,54,1649298576.160807000,10.11.219.6
1625,571,1649298576.163939000,10.11.219.6
1626,571,1649298576.167095000,10.11.219.6
1627,177,1649298576.181720000,10.11.219.6
1628,-2360,1649298576.184404000,18.65.144.204
1629,66,1649298576.184431000,10.11.219.6
1630,-54,1649298576.186395000,52.119.175.30
1631,-54,1649298576.190715000,52.119.175.30
1632,-5950,1649298576.193455000,52.119.175.30
1633,54,1649298576.193476000,10.11.219.6
1634,180,1649298576.196641000,10.11.219.6
1635,-54,1649298576.273617000,52.119.175.30
1636,-54,1649298576.276806000,52.119.175.30
1637,-5950,1649298576.279521000,52.119.175.30
1638,54,1649298576.279529000,10.11.219.6
1639,180,1649298576.282285000,10.11.219.6
1640,-54,1649298576.299553000,54.240.248.156
1641,-54,1649298576.301519000,54.240.248.156
1642,-54,1649298576.302939000,54.240.248.156
1643,-2774,1649298576.305523000,54.240.248.156
1644,54,1649298576.305538000,10.11.219.6
1645,-3211,1649298576.305575000,54.240.248.156
1646,54,1649298576.305584000,10.11.219.6
1647,-54,1649298576.307252000,54.240.248.156
1648,180,1649298576.308582000,10.11.219.6
1649,-2774,1649298576.310776000,54.240.248.156
1650,54,1649298576.310787000,10.11.219.6
1651,-3211,1649298576.310930000,54.240.248.156
1652,54,1649298576.310938000,10.11.219.6
1653,180,1649298576.314601000,10.11.219.6
1654,74,1649298576.315126000,10.11.219.6
1655,-105,1649298576.324086000,52.119.175.30
1656,54,1649298576.324099000,10.11.219.6
1657,673,1649298576.324287000,10.11.219.6
1658,-105,1649298576.417703000,52.119.175.30
1659,54,1649298576.417719000,10.11.219.6
1660,672,1649298576.417970000,10.11.219.6
1661,74,1649298576.440424000,10.11.219.6
1662,74,1649298576.440497000,10.11.219.6
1663,-105,1649298576.447547000,54.240.248.156
1664,54,1649298576.447556000,10.11.219.6
1665,593,1649298576.447739000,10.11.219.6
1666,-66,1649298576.454009000,52.119.166.51
1667,54,1649298576.454023000,10.11.219.6
1668,-105,1649298576.455087000,54.240.248.156
1669,54,1649298576.455094000,10.11.219.6
1670,571,1649298576.455681000,10.11.219.6
1671,-13654,1649298576.476902000,52.119.175.30
1672,54,1649298576.476927000,10.11.219.6
1673,-66,1649298576.563740000,52.94.210.112
1674,54,1649298576.563816000,10.11.219.6
1675,571,1649298576.570812000,10.11.219.6
1676,-66,1649298576.575470000,52.94.210.112
1677,54,1649298576.575499000,10.11.219.6
1678,571,1649298576.577478000,10.11.219.6
1679,-54,1649298576.594859000,52.119.166.51
1680,-1797,1649298576.594868000,52.119.175.30
1681,54,1649298576.594884000,10.11.219.6
1682,-689,1649298576.594897000,54.240.248.156
1683,54,1649298576.594901000,10.11.219.6
1684,-10934,1649298576.594906000,52.119.175.30
1685,54,1649298576.594909000,10.11.219.6
1686,-54,1649298576.595741000,52.119.166.51
1687,755,1649298576.595969000,10.11.219.6
1688,-6014,1649298576.597323000,52.119.166.51
1689,54,1649298576.597334000,10.11.219.6
1690,180,1649298576.600404000,10.11.219.6
1691,74,1649298576.605326000,10.11.219.6
1692,-2774,1649298576.605426000,52.119.175.30
1693,54,1649298576.605436000,10.11.219.6
1694,-10934,1649298576.605556000,52.119.175.30
1695,54,1649298576.605561000,10.11.219.6
1696,-54,1649298576.685991000,52.94.210.112
1697,-54,1649298576.693451000,52.94.210.112
1698,-2774,1649298576.695109000,52.94.210.112
1699,54,1649298576.695118000,10.11.219.6
1700,-3359,1649298576.695138000,52.94.210.112
1701,54,1649298576.695141000,10.11.219.6
1702,180,1649298576.698067000,10.11.219.6
1703,-54,1649298576.710601000,52.94.210.112
1704,-54,1649298576.712736000,52.94.210.112
1705,-6079,1649298576.715294000,52.94.210.112
1706,54,1649298576.715304000,10.11.219.6
1707,180,1649298576.718059000,10.11.219.6
1708,-2774,1649298576.731748000,52.119.175.30
1709,66,1649298576.731759000,10.11.219.6
1710,-1414,1649298576.731767000,52.119.175.30
1711,66,1649298576.731769000,10.11.219.6
1712,-1414,1649298576.731771000,52.119.175.30
1713,66,1649298576.731773000,10.11.219.6
1714,-1414,1649298576.731918000,52.119.175.30
1715,66,1649298576.731925000,10.11.219.6
1716,-17734,1649298576.731934000,52.119.175.30
1717,66,1649298576.731938000,10.11.219.6
1718,-2774,1649298576.732512000,52.119.175.30
1719,54,1649298576.732518000,10.11.219.6
1720,-15014,1649298576.734482000,52.119.175.30
1721,54,1649298576.734487000,10.11.219.6
1722,-105,1649298576.739922000,52.119.166.51
1723,54,1649298576.739934000,10.11.219.6
1724,585,1649298576.740143000,10.11.219.6
1725,-696,1649298576.742140000,54.240.248.156
1726,-66,1649298576.745311000,52.94.210.112
1727,54,1649298576.745327000,10.11.219.6
1728,571,1649298576.746952000,10.11.219.6
1729,54,1649298576.785437000,10.11.219.6
1730,-105,1649298576.820206000,52.94.210.112
1731,54,1649298576.820224000,10.11.219.6
1732,639,1649298576.820902000,10.11.219.6
1733,-105,1649298576.853434000,52.94.210.112
1734,54,1649298576.853453000,10.11.219.6
1735,-14894,1649298576.872510000,52.119.175.30
1736,54,1649298576.872529000,10.11.219.6
1737,-2774,1649298576.872586000,52.119.175.30
1738,54,1649298576.872598000,10.11.219.6
1739,-8214,1649298576.872763000,52.119.175.30
1740,54,1649298576.872774000,10.11.219.6
1741,-7741,1649298576.875698000,52.119.175.30
1742,54,1649298576.875719000,10.11.219.6
1743,-54,1649298576.884454000,52.94.210.112
1744,-439,1649298576.886610000,52.119.166.51
1745,54,1649298576.886636000,10.11.219.6
1746,-54,1649298576.886651000,52.94.210.112
1747,-2774,1649298576.889182000,52.94.210.112
1748,54,1649298576.889202000,10.11.219.6
1749,-3359,1649298576.889247000,52.94.210.112
1750,54,1649298576.889255000,10.11.219.6
1751,180,1649298576.894750000,10.11.219.6
1752,154,1649298576.895257000,10.11.219.6
1753,152,1649298576.895558000,10.11.219.6
1754,-66,1649298576.898656000,18.65.144.204
1755,-1434,1649298576.898668000,18.65.144.204
1756,66,1649298576.898676000,10.11.219.6
1757,-105,1649298576.898691000,18.65.144.204
1758,78,1649298576.898695000,10.11.219.6
1759,-1434,1649298576.898699000,18.65.144.204
1760,66,1649298576.898707000,10.11.219.6
1761,-1125,1649298576.898712000,18.65.144.204
1762,66,1649298576.898716000,10.11.219.6
1763,-97,1649298576.898720000,18.65.144.204
1764,66,1649298576.898722000,10.11.219.6
1765,159,1649298576.909113000,10.11.219.6
1766,205,1649298576.909820000,10.11.219.6
1767,-709,1649298576.912348000,18.65.144.204
1768,66,1649298576.912360000,10.11.219.6
1769,-5538,1649298576.914768000,18.65.144.204
1770,66,1649298576.914786000,10.11.219.6
1771,-9538,1649298576.914863000,18.65.144.204
1772,-1434,1649298576.914865000,18.65.144.204
1773,-469,1649298576.914869000,18.65.144.204
1774,-1434,1649298576.914869000,18.65.144.204
1775,66,1649298576.914878000,10.11.219.6
1776,66,1649298576.914883000,10.11.219.6
1777,78,1649298576.914886000,10.11.219.6
1778,66,1649298576.914888000,10.11.219.6
1779,-776,1649298576.954112000,52.94.210.112
1780,54,1649298576.954133000,10.11.219.6
1781,1414,1649298576.955210000,10.11.219.6
1782,667,1649298576.955233000,10.11.219.6
1783,755,1649298576.984744000,10.11.219.6
1784,755,1649298576.987528000,10.11.219.6
1785,-105,1649298577.034407000,52.94.210.112
1786,54,1649298577.034426000,10.11.219.6
1787,1414,1649298577.034764000,10.11.219.6
1788,1414,1649298577.034776000,10.11.219.6
1789,145,1649298577.035267000,10.11.219.6
1790,162,1649298577.063935000,10.11.219.6
1791,204,1649298577.064743000,10.11.219.6
1792,-66,1649298577.068086000,18.65.144.204
1793,-2802,1649298577.068101000,18.65.144.204
1794,66,1649298577.068111000,10.11.219.6
1795,-3815,1649298577.068155000,18.65.144.204
1796,-97,1649298577.068159000,18.65.144.204
1797,66,1649298577.068182000,10.11.219.6
1798,-5538,1649298577.069502000,18.65.144.204
1799,66,1649298577.069518000,10.11.219.6
1800,-151,1649298577.069534000,18.65.144.204
1801,78,1649298577.069539000,10.11.219.6
1802,-1434,1649298577.069542000,18.65.144.204
1803,66,1649298577.069546000,10.11.219.6
1804,-2284,1649298577.069548000,18.65.144.204
1805,-97,1649298577.069555000,18.65.144.204
1806,66,1649298577.069573000,10.11.219.6
1807,-54,1649298577.077208000,52.94.210.112
1808,-682,1649298577.089027000,52.94.210.112
1809,162,1649298577.090385000,10.11.219.6
1810,-2802,1649298577.094923000,18.65.144.204
1811,-2802,1649298577.094969000,18.65.144.204
1812,-560,1649298577.094972000,18.65.144.204
1813,78,1649298577.094980000,10.11.219.6
1814,-1434,1649298577.094993000,18.65.144.204
1815,-97,1649298577.094994000,18.65.144.204
1816,66,1649298577.095004000,10.11.219.6
1817,66,1649298577.095394000,10.11.219.6
1818,1434,1649298577.108821000,10.11.219.6
1819,721,1649298577.108844000,10.11.219.6
1820,1434,1649298577.109872000,10.11.219.6
1821,1157,1649298577.109888000,10.11.219.6
1822,149,1649298577.117210000,10.11.219.6
1823,721,1649298577.125464000,10.11.219.6
1824,54,1649298577.129429000,10.11.219.6
1825,-696,1649298577.131807000,54.240.248.156
1826,54,1649298577.131834000,10.11.219.6
1827,1434,1649298577.135209000,10.11.219.6
1828,1422,1649298577.135230000,10.11.219.6
1829,-696,1649298577.135424000,54.240.248.156
1830,54,1649298577.135445000,10.11.219.6
1831,442,1649298577.135878000,10.11.219.6
1832,-66,1649298577.139043000,18.65.110.227
1833,-66,1649298577.139087000,18.65.110.227
1834,-78,1649298577.139115000,18.65.110.227
1835,-4982,1649298577.139128000,18.65.144.204
1836,66,1649298577.139475000,10.11.219.6
1837,74,1649298577.141128000,10.11.219.6
1838,-74,1649298577.143999000,18.65.156.177
1839,66,1649298577.144031000,10.11.219.6
1840,583,1649298577.150303000,10.11.219.6
1841,700,1649298577.150652000,10.11.219.6
1842,74,1649298577.151037000,10.11.219.6
1843,616,1649298577.153633000,10.11.219.6
1844,-66,1649298577.154281000,18.65.156.177
1845,-66,1649298577.154291000,18.65.110.227
1846,-2802,1649298577.154294000,18.65.156.177
1847,66,1649298577.154302000,10.11.219.6
1848,-2802,1649298577.154328000,18.65.156.177
1849,66,1649298577.154336000,10.11.219.6
1850,457,1649298577.154590000,10.11.219.6
1851,600,1649298577.155112000,10.11.219.6
1852,-568,1649298577.155170000,18.65.156.177
1853,66,1649298577.155180000,10.11.219.6
1854,722,1649298577.159221000,10.11.219.6
1855,130,1649298577.159500000,10.11.219.6
1856,236,1649298577.159868000,10.11.219.6
1857,385,1649298577.159887000,10.11.219.6
1858,566,1649298577.160360000,10.11.219.6
1859,457,1649298577.160614000,10.11.219.6
1860,74,1649298577.161610000,10.11.219.6
1861,-66,1649298577.161709000,18.65.110.227
1862,-66,1649298577.161719000,18.65.156.177
1863,-128,1649298577.161723000,18.65.156.177
1864,66,1649298577.161726000,10.11.219.6
1865,97,1649298577.161780000,10.11.219.6
1866,455,1649298577.162107000,10.11.219.6
1867,-66,1649298577.164191000,18.65.156.177
1868,-97,1649298577.164201000,18.65.156.177
1869,66,1649298577.164209000,10.11.219.6
1870,-66,1649298577.164233000,18.65.156.177
1871,-8274,1649298577.164240000,18.65.156.177
1872,66,1649298577.164246000,10.11.219.6
1873,-134,1649298577.164258000,18.65.156.177
1874,78,1649298577.164263000,10.11.219.6
1875,-1434,1649298577.164267000,18.65.156.177
1876,66,1649298577.164270000,10.11.219.6
1877,-66,1649298577.165049000,18.65.156.177
1878,74,1649298577.165661000,10.11.219.6
1879,74,1649298577.169307000,10.11.219.6
1880,158,1649298577.170040000,10.11.219.6
1881,157,1649298577.170346000,10.11.219.6
1882,158,1649298577.170386000,10.11.219.6
1883,157,1649298577.170692000,10.11.219.6
1884,158,1649298577.170705000,10.11.219.6
1885,157,1649298577.170988000,10.11.219.6
1886,158,1649298577.171105000,10.11.219.6
1887,-66,1649298577.172520000,18.65.144.204
1888,-2802,1649298577.175431000,18.65.144.204
1889,66,1649298577.175505000,10.11.219.6
1890,-12361,1649298577.175588000,18.65.144.204
1891,-9642,1649298577.175610000,18.65.144.204
1892,66,1649298577.175614000,10.11.219.6
1893,66,1649298577.175860000,10.11.219.6
1894,-2802,1649298577.178279000,18.65.144.204
1895,66,1649298577.178309000,10.11.219.6
1896,-1434,1649298577.178376000,18.65.144.204
1897,-112,1649298577.178380000,18.65.144.204
1898,78,1649298577.178389000,10.11.219.6
1899,-1434,1649298577.178394000,18.65.144.204
1900,-2146,1649298577.178396000,18.65.144.204
1901,-54,1649298577.178397000,52.94.210.112
1902,-6906,1649298577.178403000,18.65.144.204
1903,66,1649298577.178407000,10.11.219.6
1904,66,1649298577.178419000,10.11.219.6
1905,-2802,1649298577.179607000,18.65.144.204
1906,66,1649298577.179620000,10.11.219.6
1907,-5521,1649298577.179662000,18.65.144.204
1908,-2802,1649298577.179665000,18.65.144.204
1909,66,1649298577.179942000,10.11.219.6
1910,-5538,1649298577.192458000,18.65.144.204
1911,-5361,1649298577.192597000,18.65.144.204
1912,-13746,1649298577.192602000,18.65.144.204
1913,677,1649298577.193679000,10.11.219.6
1914,66,1649298577.194027000,10.11.219.6
1915,-1417,1649298577.194366000,18.65.144.204
1916,-20586,1649298577.194394000,18.65.144.204
1917,66,1649298577.194418000,10.11.219.6
1918,-334,1649298577.194425000,18.65.144.204
1919,-1434,1649298577.194427000,18.65.144.204
1920,78,1649298577.194438000,10.11.219.6
1921,66,1649298577.194443000,10.11.219.6
1922,74,1649298577.195104000,10.11.219.6
1923,-2802,1649298577.196418000,18.65.144.204
1924,66,1649298577.196433000,10.11.219.6
1925,-13746,1649298577.196804000,18.65.144.204
1926,-606,1649298577.196838000,18.65.144.204
1927,78,1649298577.196847000,10.11.219.6
1928,-1434,1649298577.196860000,18.65.144.204
1929,66,1649298577.196866000,10.11.219.6
1930,-5538,1649298577.196871000,18.65.144.204
1931,66,1649298577.197014000,10.11.219.6
1932,-2802,1649298577.199235000,18.65.144.204
1933,66,1649298577.199257000,10.11.219.6
1934,-21954,1649298577.199413000,18.65.144.204
1935,66,1649298577.199452000,10.11.219.6
1936,-2551,1649298577.200818000,18.65.144.204
1937,66,1649298577.200836000,10.11.219.6
1938,-6906,1649298577.200854000,18.65.144.204
1939,-705,1649298577.200857000,18.65.144.204
1940,78,1649298577.200864000,10.11.219.6
1941,-659,1649298577.200884000,52.94.210.112
1942,54,1649298577.200892000,10.11.219.6
1943,-105,1649298577.200899000,52.94.210.112
1944,54,1649298577.200901000,10.11.219.6
1945,-66,1649298577.200904000,18.65.110.227
1946,-1434,1649298577.200908000,18.65.144.204
1947,66,1649298577.200912000,10.11.219.6
1948,436,1649298577.205795000,10.11.219.6
1949,500,1649298577.206043000,10.11.219.6
1950,-66,1649298577.208723000,18.65.110.227
1951,-669,1649298577.245715000,18.65.110.227
1952,66,1649298577.245731000,10.11.219.6
1953,-97,1649298577.245751000,18.65.110.227
1954,66,1649298577.245755000,10.11.219.6
1955,-66,1649298577.254174000,34.223.189.100
1956,-66,1649298577.255198000,34.223.189.100
1957,-235,1649298577.257494000,34.223.189.100
1958,66,1649298577.257522000,10.11.219.6
1959,-104,1649298577.257535000,34.223.189.100
1960,66,1649298577.257537000,10.11.219.6
1961,-235,1649298577.257539000,34.223.189.100
1962,66,1649298577.257543000,10.11.219.6
1963,-104,1649298577.257545000,34.223.189.100
1964,66,1649298577.257547000,10.11.219.6
1965,-235,1649298577.258476000,34.223.189.100
1966,66,1649298577.258486000,10.11.219.6
1967,-104,1649298577.258504000,34.223.189.100
1968,66,1649298577.258507000,10.11.219.6
1969,-235,1649298577.258510000,34.223.189.100
1970,66,1649298577.258513000,10.11.219.6
1971,-104,1649298577.258515000,34.223.189.100
1972,66,1649298577.258517000,10.11.219.6
1973,-235,1649298577.259519000,34.223.189.100
1974,66,1649298577.259533000,10.11.219.6
1975,-104,1649298577.259549000,34.223.189.100
1976,66,1649298577.259552000,10.11.219.6
1977,-66,1649298577.273435000,52.94.210.112
1978,54,1649298577.273467000,10.11.219.6
1979,-66,1649298577.274482000,34.223.189.100
1980,571,1649298577.275294000,10.11.219.6
1981,-2221,1649298577.282326000,18.65.110.227
1982,66,1649298577.282338000,10.11.219.6
1983,-97,1649298577.282353000,18.65.110.227
1984,66,1649298577.282357000,10.11.219.6
1985,-66,1649298577.282359000,34.223.189.100
1986,-904,1649298577.287054000,18.65.110.227
1987,78,1649298577.287079000,10.11.219.6
1988,-1434,1649298577.287092000,18.65.110.227
1989,66,1649298577.287099000,10.11.219.6
1990,-97,1649298577.287102000,18.65.110.227
1991,66,1649298577.287103000,10.11.219.6
1992,-66,1649298577.289780000,52.119.175.30
1993,54,1649298577.289814000,10.11.219.6
1994,571,1649298577.291590000,10.11.219.6
1995,-66,1649298577.292985000,52.119.175.30
1996,54,1649298577.293014000,10.11.219.6
1997,571,1649298577.295061000,10.11.219.6
1998,-540,1649298577.295177000,52.119.175.30
1999,54,1649298577.295215000,10.11.219.6
2000,600,1649298577.295492000,10.11.219.6
2001,-533,1649298577.302696000,52.119.175.30
2002,54,1649298577.302721000,10.11.219.6
2003,600,1649298577.303100000,10.11.219.6
2004,-66,1649298577.304779000,52.119.175.30
2005,54,1649298577.304807000,10.11.219.6
2006,571,1649298577.310345000,10.11.219.6
2007,-670,1649298577.313412000,18.65.110.227
2008,66,1649298577.313431000,10.11.219.6
2009,-97,1649298577.313474000,18.65.110.227
2010,66,1649298577.313480000,10.11.219.6
2011,-2213,1649298577.323807000,18.65.110.227
2012,66,1649298577.323831000,10.11.219.6
2013,-138,1649298577.323865000,18.65.110.227
2014,66,1649298577.323874000,10.11.219.6
2015,-66,1649298577.329884000,52.119.175.30
2016,54,1649298577.329913000,10.11.219.6
2017,571,1649298577.333162000,10.11.219.6
2018,160,1649298577.333388000,10.11.219.6
2019,-2802,1649298577.338751000,18.65.144.204
2020,66,1649298577.338831000,10.11.219.6
2021,-13736,1649298577.338905000,18.65.144.204
2022,-426,1649298577.338920000,18.65.144.204
2023,78,1649298577.338927000,10.11.219.6
2024,-1434,1649298577.338941000,18.65.144.204
2025,66,1649298577.338944000,10.11.219.6
2026,-66,1649298577.367949000,34.223.189.100
2027,160,1649298577.373346000,10.11.219.6
2028,-1308,1649298577.377044000,34.223.189.100
2029,66,1649298577.377060000,10.11.219.6
2030,-2802,1649298577.379156000,18.65.144.204
2031,-9642,1649298577.379243000,18.65.144.204
2032,-692,1649298577.379248000,18.65.144.204
2033,78,1649298577.379262000,10.11.219.6
2034,-1434,1649298577.379288000,18.65.144.204
2035,66,1649298577.379294000,10.11.219.6
2036,-97,1649298577.379299000,18.65.144.204
2037,160,1649298577.385166000,10.11.219.6
2038,-2802,1649298577.390794000,18.65.144.204
2039,-1105,1649298577.390828000,18.65.144.204
2040,-1434,1649298577.390831000,18.65.144.204
2041,-209,1649298577.390832000,18.65.144.204
2042,78,1649298577.390841000,10.11.219.6
2043,-1434,1649298577.390858000,18.65.144.204
2044,66,1649298577.390861000,10.11.219.6
2045,-97,1649298577.390864000,18.65.144.204
2046,-54,1649298577.396795000,52.94.210.112
2047,-54,1649298577.398938000,52.94.210.112
2048,-6079,1649298577.401686000,52.94.210.112
2049,54,1649298577.401706000,10.11.219.6
2050,180,1649298577.404805000,10.11.219.6
2051,160,1649298577.408143000,10.11.219.6
2052,-2802,1649298577.413042000,18.65.144.204
2053,66,1649298577.413082000,10.11.219.6
2054,-13736,1649298577.413139000,18.65.144.204
2055,66,1649298577.413165000,10.11.219.6
2056,-5538,1649298577.414742000,18.65.144.204
2057,66,1649298577.414780000,10.11.219.6
2058,-11000,1649298577.416457000,18.65.144.204
2059,-5754,1649298577.416469000,18.65.144.204
2060,66,1649298577.416490000,10.11.219.6
2061,-54,1649298577.417995000,52.119.175.30
2062,-54,1649298577.418553000,52.119.175.30
2063,-54,1649298577.418557000,52.119.175.30
2064,-54,1649298577.421138000,52.119.175.30
2065,-2774,1649298577.421172000,52.119.175.30
2066,54,1649298577.421183000,10.11.219.6
2067,-3230,1649298577.421216000,52.119.175.30
2068,54,1649298577.421222000,10.11.219.6
2069,-5950,1649298577.423629000,52.119.175.30
2070,54,1649298577.423702000,10.11.219.6
2071,180,1649298577.425650000,10.11.219.6
2072,180,1649298577.430808000,10.11.219.6
2073,-533,1649298577.436072000,52.119.175.30
2074,795,1649298577.441582000,10.11.219.6
2075,-54,1649298577.443577000,52.119.175.30
2076,-54,1649298577.448981000,52.119.175.30
2077,-5950,1649298577.451722000,52.119.175.30
2078,54,1649298577.451741000,10.11.219.6
2079,-533,1649298577.453314000,52.119.175.30
2080,180,1649298577.458625000,10.11.219.6
2081,160,1649298577.459479000,10.11.219.6
2082,160,1649298577.461618000,10.11.219.6
2083,-54,1649298577.464162000,52.119.175.30
2084,-2802,1649298577.464171000,18.65.144.204
2085,66,1649298577.464197000,10.11.219.6
2086,-13736,1649298577.466740000,18.65.144.204
2087,-13746,1649298577.466764000,18.65.144.204
2088,-1424,1649298577.466771000,18.65.144.204
2089,78,1649298577.466776000,10.11.219.6
2090,-1434,1649298577.466782000,18.65.144.204
2091,66,1649298577.466784000,10.11.219.6
2092,-567,1649298577.466786000,18.65.144.204
2093,-6906,1649298577.468567000,18.65.144.204
2094,66,1649298577.468591000,10.11.219.6
2095,-273,1649298577.468619000,18.65.144.204
2096,78,1649298577.468627000,10.11.219.6
2097,-1434,1649298577.468636000,18.65.144.204
2098,66,1649298577.468641000,10.11.219.6
2099,-97,1649298577.468646000,18.65.144.204
2100,-54,1649298577.468655000,52.119.175.30
2101,-5950,1649298577.469667000,52.119.175.30
2102,54,1649298577.469690000,10.11.219.6
2103,180,1649298577.475144000,10.11.219.6
2104,161,1649298577.479383000,10.11.219.6
2105,159,1649298577.481582000,10.11.219.6
2106,-2802,1649298577.484483000,18.65.144.204
2107,-1106,1649298577.484508000,18.65.144.204
2108,-1434,1649298577.484510000,18.65.144.204
2109,-480,1649298577.484511000,18.65.144.204
2110,78,1649298577.484521000,10.11.219.6
2111,-1434,1649298577.484530000,18.65.144.204
2112,66,1649298577.484533000,10.11.219.6
2113,-97,1649298577.484535000,18.65.144.204
2114,-12378,1649298577.486283000,18.65.144.204
2115,-666,1649298577.486307000,18.65.144.204
2116,78,1649298577.486316000,10.11.219.6
2117,-1434,1649298577.486331000,18.65.144.204
2118,66,1649298577.486338000,10.11.219.6
2119,-97,1649298577.486341000,18.65.144.204
2120,54,1649298577.493424000,10.11.219.6
2121,160,1649298577.494702000,10.11.219.6
2122,160,1649298577.495567000,10.11.219.6
2123,-66,1649298577.506144000,18.65.144.204
2124,-2802,1649298577.506154000,18.65.144.204
2125,-2802,1649298577.506192000,18.65.144.204
2126,66,1649298577.506214000,10.11.219.6
2127,-6906,1649298577.508056000,18.65.144.204
2128,-157,1649298577.508061000,18.65.144.204
2129,78,1649298577.508067000,10.11.219.6
2130,-1434,1649298577.508075000,18.65.144.204
2131,66,1649298577.508078000,10.11.219.6
2132,-97,1649298577.508080000,18.65.144.204
2133,-16472,1649298577.508109000,18.65.144.204
2134,-374,1649298577.508117000,18.65.144.204
2135,-97,1649298577.508118000,18.65.144.204
2136,66,1649298577.508167000,10.11.219.6
2137,74,1649298577.520953000,10.11.219.6
2138,-105,1649298577.528944000,52.94.210.112
2139,54,1649298577.528960000,10.11.219.6
2140,1414,1649298577.529310000,10.11.219.6
2141,870,1649298577.529317000,10.11.219.6
2142,-54,1649298577.549214000,52.119.175.30
2143,-105,1649298577.549223000,52.119.175.30
2144,54,1649298577.549233000,10.11.219.6
2145,567,1649298577.549490000,10.11.219.6
2146,-54,1649298577.559876000,52.119.175.30
2147,-105,1649298577.559885000,52.119.175.30
2148,54,1649298577.559892000,10.11.219.6
2149,738,1649298577.560209000,10.11.219.6
2150,-105,1649298577.597461000,52.119.175.30
2151,54,1649298577.597477000,10.11.219.6
2152,567,1649298577.597776000,10.11.219.6
2153,-105,1649298577.608099000,52.119.175.30
2154,54,1649298577.608130000,10.11.219.6
2155,-54,1649298577.610259000,52.119.175.30
2156,-1098,1649298577.638284000,52.119.175.30
2157,842,1649298577.645527000,10.11.219.6
2158,-54,1649298577.653071000,52.94.210.112
2159,-659,1649298577.665044000,52.94.210.112
2160,54,1649298577.665059000,10.11.219.6
2161,-105,1649298577.665087000,52.94.210.112
2162,54,1649298577.665091000,10.11.219.6
2163,-54,1649298577.673435000,52.119.175.30
2164,-540,1649298577.681089000,52.119.175.30
2165,54,1649298577.681101000,10.11.219.6
2166,54,1649298577.685418000,10.11.219.6
2167,-54,1649298577.688369000,52.119.175.30
2168,-540,1649298577.697221000,52.119.175.30
2169,54,1649298577.697243000,10.11.219.6
2170,-66,1649298577.700201000,52.94.234.174
2171,54,1649298577.700248000,10.11.219.6
2172,571,1649298577.704239000,10.11.219.6
2173,-540,1649298577.763188000,52.119.175.30
2174,54,1649298577.763249000,10.11.219.6
2175,-54,1649298577.825572000,52.119.175.30
2176,-1950,1649298577.870588000,52.119.175.30
2177,54,1649298577.870608000,10.11.219.6
2178,-54,1649298577.880267000,52.94.234.174
2179,-54,1649298577.884463000,52.94.234.174
2180,-150,1649298577.884503000,52.94.234.174
2181,54,1649298577.884530000,10.11.219.6
2182,-5022,1649298577.885838000,52.94.234.174
2183,54,1649298577.885858000,10.11.219.6
2184,-392,1649298577.885877000,52.94.234.174
2185,54,1649298577.885882000,10.11.219.6
2186,-63,1649298577.885887000,52.94.234.174
2187,54,1649298577.885890000,10.11.219.6
2188,204,1649298577.892892000,10.11.219.6
2189,-63,1649298577.906785000,52.94.234.174
2190,66,1649298577.906810000,10.11.219.6
2191,74,1649298577.911546000,10.11.219.6
2192,-54,1649298578.073173000,52.94.234.174
2193,-60,1649298578.073194000,52.94.234.174
2194,54,1649298578.073210000,10.11.219.6
2195,-123,1649298578.073252000,52.94.234.174
2196,54,1649298578.073263000,10.11.219.6
2197,507,1649298578.074118000,10.11.219.6
2198,-66,1649298578.087022000,209.54.176.128
2199,54,1649298578.087066000,10.11.219.6
2200,571,1649298578.091113000,10.11.219.6
2201,791,1649298578.141657000,10.11.219.6
2202,796,1649298578.142752000,10.11.219.6
2203,808,1649298578.195770000,10.11.219.6
2204,251,1649298578.195990000,10.11.219.6
2205,1434,1649298578.196033000,10.11.219.6
2206,195,1649298578.196041000,10.11.219.6
2207,1434,1649298578.196129000,10.11.219.6
2208,1434,1649298578.196134000,10.11.219.6
2209,1434,1649298578.196743000,10.11.219.6
2210,1434,1649298578.196747000,10.11.219.6
2211,1434,1649298578.196751000,10.11.219.6
2212,1434,1649298578.196753000,10.11.219.6
2213,1434,1649298578.197273000,10.11.219.6
2214,-283,1649298578.285304000,52.94.234.174
2215,54,1649298578.285342000,10.11.219.6
2216,-54,1649298578.285363000,209.54.176.128
2217,-54,1649298578.285367000,209.54.176.128
2218,-6001,1649298578.285372000,209.54.176.128
2219,54,1649298578.285378000,10.11.219.6
2220,-54,1649298578.285411000,52.119.175.30
2221,-54,1649298578.285419000,52.119.175.30
2222,-540,1649298578.285424000,52.119.175.30
2223,54,1649298578.285430000,10.11.219.6
2224,-540,1649298578.285455000,52.119.175.30
2225,54,1649298578.285460000,10.11.219.6
2226,180,1649298578.295009000,10.11.219.6
2227,74,1649298578.307476000,10.11.219.6
2228,-66,1649298578.315817000,34.223.189.100
2229,1434,1649298578.315837000,10.11.219.6
2230,1434,1649298578.315844000,10.11.219.6
2231,-66,1649298578.315848000,34.223.189.100
2232,1434,1649298578.315853000,10.11.219.6
2233,1434,1649298578.315855000,10.11.219.6
2234,-66,1649298578.315858000,34.223.189.100
2235,-66,1649298578.315859000,34.223.189.100
2236,-108,1649298578.315861000,34.223.189.100
2237,66,1649298578.315863000,10.11.219.6
2238,-108,1649298578.315865000,34.223.189.100
2239,66,1649298578.315866000,10.11.219.6
2240,1434,1649298578.316503000,10.11.219.6
2241,1434,1649298578.316508000,10.11.219.6
2242,1434,1649298578.316512000,10.11.219.6
2243,1434,1649298578.316514000,10.11.219.6
2244,-66,1649298578.316733000,34.223.189.100
2245,-66,1649298578.316739000,34.223.189.100
2246,1434,1649298578.317322000,10.11.219.6
2247,1434,1649298578.317332000,10.11.219.6
2248,1434,1649298578.317342000,10.11.219.6
2249,1434,1649298578.317345000,10.11.219.6
2250,1434,1649298578.317920000,10.11.219.6
2251,1434,1649298578.317925000,10.11.219.6
2252,1434,1649298578.317930000,10.11.219.6
2253,1434,1649298578.317932000,10.11.219.6
2254,1434,1649298578.318489000,10.11.219.6
2255,1434,1649298578.318494000,10.11.219.6
2256,-696,1649298578.344322000,54.240.248.156
2257,54,1649298578.344342000,10.11.219.6
2258,-66,1649298578.359551000,34.223.189.100
2259,1434,1649298578.359570000,10.11.219.6
2260,1434,1649298578.359584000,10.11.219.6
2261,-66,1649298578.435587000,34.223.189.100
2262,1434,1649298578.435606000,10.11.219.6
2263,1434,1649298578.435618000,10.11.219.6
2264,-66,1649298578.435623000,34.223.189.100
2265,1434,1649298578.435628000,10.11.219.6
2266,1434,1649298578.435630000,10.11.219.6
2267,-66,1649298578.435632000,34.223.189.100
2268,1434,1649298578.436278000,10.11.219.6
2269,1434,1649298578.436284000,10.11.219.6
2270,1434,1649298578.436289000,10.11.219.6
2271,1434,1649298578.436290000,10.11.219.6
2272,-66,1649298578.436595000,34.223.189.100
2273,-66,1649298578.436600000,34.223.189.100
2274,1434,1649298578.436607000,10.11.219.6
2275,1434,1649298578.436613000,10.11.219.6
2276,1434,1649298578.436614000,10.11.219.6
2277,-66,1649298578.436617000,34.223.189.100
2278,-108,1649298578.436619000,34.223.189.100
2279,-66,1649298578.436620000,34.223.189.100
2280,66,1649298578.436637000,10.11.219.6
2281,1434,1649298578.437393000,10.11.219.6
2282,1434,1649298578.437404000,10.11.219.6
2283,1434,1649298578.437407000,10.11.219.6
2284,1434,1649298578.437413000,10.11.219.6
2285,1434,1649298578.437415000,10.11.219.6
2286,1434,1649298578.437416000,10.11.219.6
2287,1434,1649298578.438529000,10.11.219.6
2288,1434,1649298578.438534000,10.11.219.6
2289,1434,1649298578.438535000,10.11.219.6
2290,-66,1649298578.439360000,34.223.189.100
2291,1434,1649298578.439370000,10.11.219.6
2292,1434,1649298578.439375000,10.11.219.6
2293,1434,1649298578.439376000,10.11.219.6
2294,1434,1649298578.439378000,10.11.219.6
2295,-66,1649298578.439380000,34.223.189.100
2296,1434,1649298578.439386000,10.11.219.6
2297,1434,1649298578.439388000,10.11.219.6
2298,1434,1649298578.439389000,10.11.219.6
2299,76,1649298578.439390000,10.11.219.6
2300,-66,1649298578.439392000,34.223.189.100
2301,-108,1649298578.439393000,34.223.189.100
2302,-66,1649298578.439394000,34.223.189.100
2303,-108,1649298578.439395000,34.223.189.100
2304,66,1649298578.439412000,10.11.219.6
2305,-105,1649298578.470832000,209.54.176.128
2306,54,1649298578.470846000,10.11.219.6
2307,1391,1649298578.471071000,10.11.219.6
2308,-66,1649298578.479361000,34.223.189.100
2309,-74,1649298578.485958000,3.23.204.235
2310,66,1649298578.486016000,10.11.219.6
2311,583,1649298578.492197000,10.11.219.6
2312,-66,1649298578.555926000,34.223.189.100
2313,-66,1649298578.555950000,34.223.189.100
2314,-66,1649298578.557079000,34.223.189.100
2315,-66,1649298578.557101000,34.223.189.100
2316,-66,1649298578.557105000,34.223.189.100
2317,-108,1649298578.557109000,34.223.189.100
2318,66,1649298578.557259000,10.11.219.6
2319,-66,1649298578.558074000,34.223.189.100
2320,-66,1649298578.558097000,34.223.189.100
2321,-66,1649298578.558101000,34.223.189.100
2322,-108,1649298578.558108000,34.223.189.100
2323,66,1649298578.558259000,10.11.219.6
2324,-66,1649298578.564792000,34.223.189.100
2325,-66,1649298578.564811000,34.223.189.100
2326,-260,1649298578.571498000,34.223.189.100
2327,66,1649298578.571654000,10.11.219.6
2328,697,1649298578.623842000,10.11.219.6
2329,191,1649298578.624330000,10.11.219.6
2330,178,1649298578.626658000,10.11.219.6
2331,174,1649298578.626993000,10.11.219.6
2332,-2802,1649298578.629421000,18.65.144.204
2333,66,1649298578.629504000,10.11.219.6
2334,-13736,1649298578.629568000,18.65.144.204
2335,66,1649298578.629593000,10.11.219.6
2336,-8274,1649298578.629594000,18.65.144.204
2337,66,1649298578.629794000,10.11.219.6
2338,-2802,1649298578.631538000,18.65.144.204
2339,66,1649298578.631557000,10.11.219.6
2340,-1118,1649298578.631647000,18.65.144.204
2341,-1427,1649298578.631651000,18.65.144.204
2342,66,1649298578.631654000,10.11.219.6
2343,-603,1649298578.631658000,18.65.144.204
2344,78,1649298578.631664000,10.11.219.6
2345,-1434,1649298578.631666000,18.65.144.204
2346,66,1649298578.631668000,10.11.219.6
2347,-12740,1649298578.631671000,18.65.144.204
2348,66,1649298578.631755000,10.11.219.6
2349,176,1649298578.632483000,10.11.219.6
2350,219,1649298578.635092000,10.11.219.6
2351,-1141,1649298578.636626000,18.65.144.204
2352,-2802,1649298578.638480000,18.65.144.204
2353,-8274,1649298578.638530000,18.65.144.204
2354,66,1649298578.638623000,10.11.219.6
2355,1008,1649298578.639786000,10.11.219.6
2356,-5528,1649298578.641568000,18.65.144.204
2357,-13746,1649298578.641582000,18.65.144.204
2358,184,1649298578.641594000,10.11.219.6
2359,-819,1649298578.641615000,18.65.144.204
2360,78,1649298578.641621000,10.11.219.6
2361,-1434,1649298578.641625000,18.65.144.204
2362,66,1649298578.641629000,10.11.219.6
2363,182,1649298578.642027000,10.11.219.6
2364,-66,1649298578.644076000,18.65.144.204
2365,1227,1649298578.644267000,10.11.219.6
2366,174,1649298578.644846000,10.11.219.6
2367,-3555,1649298578.646058000,18.65.144.204
2368,-2802,1649298578.646068000,18.65.144.204
2369,-517,1649298578.646073000,18.65.144.204
2370,78,1649298578.646081000,10.11.219.6
2371,-1434,1649298578.646089000,18.65.144.204
2372,66,1649298578.646094000,10.11.219.6
2373,-2802,1649298578.648131000,18.65.144.204
2374,66,1649298578.648146000,10.11.219.6
2375,-13736,1649298578.648303000,18.65.144.204
2376,-8274,1649298578.648327000,18.65.144.204
2377,66,1649298578.648364000,10.11.219.6
2378,173,1649298578.649968000,10.11.219.6
2379,-8264,1649298578.650137000,18.65.144.204
2380,-2802,1649298578.650148000,18.65.144.204
2381,66,1649298578.650172000,10.11.219.6
2382,-13746,1649298578.650679000,18.65.144.204
2383,66,1649298578.650719000,10.11.219.6
2384,-2802,1649298578.652859000,18.65.144.204
2385,66,1649298578.652874000,10.11.219.6
2386,-9577,1649298578.653026000,18.65.144.204
2387,-12378,1649298578.653032000,18.65.144.204
2388,66,1649298578.653049000,10.11.219.6
2389,-2802,1649298578.655606000,18.65.144.204
2390,66,1649298578.655621000,10.11.219.6
2391,-16482,1649298578.655775000,18.65.144.204
2392,-5538,1649298578.655797000,18.65.144.204
2393,66,1649298578.655806000,10.11.219.6
2394,-2802,1649298578.658266000,18.65.144.204
2395,66,1649298578.658279000,10.11.219.6
2396,-23322,1649298578.658452000,18.65.144.204
2397,66,1649298578.658491000,10.11.219.6
2398,455,1649298578.659388000,10.11.219.6
2399,-5538,1649298578.660342000,18.65.144.204
2400,66,1649298578.660396000,10.11.219.6
2401,-19218,1649298578.660783000,18.65.144.204
2402,66,1649298578.660825000,10.11.219.6
2403,185,1649298578.661100000,10.11.219.6
2404,-5538,1649298578.663097000,18.65.144.204
2405,66,1649298578.663140000,10.11.219.6
2406,-1434,1649298578.663303000,18.65.144.204
2407,-6906,1649298578.663311000,18.65.144.204
2408,-12378,1649298578.663322000,18.65.144.204
2409,66,1649298578.663336000,10.11.219.6
2410,-4717,1649298578.665750000,209.54.176.128
2411,54,1649298578.665772000,10.11.219.6
2412,-960,1649298578.665784000,209.54.176.128
2413,54,1649298578.665786000,10.11.219.6
2414,-2802,1649298578.665789000,18.65.144.204
2415,66,1649298578.665791000,10.11.219.6
2416,-16482,1649298578.665879000,18.65.144.204
2417,66,1649298578.666099000,10.11.219.6
2418,-2802,1649298578.668392000,18.65.144.204
2419,66,1649298578.668410000,10.11.219.6
2420,-16482,1649298578.668553000,18.65.144.204
2421,66,1649298578.668750000,10.11.219.6
2422,-6906,1649298578.670827000,18.65.144.204
2423,66,1649298578.670843000,10.11.219.6
2424,-17850,1649298578.670866000,18.65.144.204
2425,66,1649298578.670931000,10.11.219.6
2426,-5538,1649298578.674508000,18.65.144.204
2427,66,1649298578.674530000,10.11.219.6
2428,-8274,1649298578.674656000,18.65.144.204
2429,-11010,1649298578.674664000,18.65.144.204
2430,66,1649298578.674715000,10.11.219.6
2431,-2802,1649298578.677235000,18.65.144.204
2432,66,1649298578.677250000,10.11.219.6
2433,-8274,1649298578.677416000,18.65.144.204
2434,-11010,1649298578.677425000,18.65.144.204
2435,-2802,1649298578.677435000,18.65.144.204
2436,66,1649298578.677479000,10.11.219.6
2437,-2802,1649298578.679678000,18.65.144.204
2438,66,1649298578.679694000,10.11.219.6
2439,-21954,1649298578.679855000,18.65.144.204
2440,66,1649298578.679887000,10.11.219.6
2441,-4170,1649298578.684637000,18.65.144.204
2442,66,1649298578.684649000,10.11.219.6
2443,-12378,1649298578.684663000,18.65.144.204
2444,66,1649298578.684708000,10.11.219.6
2445,-8274,1649298578.685216000,18.65.144.204
2446,66,1649298578.685227000,10.11.219.6
2447,-11010,1649298578.687157000,18.65.144.204
2448,-1434,1649298578.687183000,18.65.144.204
2449,-4170,1649298578.687186000,18.65.144.204
2450,66,1649298578.687231000,10.11.219.6
2451,-8274,1649298578.687605000,18.65.144.204
2452,66,1649298578.687651000,10.11.219.6
2453,-2802,1649298578.689585000,18.65.144.204
2454,66,1649298578.689732000,10.11.219.6
2455,-9642,1649298578.690007000,18.65.144.204
2456,-66,1649298578.690021000,3.23.204.235
2457,-4170,1649298578.690072000,3.23.204.235
2458,66,1649298578.690085000,10.11.219.6
2459,-83,1649298578.690103000,3.23.204.235
2460,66,1649298578.690105000,10.11.219.6
2461,78,1649298578.690113000,10.11.219.6
2462,-1434,1649298578.690115000,3.23.204.235
2463,66,1649298578.690119000,10.11.219.6
2464,-5538,1649298578.690123000,18.65.144.204
2465,66,1649298578.690202000,10.11.219.6
2466,192,1649298578.696333000,10.11.219.6
2467,-21954,1649298578.696624000,18.65.144.204
2468,66,1649298578.696769000,10.11.219.6
2469,-5538,1649298578.697826000,18.65.144.204
2470,66,1649298578.697838000,10.11.219.6
2471,-6906,1649298578.697854000,18.65.144.204
2472,-6906,1649298578.697880000,18.65.144.204
2473,66,1649298578.697907000,10.11.219.6
2474,-2802,1649298578.700679000,18.65.144.204
2475,66,1649298578.700690000,10.11.219.6
2476,-21954,1649298578.700858000,18.65.144.204
2477,66,1649298578.700889000,10.11.219.6
2478,-2802,1649298578.703163000,18.65.144.204
2479,66,1649298578.703174000,10.11.219.6
2480,-2802,1649298578.703188000,18.65.144.204
2481,66,1649298578.703229000,10.11.219.6
2482,-5538,1649298578.703657000,18.65.144.204
2483,-13746,1649298578.703664000,18.65.144.204
2484,66,1649298578.703686000,10.11.219.6
2485,-5538,1649298578.706347000,18.65.144.204
2486,66,1649298578.706361000,10.11.219.6
2487,-2802,1649298578.706512000,18.65.144.204
2488,66,1649298578.706518000,10.11.219.6
2489,-16482,1649298578.706546000,18.65.144.204
2490,66,1649298578.706562000,10.11.219.6
2491,-13746,1649298578.708162000,18.65.144.204
2492,66,1649298578.708172000,10.11.219.6
2493,-4170,1649298578.708434000,18.65.144.204
2494,66,1649298578.708442000,10.11.219.6
2495,-2802,1649298578.708464000,18.65.144.204
2496,66,1649298578.708497000,10.11.219.6
2497,838,1649298578.710225000,10.11.219.6
2498,-13746,1649298578.710489000,18.65.144.204
2499,-1434,1649298578.710517000,18.65.144.204
2500,66,1649298578.710534000,10.11.219.6
2501,-8274,1649298578.710882000,18.65.144.204
2502,66,1649298578.710889000,10.11.219.6
2503,-4170,1649298578.713391000,18.65.144.204
2504,66,1649298578.713417000,10.11.219.6
2505,-11010,1649298578.713484000,18.65.144.204
2506,66,1649298578.713515000,10.11.219.6
2507,740,1649298578.713802000,10.11.219.6
2508,-20586,1649298578.718242000,18.65.144.204
2509,-5538,1649298578.718285000,18.65.144.204
2510,-6906,1649298578.718343000,18.65.144.204
2511,-8274,1649298578.718355000,18.65.144.204
2512,66,1649298578.718419000,10.11.219.6
2513,-2802,1649298578.719993000,18.65.144.204
2514,66,1649298578.720007000,10.11.219.6
2515,-9642,1649298578.720882000,18.65.144.204
2516,-9642,1649298578.720894000,18.65.144.204
2517,66,1649298578.720943000,10.11.219.6
2518,-2802,1649298578.725281000,18.65.144.204
2519,66,1649298578.725298000,10.11.219.6
2520,-16482,1649298578.725492000,18.65.144.204
2521,66,1649298578.725545000,10.11.219.6
2522,-5538,1649298578.725547000,18.65.144.204
2523,66,1649298578.726159000,10.11.219.6
2524,-4170,1649298578.727299000,18.65.144.204
2525,66,1649298578.727316000,10.11.219.6
2526,-15114,1649298578.727638000,18.65.144.204
2527,-4170,1649298578.727652000,18.65.144.204
2528,187,1649298578.727691000,10.11.219.6
2529,-2802,1649298578.729959000,18.65.144.204
2530,66,1649298578.729973000,10.11.219.6
2531,-4170,1649298578.730163000,18.65.144.204
2532,-16191,1649298578.730197000,18.65.144.204
2533,66,1649298578.730196000,10.11.219.6
2534,66,1649298578.730215000,10.11.219.6
2535,-1434,1649298578.730224000,18.65.144.204
2536,74,1649298578.731586000,10.11.219.6
2537,-8274,1649298578.732347000,18.65.144.204
2538,66,1649298578.732360000,10.11.219.6
2539,-6896,1649298578.735342000,18.65.144.204
2540,66,1649298578.735392000,10.11.219.6
2541,-16472,1649298578.735499000,18.65.144.204
2542,-13746,1649298578.735534000,18.65.144.204
2543,66,1649298578.735667000,10.11.219.6
2544,-2802,1649298578.736416000,18.65.144.204
2545,66,1649298578.736425000,10.11.219.6
2546,-495,1649298578.736441000,18.65.144.204
2547,78,1649298578.736450000,10.11.219.6
2548,-1434,1649298578.736456000,18.65.144.204
2549,66,1649298578.736461000,10.11.219.6
2550,-5538,1649298578.736464000,18.65.144.204
2551,66,1649298578.736793000,10.11.219.6
2552,185,1649298578.738166000,10.11.219.6
2553,-11000,1649298578.740095000,18.65.144.204
2554,-2802,1649298578.740127000,18.65.144.204
2555,952,1649298578.740218000,10.11.219.6
2556,1296,1649298578.742221000,10.11.219.6
2557,-11010,1649298578.742326000,18.65.144.204
2558,66,1649298578.742374000,10.11.219.6
2559,-20586,1649298578.742755000,18.65.144.204
2560,-1434,1649298578.742766000,18.65.144.204
2561,66,1649298578.742798000,10.11.219.6
2562,-5538,1649298578.744657000,18.65.144.204
2563,66,1649298578.744671000,10.11.219.6
2564,-234,1649298578.744680000,18.65.144.204
2565,78,1649298578.744685000,10.11.219.6
2566,-1434,1649298578.744698000,18.65.144.204
2567,66,1649298578.744707000,10.11.219.6
2568,-1434,1649298578.744713000,18.65.144.204
2569,74,1649298578.744717000,10.11.219.6
2570,-846,1649298578.744741000,18.65.144.204
2571,78,1649298578.744746000,10.11.219.6
2572,-1434,1649298578.744775000,18.65.144.204
2573,66,1649298578.744781000,10.11.219.6
2574,-632,1649298578.746906000,18.65.144.204
2575,78,1649298578.746921000,10.11.219.6
2576,-1434,1649298578.746925000,18.65.144.204
2577,66,1649298578.746928000,10.11.219.6
2578,-16472,1649298578.746932000,18.65.144.204
2579,66,1649298578.747217000,10.11.219.6
2580,-5538,1649298578.747284000,18.65.144.204
2581,66,1649298578.747400000,10.11.219.6
2582,74,1649298578.747651000,10.11.219.6
2583,-2802,1649298578.749693000,18.65.144.204
2584,66,1649298578.749705000,10.11.219.6
2585,-8264,1649298578.749881000,18.65.144.204
2586,-13746,1649298578.749891000,18.65.144.204
2587,66,1649298578.750338000,10.11.219.6
2588,-2802,1649298578.752749000,18.65.144.204
2589,66,1649298578.752762000,10.11.219.6
2590,-12378,1649298578.752925000,18.65.144.204
2591,-291,1649298578.752950000,18.65.144.204
2592,78,1649298578.752958000,10.11.219.6
2593,-74,1649298578.752965000,54.248.9.131
2594,66,1649298578.752980000,10.11.219.6
2595,-1434,1649298578.752984000,18.65.144.204
2596,66,1649298578.752987000,10.11.219.6
2597,-8274,1649298578.752989000,18.65.144.204
2598,66,1649298578.753016000,10.11.219.6
2599,-5538,1649298578.755144000,18.65.144.204
2600,66,1649298578.755156000,10.11.219.6
2601,-1424,1649298578.755295000,18.65.144.204
2602,78,1649298578.755302000,10.11.219.6
2603,-1434,1649298578.755306000,18.65.144.204
2604,66,1649298578.755309000,10.11.219.6
2605,-13746,1649298578.755314000,18.65.144.204
2606,-1424,1649298578.755320000,18.65.144.204
2607,78,1649298578.755323000,10.11.219.6
2608,-1434,1649298578.755327000,18.65.144.204
2609,66,1649298578.755330000,10.11.219.6
2610,583,1649298578.756943000,10.11.219.6
2611,456,1649298578.757194000,10.11.219.6
2612,571,1649298578.757343000,10.11.219.6
2613,-16482,1649298578.757491000,18.65.144.204
2614,66,1649298578.757724000,10.11.219.6
2615,-8274,1649298578.757897000,18.65.144.204
2616,66,1649298578.757902000,10.11.219.6
2617,323,1649298578.758274000,10.11.219.6
2618,-4104,1649298578.760288000,18.65.144.204
2619,66,1649298578.760302000,10.11.219.6
2620,-20586,1649298578.760504000,18.65.144.204
2621,66,1649298578.760537000,10.11.219.6
2622,176,1649298578.760791000,10.11.219.6
2623,-9642,1649298578.762476000,18.65.144.204
2624,66,1649298578.762514000,10.11.219.6
2625,-4170,1649298578.763036000,18.65.144.204
2626,-12378,1649298578.763043000,18.65.144.204
2627,66,1649298578.763061000,10.11.219.6
2628,-5538,1649298578.765416000,18.65.144.204
2629,66,1649298578.765421000,10.11.219.6
2630,-16482,1649298578.765590000,18.65.144.204
2631,-74,1649298578.765608000,18.65.148.123
2632,66,1649298578.765624000,10.11.219.6
2633,-2802,1649298578.765630000,18.65.144.204
2634,66,1649298578.765678000,10.11.219.6
2635,583,1649298578.767646000,10.11.219.6
2636,-2802,1649298578.767716000,18.65.144.204
2637,66,1649298578.767721000,10.11.219.6
2638,-9642,1649298578.767887000,18.65.144.204
2639,66,1649298578.767928000,10.11.219.6
2640,-2802,1649298578.767945000,18.65.144.204
2641,-8274,1649298578.767949000,18.65.144.204
2642,66,1649298578.767977000,10.11.219.6
2643,-8274,1649298578.769849000,18.65.144.204
2644,66,1649298578.769860000,10.11.219.6
2645,-2802,1649298578.769875000,18.65.144.204
2646,66,1649298578.769935000,10.11.219.6
2647,-2802,1649298578.770392000,18.65.144.204
2648,66,1649298578.770402000,10.11.219.6
2649,-74,1649298578.770440000,18.65.116.124
2650,66,1649298578.770456000,10.11.219.6
2651,-11010,1649298578.770465000,18.65.144.204
2652,66,1649298578.770486000,10.11.219.6
2653,-2802,1649298578.772319000,18.65.144.204
2654,66,1649298578.772328000,10.11.219.6
2655,-13746,1649298578.772695000,18.65.144.204
2656,-6906,1649298578.772725000,18.65.144.204
2657,583,1649298578.774224000,10.11.219.6
2658,-6906,1649298578.774427000,18.65.144.204
2659,-6906,1649298578.774433000,18.65.144.204
2660,66,1649298578.774487000,10.11.219.6
2661,-11010,1649298578.776674000,18.65.144.204
2662,66,1649298578.776684000,10.11.219.6
2663,-8274,1649298578.778775000,18.65.144.204
2664,66,1649298578.778781000,10.11.219.6
2665,-8274,1649298578.778945000,18.65.144.204
2666,66,1649298578.778949000,10.11.219.6
2667,-8274,1649298578.778956000,18.65.144.204
2668,66,1649298578.779021000,10.11.219.6
2669,-5538,1649298578.781069000,18.65.144.204
2670,66,1649298578.781074000,10.11.219.6
2671,-2802,1649298578.781209000,18.65.144.204
2672,66,1649298578.781212000,10.11.219.6
2673,-8274,1649298578.781219000,18.65.144.204
2674,66,1649298578.781233000,10.11.219.6
2675,-4170,1649298578.781238000,18.65.144.204
2676,-2802,1649298578.781250000,18.65.144.204
2677,66,1649298578.781280000,10.11.219.6
2678,-11010,1649298578.783073000,18.65.144.204
2679,66,1649298578.783080000,10.11.219.6
2680,-6906,1649298578.783396000,18.65.144.204
2681,66,1649298578.783403000,10.11.219.6
2682,-5538,1649298578.783413000,18.65.144.204
2683,66,1649298578.783563000,10.11.219.6
2684,-5538,1649298578.785827000,18.65.144.204
2685,66,1649298578.785878000,10.11.219.6
2686,-15114,1649298578.785999000,18.65.144.204
2687,-4170,1649298578.786013000,18.65.144.204
2688,66,1649298578.786095000,10.11.219.6
2689,-5538,1649298578.788244000,18.65.144.204
2690,66,1649298578.788258000,10.11.219.6
2691,-4170,1649298578.788420000,18.65.144.204
2692,66,1649298578.788428000,10.11.219.6
2693,-66,1649298578.788440000,18.65.148.123
2694,-66,1649298578.788449000,54.248.9.131
2695,-4170,1649298578.788454000,18.65.148.123
2696,66,1649298578.788460000,10.11.219.6
2697,-1434,1649298578.788512000,18.65.148.123
2698,66,1649298578.788518000,10.11.219.6
2699,-922,1649298578.788525000,18.65.148.123
2700,66,1649298578.788530000,10.11.219.6
2701,-1434,1649298578.788534000,54.248.9.131
2702,66,1649298578.788538000,10.11.219.6
2703,-487,1649298578.788542000,54.248.9.131
2704,78,1649298578.788548000,10.11.219.6
2705,-8274,1649298578.788554000,18.65.144.204
2706,-1434,1649298578.791157000,54.248.9.131
2707,66,1649298578.791178000,10.11.219.6
2708,-1434,1649298578.791194000,18.65.144.204
2709,-13746,1649298578.791393000,18.65.144.204
2710,66,1649298578.791464000,10.11.219.6
2711,-8274,1649298578.791472000,18.65.144.204
2712,66,1649298578.791888000,10.11.219.6
2713,-16482,1649298578.793607000,18.65.144.204
2714,66,1649298578.793620000,10.11.219.6
2715,-8274,1649298578.794012000,18.65.144.204
2716,-8274,1649298578.796526000,18.65.144.204
2717,-66,1649298578.796534000,18.65.116.124
2718,-4170,1649298578.796541000,18.65.116.124
2719,66,1649298578.796548000,10.11.219.6
2720,-1434,1649298578.796588000,18.65.116.124
2721,66,1649298578.796592000,10.11.219.6
2722,-592,1649298578.796596000,18.65.116.124
2723,66,1649298578.796599000,10.11.219.6
2724,-9642,1649298578.796604000,18.65.144.204
2725,-2802,1649298578.798759000,18.65.144.204
2726,-21954,1649298578.798937000,18.65.144.204
2727,192,1649298578.799583000,10.11.219.6
2728,66,1649298578.800146000,10.11.219.6
2729,-6906,1649298578.800285000,18.65.144.204
2730,66,1649298578.800295000,10.11.219.6
2731,-1225,1649298578.800303000,18.65.144.204
2732,78,1649298578.800309000,10.11.219.6
2733,-1434,1649298578.800372000,18.65.144.204
2734,66,1649298578.800377000,10.11.219.6
2735,130,1649298578.809005000,10.11.219.6
2736,-66,1649298578.811189000,18.65.148.123
2737,-128,1649298578.812279000,18.65.148.123
2738,66,1649298578.812285000,10.11.219.6
2739,-324,1649298578.814476000,54.248.9.131
2740,66,1649298578.814480000,10.11.219.6
2741,-135,1649298578.814485000,54.248.9.131
2742,66,1649298578.814487000,10.11.219.6
2743,236,1649298578.844476000,10.11.219.6
2744,388,1649298578.844506000,10.11.219.6
2745,97,1649298578.846637000,10.11.219.6
2746,130,1649298578.847131000,10.11.219.6
2747,236,1649298578.847716000,10.11.219.6
2748,406,1649298578.847754000,10.11.219.6
2749,-66,1649298578.848060000,18.65.148.123
2750,-66,1649298578.848076000,18.65.148.123
2751,-97,1649298578.848081000,18.65.148.123
2752,66,1649298578.848089000,10.11.219.6
2753,-66,1649298578.848867000,18.65.148.123
2754,-66,1649298578.849964000,18.65.116.124
2755,-128,1649298578.849971000,18.65.116.124
2756,66,1649298578.849980000,10.11.219.6
2757,97,1649298578.850048000,10.11.219.6
2758,-66,1649298578.851039000,18.65.116.124
2759,-66,1649298578.851047000,18.65.116.124
2760,-97,1649298578.851081000,18.65.116.124
2761,66,1649298578.851087000,10.11.219.6
2762,-66,1649298578.853154000,18.65.116.124
2763,-372,1649298578.876879000,3.23.204.235
2764,66,1649298578.876902000,10.11.219.6
2765,-135,1649298578.876916000,3.23.204.235
2766,66,1649298578.876918000,10.11.219.6
2767,-519,1649298578.881079000,18.65.148.123
2768,66,1649298578.881100000,10.11.219.6
2769,-97,1649298578.881123000,18.65.148.123
2770,66,1649298578.881127000,10.11.219.6
2771,-846,1649298578.898356000,18.65.116.124
2772,66,1649298578.898371000,10.11.219.6
2773,-97,1649298578.898387000,18.65.116.124
2774,66,1649298578.898390000,10.11.219.6
2775,243,1649298578.898998000,10.11.219.6
2776,403,1649298578.899022000,10.11.219.6
2777,104,1649298578.900506000,10.11.219.6
2778,243,1649298578.904866000,10.11.219.6
2779,376,1649298578.904907000,10.11.219.6
2780,104,1649298578.905517000,10.11.219.6
2781,510,1649298578.910257000,10.11.219.6
2782,-66,1649298578.912189000,54.248.9.131
2783,-104,1649298578.912210000,54.248.9.131
2784,66,1649298578.912222000,10.11.219.6
2785,-624,1649298578.912252000,54.248.9.131
2786,66,1649298578.912256000,10.11.219.6
2787,-104,1649298578.912260000,54.248.9.131
2788,66,1649298578.912262000,10.11.219.6
2789,74,1649298578.916439000,10.11.219.6
2790,-66,1649298578.957057000,54.248.9.131
2791,74,1649298579.118446000,10.11.219.6
2792,74,1649298579.119128000,10.11.219.6
2793,74,1649298579.119416000,10.11.219.6
2794,74,1649298579.120116000,10.11.219.6
2795,74,1649298579.120643000,10.11.219.6
2796,-66,1649298579.120849000,3.23.204.235
2797,-104,1649298579.120868000,3.23.204.235
2798,66,1649298579.120877000,10.11.219.6
2799,-234,1649298579.120889000,3.23.204.235
2800,66,1649298579.120897000,10.11.219.6
2801,-66,1649298579.120902000,209.54.176.128
2802,54,1649298579.120918000,10.11.219.6
2803,-639,1649298579.120924000,209.54.176.128
2804,54,1649298579.120932000,10.11.219.6
2805,-74,1649298579.121833000,23.205.97.4
2806,66,1649298579.121855000,10.11.219.6
2807,536,1649298579.122632000,10.11.219.6
2808,-74,1649298579.123978000,35.186.254.217
2809,66,1649298579.124003000,10.11.219.6
2810,-74,1649298579.124019000,23.64.8.218
2811,66,1649298579.124029000,10.11.219.6
2812,-74,1649298579.124049000,142.250.206.194
2813,66,1649298579.124058000,10.11.219.6
2814,571,1649298579.127757000,10.11.219.6
2815,583,1649298579.132036000,10.11.219.6
2816,583,1649298579.136349000,10.11.219.6
2817,-74,1649298579.138303000,35.213.12.39
2818,66,1649298579.138323000,10.11.219.6
2819,-66,1649298579.138336000,23.205.97.4
2820,-2802,1649298579.138341000,23.205.97.4
2821,66,1649298579.138343000,10.11.219.6
2822,-1426,1649298579.138346000,23.205.97.4
2823,66,1649298579.138348000,10.11.219.6
2824,-454,1649298579.138350000,23.205.97.4
2825,66,1649298579.138352000,10.11.219.6
2826,-66,1649298579.138957000,35.186.254.217
2827,583,1649298579.139996000,10.11.219.6
2828,-1434,1649298579.141392000,35.186.254.217
2829,66,1649298579.141409000,10.11.219.6
2830,-749,1649298579.141421000,35.186.254.217
2831,78,1649298579.141426000,10.11.219.6
2832,-1434,1649298579.141430000,35.186.254.217
2833,66,1649298579.141435000,10.11.219.6
2834,583,1649298579.142871000,10.11.219.6
2835,-66,1649298579.143399000,142.250.206.194
2836,186,1649298579.143512000,10.11.219.6
2837,181,1649298579.143856000,10.11.219.6
2838,183,1649298579.143961000,10.11.219.6
2839,179,1649298579.144137000,10.11.219.6
2840,167,1649298579.144499000,10.11.219.6
2841,194,1649298579.144565000,10.11.219.6
2842,-66,1649298579.145413000,23.64.8.218
2843,-2600,1649298579.147259000,18.65.144.204
2844,-1434,1649298579.147266000,23.64.8.218
2845,66,1649298579.147270000,10.11.219.6
2846,-1434,1649298579.147280000,18.65.144.204
2847,-483,1649298579.147292000,18.65.144.204
2848,78,1649298579.147294000,10.11.219.6
2849,-1434,1649298579.147297000,23.64.8.218
2850,66,1649298579.147299000,10.11.219.6
2851,-1391,1649298579.147300000,23.64.8.218
2852,66,1649298579.147302000,10.11.219.6
2853,-1434,1649298579.147304000,18.65.144.204
2854,66,1649298579.147306000,10.11.219.6
2855,-787,1649298579.148457000,18.65.144.204
2856,-4170,1649298579.148460000,18.65.144.204
2857,-213,1649298579.148462000,18.65.144.204
2858,78,1649298579.148465000,10.11.219.6
2859,-1434,1649298579.148468000,18.65.144.204
2860,66,1649298579.148470000,10.11.219.6
2861,-680,1649298579.148472000,18.65.144.204
2862,192,1649298579.148876000,10.11.219.6
2863,74,1649298579.149001000,10.11.219.6
2864,-797,1649298579.149045000,18.65.144.204
2865,74,1649298579.149158000,10.11.219.6
2866,74,1649298579.149326000,10.11.219.6
2867,74,1649298579.149431000,10.11.219.6
2868,74,1649298579.149553000,10.11.219.6
2869,193,1649298579.150253000,10.11.219.6
2870,175,1649298579.150555000,10.11.219.6
2871,-66,1649298579.151280000,23.205.97.4
2872,-340,1649298579.152286000,23.205.97.4
2873,66,1649298579.152295000,10.11.219.6
2874,583,1649298579.153160000,10.11.219.6
2875,-74,1649298579.153465000,184.25.233.136
2876,66,1649298579.153477000,10.11.219.6
2877,-159,1649298579.153483000,18.65.144.204
2878,78,1649298579.153488000,10.11.219.6
2879,-1434,1649298579.153490000,18.65.144.204
2880,66,1649298579.153493000,10.11.219.6
2881,-664,1649298579.155556000,18.65.144.204
2882,74,1649298579.156569000,10.11.219.6
2883,583,1649298579.160476000,10.11.219.6
2884,-74,1649298579.161889000,18.178.52.42
2885,66,1649298579.161909000,10.11.219.6
2886,74,1649298579.161954000,10.11.219.6
2887,-74,1649298579.163014000,104.244.42.131
2888,66,1649298579.163041000,10.11.219.6
2889,-74,1649298579.163056000,52.193.147.183
2890,66,1649298579.163061000,10.11.219.6
2891,-66,1649298579.164069000,184.25.233.136
2892,-2802,1649298579.166720000,184.25.233.136
2893,66,1649298579.166737000,10.11.219.6
2894,-1159,1649298579.166753000,184.25.233.136
2895,66,1649298579.166759000,10.11.219.6
2896,-66,1649298579.167268000,35.213.12.39
2897,-1434,1649298579.168715000,35.213.12.39
2898,66,1649298579.168724000,10.11.219.6
2899,583,1649298579.168799000,10.11.219.6
2900,-1434,1649298579.169871000,35.213.12.39
2901,66,1649298579.169878000,10.11.219.6
2902,-1426,1649298579.169883000,35.213.12.39
2903,66,1649298579.169885000,10.11.219.6
2904,-958,1649298579.169887000,35.213.12.39
2905,66,1649298579.169888000,10.11.219.6
2906,583,1649298579.170779000,10.11.219.6
2907,583,1649298579.172640000,10.11.219.6
2908,74,1649298579.172788000,10.11.219.6
2909,-74,1649298579.173684000,52.197.169.27
2910,66,1649298579.173706000,10.11.219.6
2911,-74,1649298579.175879000,35.227.202.26
2912,66,1649298579.175898000,10.11.219.6
2913,159,1649298579.176420000,10.11.219.6
2914,192,1649298579.179409000,10.11.219.6
2915,-66,1649298579.181220000,104.244.42.131
2916,-66,1649298579.182348000,184.25.233.136
2917,-324,1649298579.182352000,184.25.233.136
2918,66,1649298579.182358000,10.11.219.6
2919,-2802,1649298579.184032000,142.250.206.194
2920,66,1649298579.184036000,10.11.219.6
2921,-495,1649298579.184039000,142.250.206.194
2922,78,1649298579.184043000,10.11.219.6
2923,-2762,1649298579.184045000,104.244.42.131
2924,66,1649298579.184047000,10.11.219.6
2925,-1434,1649298579.184049000,142.250.206.194
2926,66,1649298579.184051000,10.11.219.6
2927,-811,1649298579.184698000,104.244.42.131
2928,66,1649298579.184702000,10.11.219.6
2929,-66,1649298579.184706000,52.193.147.183
2930,-66,1649298579.185492000,18.178.52.42
2931,-4045,1649298579.188189000,18.178.52.42
2932,66,1649298579.188196000,10.11.219.6
2933,-2802,1649298579.189197000,52.193.147.183
2934,66,1649298579.189200000,10.11.219.6
2935,-1086,1649298579.189205000,52.193.147.183
2936,78,1649298579.189208000,10.11.219.6
2937,-1434,1649298579.189210000,52.193.147.183
2938,66,1649298579.189212000,10.11.219.6
2939,-66,1649298579.190933000,35.213.12.39
2940,-340,1649298579.190938000,35.213.12.39
2941,66,1649298579.190941000,10.11.219.6
2942,66,1649298579.197436000,10.11.219.6
2943,-74,1649298579.225163000,69.173.158.64
2944,66,1649298579.225185000,10.11.219.6
2945,146,1649298579.233624000,10.11.219.6
2946,576,1649298579.235253000,10.11.219.6
2947,-66,1649298579.235913000,23.64.8.218
2948,-353,1649298579.235932000,23.64.8.218
2949,66,1649298579.235944000,10.11.219.6
2950,-353,1649298579.235961000,23.64.8.218
2951,66,1649298579.235969000,10.11.219.6
2952,-66,1649298579.237988000,23.205.97.4
2953,192,1649298579.246196000,10.11.219.6
2954,583,1649298579.248666000,10.11.219.6
2955,-340,1649298579.259441000,52.193.147.183
2956,66,1649298579.259457000,10.11.219.6
2957,-135,1649298579.259470000,52.193.147.183
2958,66,1649298579.259472000,10.11.219.6
2959,-66,1649298579.260456000,52.197.169.27
2960,-1426,1649298579.262973000,52.197.169.27
2961,78,1649298579.262987000,10.11.219.6
2962,-334,1649298579.262999000,52.197.169.27
2963,78,1649298579.263002000,10.11.219.6
2964,-2802,1649298579.263917000,52.197.169.27
2965,66,1649298579.263932000,10.11.219.6
2966,-54,1649298579.291523000,209.54.176.128
2967,-54,1649298579.298012000,209.54.176.128
2968,-5494,1649298579.299433000,209.54.176.128
2969,54,1649298579.299448000,10.11.219.6
2970,-561,1649298579.300178000,209.54.176.128
2971,54,1649298579.300194000,10.11.219.6
2972,-639,1649298579.305481000,209.54.176.128
2973,180,1649298579.307264000,10.11.219.6
2974,530,1649298579.307301000,10.11.219.6
2975,-66,1649298579.309699000,23.64.8.218
2976,583,1649298579.309834000,10.11.219.6
2977,192,1649298579.314180000,10.11.219.6
2978,583,1649298579.316088000,10.11.219.6
2979,-66,1649298579.319377000,35.227.202.26
2980,-1434,1649298579.320719000,35.227.202.26
2981,66,1649298579.320733000,10.11.219.6
2982,-956,1649298579.320748000,35.227.202.26
2983,78,1649298579.320753000,10.11.219.6
2984,-1434,1649298579.320757000,35.227.202.26
2985,66,1649298579.320762000,10.11.219.6
2986,74,1649298579.321893000,10.11.219.6
2987,74,1649298579.322021000,10.11.219.6
2988,74,1649298579.322572000,10.11.219.6
2989,74,1649298579.322687000,10.11.219.6
2990,74,1649298579.322803000,10.11.219.6
2991,74,1649298579.322929000,10.11.219.6
2992,74,1649298579.323916000,10.11.219.6
2993,74,1649298579.324114000,10.11.219.6
2994,-74,1649298579.324734000,23.205.97.4
2995,66,1649298579.324764000,10.11.219.6
2996,74,1649298579.324862000,10.11.219.6
2997,74,1649298579.324973000,10.11.219.6
2998,74,1649298579.325160000,10.11.219.6
2999,-74,1649298579.326347000,35.244.159.8
3000,66,1649298579.326365000,10.11.219.6
3001,-117,1649298579.326375000,52.197.169.27
3002,66,1649298579.326379000,10.11.219.6
3003,-74,1649298579.328121000,54.145.217.35
3004,66,1649298579.328139000,10.11.219.6
3005,583,1649298579.329725000,10.11.219.6
3006,-66,1649298579.332282000,23.205.97.4
3007,-2802,1649298579.333717000,23.205.97.4
3008,66,1649298579.333727000,10.11.219.6
3009,-1426,1649298579.333739000,23.205.97.4
3010,66,1649298579.333745000,10.11.219.6
3011,-454,1649298579.334483000,23.205.97.4
3012,66,1649298579.334488000,10.11.219.6
3013,-74,1649298579.335502000,18.177.242.21
3014,66,1649298579.335512000,10.11.219.6
3015,-74,1649298579.336676000,103.231.99.80
3016,66,1649298579.336682000,10.11.219.6
3017,-74,1649298579.336687000,54.150.10.110
3018,66,1649298579.336690000,10.11.219.6
3019,54,1649298579.349435000,10.11.219.6
3020,-1186,1649298579.362566000,23.205.97.4
3021,66,1649298579.362579000,10.11.219.6
3022,-98,1649298579.381963000,69.173.158.64
3023,78,1649298579.381979000,10.11.219.6
3024,-1434,1649298579.381992000,69.173.158.64
3025,66,1649298579.381995000,10.11.219.6
3026,-1430,1649298579.381997000,69.173.158.64
3027,66,1649298579.381999000,10.11.219.6
3028,-720,1649298579.382001000,69.173.158.64
3029,66,1649298579.382003000,10.11.219.6
3030,-74,1649298579.382713000,119.9.108.180
3031,66,1649298579.382734000,10.11.219.6
3032,-74,1649298579.391262000,69.173.158.64
3033,66,1649298579.391282000,10.11.219.6
3034,-74,1649298579.397557000,54.169.142.232
3035,66,1649298579.397570000,10.11.219.6
3036,-74,1649298579.405032000,103.43.90.179
3037,66,1649298579.405054000,10.11.219.6
3038,464,1649298579.405312000,10.11.219.6
3039,-70,1649298579.407168000,103.71.26.125
3040,66,1649298579.407187000,10.11.219.6
3041,-66,1649298579.408246000,184.25.233.136
3042,216,1649298579.408862000,10.11.219.6
3043,583,1649298579.412172000,10.11.219.6
3044,192,1649298579.416534000,10.11.219.6
3045,-66,1649298579.418021000,35.244.159.8
3046,-1434,1649298579.419272000,35.244.159.8
3047,66,1649298579.419287000,10.11.219.6
3048,-641,1649298579.419303000,35.244.159.8
3049,78,1649298579.419308000,10.11.219.6
3050,-1434,1649298579.419312000,35.244.159.8
3051,66,1649298579.419316000,10.11.219.6
3052,-66,1649298579.420078000,23.205.97.4
3053,-340,1649298579.420084000,23.205.97.4
3054,66,1649298579.420087000,10.11.219.6
3055,583,1649298579.420234000,10.11.219.6
3056,583,1649298579.423201000,10.11.219.6
3057,583,1649298579.425095000,10.11.219.6
3058,583,1649298579.426875000,10.11.219.6
3059,583,1649298579.428605000,10.11.219.6
3060,583,1649298579.430296000,10.11.219.6
3061,583,1649298579.431959000,10.11.219.6
3062,583,1649298579.433841000,10.11.219.6
3063,74,1649298579.434026000,10.11.219.6
3064,580,1649298579.436307000,10.11.219.6
3065,583,1649298579.440509000,10.11.219.6
3066,-66,1649298579.440806000,23.205.97.4
3067,-66,1649298579.440812000,103.231.99.80
3068,-2802,1649298579.442911000,103.231.99.80
3069,66,1649298579.442925000,10.11.219.6
3070,74,1649298579.443055000,10.11.219.6
3071,74,1649298579.443282000,10.11.219.6
3072,74,1649298579.443376000,10.11.219.6
3073,74,1649298579.443461000,10.11.219.6
3074,-333,1649298579.444218000,103.231.99.80
3075,78,1649298579.444238000,10.11.219.6
3076,-66,1649298579.444252000,18.177.242.21
3077,-3527,1649298579.444262000,54.150.10.110
3078,66,1649298579.444268000,10.11.219.6
3079,-1434,1649298579.444271000,103.231.99.80
3080,66,1649298579.444275000,10.11.219.6
3081,-2802,1649298579.445599000,18.177.242.21
3082,66,1649298579.445604000,10.11.219.6
3083,-1322,1649298579.445608000,18.177.242.21
3084,78,1649298579.445613000,10.11.219.6
3085,-74,1649298579.445615000,31.13.82.36
3086,66,1649298579.445621000,10.11.219.6
3087,-1434,1649298579.445625000,18.177.242.21
3088,66,1649298579.445628000,10.11.219.6
3089,-74,1649298579.446436000,172.217.25.162
3090,66,1649298579.446439000,10.11.219.6
3091,-74,1649298579.447271000,142.250.206.194
3092,66,1649298579.447273000,10.11.219.6
3093,192,1649298579.449018000,10.11.219.6
3094,192,1649298579.452901000,10.11.219.6
3095,-1434,1649298579.455075000,103.231.99.80
3096,78,1649298579.455100000,10.11.219.6
3097,-74,1649298579.456026000,103.231.99.243
3098,66,1649298579.456042000,10.11.219.6
3099,192,1649298579.457665000,10.11.219.6
3100,130,1649298579.458380000,10.11.219.6
3101,-66,1649298579.460299000,103.231.99.80
3102,583,1649298579.461221000,10.11.219.6
3103,-72,1649298579.461459000,103.231.99.80
3104,66,1649298579.461467000,10.11.219.6
3105,-111,1649298579.461474000,103.231.99.80
3106,66,1649298579.461476000,10.11.219.6
3107,-122,1649298579.461478000,103.231.99.80
3108,66,1649298579.461479000,10.11.219.6
3109,-646,1649298579.461481000,35.186.254.217
3110,66,1649298579.461486000,10.11.219.6
3111,583,1649298579.463125000,10.11.219.6
3112,-743,1649298579.464796000,23.64.8.218
3113,66,1649298579.464798000,10.11.219.6
3114,-117,1649298579.464800000,54.150.10.110
3115,66,1649298579.464803000,10.11.219.6
3116,583,1649298579.464913000,10.11.219.6
3117,-66,1649298579.466174000,142.250.206.194
3118,-66,1649298579.468376000,172.217.25.162
3119,-324,1649298579.469213000,18.177.242.21
3120,66,1649298579.469221000,10.11.219.6
3121,-135,1649298579.469233000,18.177.242.21
3122,66,1649298579.469237000,10.11.219.6
3123,-66,1649298579.473912000,31.13.82.36
3124,-1434,1649298579.478221000,31.13.82.36
3125,66,1649298579.478235000,10.11.219.6
3126,-761,1649298579.478257000,31.13.82.36
3127,78,1649298579.478265000,10.11.219.6
3128,-1434,1649298579.478272000,31.13.82.36
3129,66,1649298579.478280000,10.11.219.6
3130,-105,1649298579.478286000,209.54.176.128
3131,54,1649298579.478300000,10.11.219.6
3132,-141,1649298579.480129000,69.173.158.64
3133,66,1649298579.480134000,10.11.219.6
3134,-676,1649298579.483430000,23.205.97.4
3135,66,1649298579.483448000,10.11.219.6
3136,-1434,1649298579.486811000,119.9.108.180
3137,66,1649298579.486824000,10.11.219.6
3138,-307,1649298579.486832000,119.9.108.180
3139,78,1649298579.486835000,10.11.219.6
3140,-1434,1649298579.486837000,119.9.108.180
3141,66,1649298579.486840000,10.11.219.6
3142,-788,1649298579.495187000,184.25.233.136
3143,66,1649298579.495206000,10.11.219.6
3144,-66,1649298579.497193000,54.169.142.232
3145,236,1649298579.497918000,10.11.219.6
3146,403,1649298579.497943000,10.11.219.6
3147,-74,1649298579.498481000,3.216.55.148
3148,66,1649298579.498503000,10.11.219.6
3149,-97,1649298579.500470000,35.186.254.217
3150,66,1649298579.500495000,10.11.219.6
3151,-2802,1649298579.503159000,54.169.142.232
3152,66,1649298579.503175000,10.11.219.6
3153,-2754,1649298579.503200000,54.169.142.232
3154,66,1649298579.503207000,10.11.219.6
3155,-98,1649298579.505718000,69.173.158.64
3156,78,1649298579.505737000,10.11.219.6
3157,-1434,1649298579.505753000,69.173.158.64
3158,66,1649298579.505758000,10.11.219.6
3159,-1430,1649298579.505762000,69.173.158.64
3160,66,1649298579.505765000,10.11.219.6
3161,-720,1649298579.505768000,69.173.158.64
3162,66,1649298579.505771000,10.11.219.6
3163,-66,1649298579.505773000,35.186.254.217
3164,-2802,1649298579.506374000,142.250.206.194
3165,66,1649298579.506384000,10.11.219.6
3166,-496,1649298579.506394000,142.250.206.194
3167,78,1649298579.506399000,10.11.219.6
3168,-66,1649298579.506403000,103.43.90.179
3169,-1434,1649298579.506409000,142.250.206.194
3170,66,1649298579.506412000,10.11.219.6
3171,-2642,1649298579.507454000,103.43.90.179
3172,66,1649298579.507465000,10.11.219.6
3173,-233,1649298579.507478000,103.43.90.179
3174,66,1649298579.507483000,10.11.219.6
3175,583,1649298579.508293000,10.11.219.6
3176,-2802,1649298579.508368000,172.217.25.162
3177,66,1649298579.508378000,10.11.219.6
3178,-494,1649298579.508386000,172.217.25.162
3179,78,1649298579.508392000,10.11.219.6
3180,-1434,1649298579.508396000,172.217.25.162
3181,66,1649298579.508399000,10.11.219.6
3182,-442,1649298579.509715000,35.186.254.217
3183,66,1649298579.509720000,10.11.219.6
3184,130,1649298579.510095000,10.11.219.6
3185,505,1649298579.510557000,10.11.219.6
3186,97,1649298579.510822000,10.11.219.6
3187,105,1649298579.511957000,10.11.219.6
3188,236,1649298579.514130000,10.11.219.6
3189,431,1649298579.514154000,10.11.219.6
3190,-66,1649298579.514926000,35.186.254.217
3191,192,1649298579.518438000,10.11.219.6
3192,-66,1649298579.520535000,103.231.99.243
3193,159,1649298579.520871000,10.11.219.6
3194,-66,1649298579.521594000,104.244.42.131
3195,-2802,1649298579.523030000,103.231.99.243
3196,66,1649298579.523039000,10.11.219.6
3197,-333,1649298579.523050000,103.231.99.243
3198,78,1649298579.523056000,10.11.219.6
3199,-1434,1649298579.523066000,103.231.99.243
3200,66,1649298579.523071000,10.11.219.6
3201,216,1649298579.523744000,10.11.219.6
3202,-66,1649298579.524807000,103.71.26.125
3203,-66,1649298579.525891000,104.244.42.131
3204,-66,1649298579.525897000,104.244.42.131
3205,-593,1649298579.527001000,104.244.42.131
3206,66,1649298579.527017000,10.11.219.6
3207,-1434,1649298579.528304000,103.71.26.125
3208,66,1649298579.528321000,10.11.219.6
3209,-615,1649298579.528335000,103.71.26.125
3210,78,1649298579.528340000,10.11.219.6
3211,-1434,1649298579.528344000,103.71.26.125
3212,66,1649298579.528348000,10.11.219.6
3213,74,1649298579.529190000,10.11.219.6
3214,214,1649298579.531418000,10.11.219.6
3215,97,1649298579.532971000,10.11.219.6
3216,-1434,1649298579.534614000,103.231.99.243
3217,78,1649298579.534627000,10.11.219.6
3218,192,1649298579.536424000,10.11.219.6
3219,583,1649298579.538285000,10.11.219.6
3220,-66,1649298579.538830000,35.186.254.217
3221,192,1649298579.541292000,10.11.219.6
3222,130,1649298579.542503000,10.11.219.6
3223,344,1649298579.542935000,10.11.219.6
3224,-191,1649298579.543054000,35.186.254.217
3225,66,1649298579.543069000,10.11.219.6
3226,435,1649298579.543741000,10.11.219.6
3227,-66,1649298579.545242000,104.244.42.131
3228,-674,1649298579.545256000,142.250.206.194
3229,66,1649298579.545268000,10.11.219.6
3230,-66,1649298579.546235000,18.65.110.227
3231,-66,1649298579.552678000,103.231.99.243
3232,-117,1649298579.553761000,103.231.99.243
3233,66,1649298579.553777000,10.11.219.6
3234,-122,1649298579.553796000,103.231.99.243
3235,66,1649298579.553800000,10.11.219.6
3236,243,1649298579.567929000,10.11.219.6
3237,353,1649298579.567969000,10.11.219.6
3238,-66,1649298579.589248000,52.193.147.183
3239,-104,1649298579.589265000,52.193.147.183
3240,66,1649298579.589276000,10.11.219.6
3241,-413,1649298579.589297000,52.193.147.183
3242,66,1649298579.589304000,10.11.219.6
3243,-141,1649298579.593381000,69.173.158.64
3244,66,1649298579.593404000,10.11.219.6
3245,-324,1649298579.594731000,54.169.142.232
3246,66,1649298579.594743000,10.11.219.6
3247,-135,1649298579.594754000,54.169.142.232
3248,66,1649298579.594756000,10.11.219.6
3249,290,1649298579.596581000,10.11.219.6
3250,403,1649298579.596760000,10.11.219.6
3251,284,1649298579.597245000,10.11.219.6
3252,397,1649298579.597365000,10.11.219.6
3253,284,1649298579.597563000,10.11.219.6
3254,-66,1649298579.597781000,54.145.217.35
3255,285,1649298579.598010000,10.11.219.6
3256,397,1649298579.598140000,10.11.219.6
3257,398,1649298579.598159000,10.11.219.6
3258,-66,1649298579.598896000,18.65.110.227
3259,105,1649298579.599146000,10.11.219.6
3260,104,1649298579.599173000,10.11.219.6
3261,146,1649298579.599582000,10.11.219.6
3262,-2802,1649298579.600623000,54.145.217.35
3263,66,1649298579.600642000,10.11.219.6
3264,-1434,1649298579.600671000,54.145.217.35
3265,66,1649298579.600679000,10.11.219.6
3266,-166,1649298579.600683000,54.145.217.35
3267,78,1649298579.600686000,10.11.219.6
3268,-66,1649298579.600688000,18.65.110.227
3269,-66,1649298579.600694000,103.43.90.179
3270,-340,1649298579.600697000,103.43.90.179
3271,66,1649298579.600699000,10.11.219.6
3272,-1434,1649298579.600702000,54.145.217.35
3273,66,1649298579.600705000,10.11.219.6
3274,-66,1649298579.601223000,18.65.110.227
3275,-66,1649298579.601238000,18.65.110.227
3276,288,1649298579.601695000,10.11.219.6
3277,400,1649298579.601968000,10.11.219.6
3278,281,1649298579.602014000,10.11.219.6
3279,236,1649298579.602311000,10.11.219.6
3280,393,1649298579.602339000,10.11.219.6
3281,357,1649298579.602348000,10.11.219.6
3282,-66,1649298579.604207000,18.65.110.227
3283,-66,1649298579.606514000,142.250.206.194
3284,-66,1649298579.606520000,18.65.110.227
3285,-97,1649298579.606521000,142.250.206.194
3286,66,1649298579.606528000,10.11.219.6
3287,192,1649298579.607210000,10.11.219.6
3288,171,1649298579.607703000,10.11.219.6
3289,-66,1649298579.607725000,35.186.254.217
3290,97,1649298579.607785000,10.11.219.6
3291,285,1649298579.608648000,10.11.219.6
3292,397,1649298579.608731000,10.11.219.6
3293,236,1649298579.608817000,10.11.219.6
3294,369,1649298579.608836000,10.11.219.6
3295,74,1649298579.608954000,10.11.219.6
3296,563,1649298579.609485000,10.11.219.6
3297,-66,1649298579.610755000,18.65.110.227
3298,545,1649298579.612603000,10.11.219.6
3299,-369,1649298579.614467000,18.178.52.42
3300,66,1649298579.614477000,10.11.219.6
3301,-369,1649298579.614485000,18.178.52.42
3302,66,1649298579.614488000,10.11.219.6
3303,-109,1649298579.614491000,18.178.52.42
3304,66,1649298579.614492000,10.11.219.6
3305,97,1649298579.615003000,10.11.219.6
3306,-66,1649298579.615565000,142.250.206.194
3307,-74,1649298579.615572000,108.156.105.134
3308,66,1649298579.615586000,10.11.219.6
3309,-66,1649298579.615591000,23.205.97.4
3310,583,1649298579.617530000,10.11.219.6
3311,573,1649298579.618989000,10.11.219.6
3312,130,1649298579.619303000,10.11.219.6
3313,-66,1649298579.619662000,52.193.147.183
3314,-219,1649298579.619705000,52.193.147.183
3315,66,1649298579.619708000,10.11.219.6
3316,236,1649298579.620448000,10.11.219.6
3317,402,1649298579.620479000,10.11.219.6
3318,-66,1649298579.621706000,103.71.26.125
3319,-117,1649298579.621721000,103.71.26.125
3320,66,1649298579.621731000,10.11.219.6
3321,-66,1649298579.621749000,18.178.52.42
3322,-97,1649298579.621755000,18.178.52.42
3323,66,1649298579.621759000,10.11.219.6
3324,535,1649298579.622373000,10.11.219.6
3325,-646,1649298579.622955000,35.227.202.26
3326,66,1649298579.622969000,10.11.219.6
3327,-66,1649298579.623823000,35.227.202.26
3328,97,1649298579.623857000,10.11.219.6
3329,-97,1649298579.623876000,35.227.202.26
3330,66,1649298579.623880000,10.11.219.6
3331,-443,1649298579.627011000,104.244.42.131
3332,66,1649298579.627021000,10.11.219.6
3333,-550,1649298579.629322000,18.178.52.42
3334,66,1649298579.629334000,10.11.219.6
3335,243,1649298579.631870000,10.11.219.6
3336,343,1649298579.631948000,10.11.219.6
3337,-924,1649298579.632490000,52.197.169.27
3338,66,1649298579.632502000,10.11.219.6
3339,-66,1649298579.632509000,35.227.202.26
3340,-119,1649298579.643084000,54.150.10.110
3341,66,1649298579.643100000,10.11.219.6
3342,-940,1649298579.645248000,54.150.10.110
3343,66,1649298579.645254000,10.11.219.6
3344,-669,1649298579.650633000,18.65.110.227
3345,66,1649298579.650646000,10.11.219.6
3346,-97,1649298579.650659000,18.65.110.227
3347,66,1649298579.650661000,10.11.219.6
3348,-1120,1649298579.661463000,23.205.97.4
3349,66,1649298579.661477000,10.11.219.6
3350,-656,1649298579.665621000,35.227.202.26
3351,66,1649298579.665628000,10.11.219.6
3352,-234,1649298579.665638000,34.223.189.100
3353,66,1649298579.665644000,10.11.219.6
3354,-104,1649298579.665647000,34.223.189.100
3355,66,1649298579.665649000,10.11.219.6
3356,130,1649298579.673524000,10.11.219.6
3357,243,1649298579.674953000,10.11.219.6
3358,470,1649298579.674993000,10.11.219.6
3359,104,1649298579.675057000,10.11.219.6
3360,-646,1649298579.676343000,35.244.159.8
3361,66,1649298579.676368000,10.11.219.6
3362,186,1649298579.677100000,10.11.219.6
3363,105,1649298579.680933000,10.11.219.6
3364,104,1649298579.680989000,10.11.219.6
3365,236,1649298579.685363000,10.11.219.6
3366,412,1649298579.685421000,10.11.219.6
3367,-66,1649298579.686171000,103.231.99.80
3368,-104,1649298579.687296000,103.231.99.80
3369,66,1649298579.687309000,10.11.219.6
3370,-602,1649298579.687322000,103.231.99.80
3371,66,1649298579.687325000,10.11.219.6
3372,-104,1649298579.687328000,103.231.99.80
3373,66,1649298579.687332000,10.11.219.6
3374,-97,1649298579.688299000,35.244.159.8
3375,66,1649298579.688313000,10.11.219.6
3376,-66,1649298579.688327000,35.227.202.26
3377,595,1649298579.688459000,10.11.219.6
3378,97,1649298579.689487000,10.11.219.6
3379,-66,1649298579.691510000,35.244.159.8
3380,549,1649298579.691810000,10.11.219.6
3381,165,1649298579.691913000,10.11.219.6
3382,-66,1649298579.692347000,103.231.99.80
3383,-639,1649298579.692359000,209.54.176.128
3384,54,1649298579.692371000,10.11.219.6
3385,-354,1649298579.693007000,18.178.52.42
3386,66,1649298579.693025000,10.11.219.6
3387,513,1649298579.693462000,10.11.219.6
3388,74,1649298579.693638000,10.11.219.6
3389,-903,1649298579.694098000,69.173.158.64
3390,66,1649298579.694115000,10.11.219.6
3391,-66,1649298579.695205000,23.205.97.4
3392,-66,1649298579.696265000,209.54.176.128
3393,54,1649298579.696287000,10.11.219.6
3394,571,1649298579.699663000,10.11.219.6
3395,74,1649298579.700594000,10.11.219.6
3396,130,1649298579.700939000,10.11.219.6
3397,-705,1649298579.701804000,52.197.169.27
3398,66,1649298579.701823000,10.11.219.6
3399,236,1649298579.702323000,10.11.219.6
3400,474,1649298579.702344000,10.11.219.6
3401,-66,1649298579.704047000,54.150.10.110
3402,-669,1649298579.704064000,18.65.110.227
3403,66,1649298579.704072000,10.11.219.6
3404,-97,1649298579.704085000,18.65.110.227
3405,66,1649298579.704089000,10.11.219.6
3406,-419,1649298579.704772000,54.150.10.110
3407,66,1649298579.704780000,10.11.219.6
3408,-669,1649298579.704790000,18.65.110.227
3409,66,1649298579.704792000,10.11.219.6
3410,-97,1649298579.704795000,18.65.110.227
3411,66,1649298579.704796000,10.11.219.6
3412,-668,1649298579.704798000,18.65.110.227
3413,66,1649298579.704800000,10.11.219.6
3414,-97,1649298579.704801000,18.65.110.227
3415,66,1649298579.704805000,10.11.219.6
3416,-669,1649298579.706164000,18.65.110.227
3417,66,1649298579.706176000,10.11.219.6
3418,-97,1649298579.706189000,18.65.110.227
3419,66,1649298579.706191000,10.11.219.6
3420,130,1649298579.708304000,10.11.219.6
3421,-669,1649298579.708336000,18.65.110.227
3422,66,1649298579.708346000,10.11.219.6
3423,-97,1649298579.708355000,18.65.110.227
3424,66,1649298579.708357000,10.11.219.6
3425,-66,1649298579.711513000,31.13.82.36
3426,-670,1649298579.712044000,18.65.110.227
3427,66,1649298579.712055000,10.11.219.6
3428,-97,1649298579.712069000,18.65.110.227
3429,66,1649298579.712073000,10.11.219.6
3430,-237,1649298579.712077000,31.13.82.36
3431,66,1649298579.712081000,10.11.219.6
3432,-146,1649298579.712087000,31.13.82.36
3433,66,1649298579.712092000,10.11.219.6
3434,-66,1649298579.714481000,31.13.82.36
3435,-66,1649298579.714493000,31.13.82.36
3436,-66,1649298579.714496000,3.216.55.148
3437,-110,1649298579.714499000,31.13.82.36
3438,66,1649298579.714507000,10.11.219.6
3439,-3622,1649298579.716189000,3.216.55.148
3440,66,1649298579.716194000,10.11.219.6
3441,-670,1649298579.717080000,18.65.110.227
3442,66,1649298579.717084000,10.11.219.6
3443,-97,1649298579.717088000,18.65.110.227
3444,66,1649298579.717090000,10.11.219.6
3445,-66,1649298579.717091000,34.223.189.100
3446,-66,1649298579.718102000,34.223.189.100
3447,-235,1649298579.719248000,34.223.189.100
3448,66,1649298579.719259000,10.11.219.6
3449,-104,1649298579.719272000,34.223.189.100
3450,66,1649298579.719274000,10.11.219.6
3451,-236,1649298579.720218000,34.223.189.100
3452,66,1649298579.720221000,10.11.219.6
3453,-104,1649298579.720225000,34.223.189.100
3454,66,1649298579.720227000,10.11.219.6
3455,-235,1649298579.720228000,34.223.189.100
3456,66,1649298579.720230000,10.11.219.6
3457,-104,1649298579.720232000,34.223.189.100
3458,66,1649298579.720233000,10.11.219.6
3459,-235,1649298579.721668000,34.223.189.100
3460,66,1649298579.721675000,10.11.219.6
3461,-104,1649298579.721683000,34.223.189.100
3462,66,1649298579.721684000,10.11.219.6
3463,-66,1649298579.724067000,34.223.189.100
3464,-235,1649298579.725142000,34.223.189.100
3465,66,1649298579.725150000,10.11.219.6
3466,-104,1649298579.725161000,34.223.189.100
3467,66,1649298579.725163000,10.11.219.6
3468,-234,1649298579.726227000,34.223.189.100
3469,66,1649298579.726233000,10.11.219.6
3470,-104,1649298579.726241000,34.223.189.100
3471,66,1649298579.726242000,10.11.219.6
3472,-473,1649298579.730568000,35.244.159.8
3473,66,1649298579.730584000,10.11.219.6
3474,-235,1649298579.731681000,34.223.189.100
3475,66,1649298579.731689000,10.11.219.6
3476,-104,1649298579.731695000,34.223.189.100
3477,66,1649298579.731696000,10.11.219.6
3478,-771,1649298579.739233000,23.205.97.4
3479,66,1649298579.739249000,10.11.219.6
3480,192,1649298579.748325000,10.11.219.6
3481,539,1649298579.748375000,10.11.219.6
3482,97,1649298579.749172000,10.11.219.6
3483,-718,1649298579.768205000,142.250.206.194
3484,66,1649298579.768219000,10.11.219.6
3485,-397,1649298579.768232000,142.250.206.194
3486,66,1649298579.768234000,10.11.219.6
3487,-145,1649298579.769143000,119.9.108.180
3488,66,1649298579.769150000,10.11.219.6
3489,-145,1649298579.769154000,119.9.108.180
3490,66,1649298579.769155000,10.11.219.6
3491,-97,1649298579.771293000,142.250.206.194
3492,66,1649298579.771311000,10.11.219.6
3493,-105,1649298579.771336000,142.250.206.194
3494,66,1649298579.771338000,10.11.219.6
3495,-66,1649298579.783118000,209.54.176.128
3496,54,1649298579.783143000,10.11.219.6
3497,-117,1649298579.785229000,54.145.217.35
3498,66,1649298579.785242000,10.11.219.6
3499,-135,1649298579.785256000,54.145.217.35
3500,66,1649298579.785259000,10.11.219.6
3501,-639,1649298579.786350000,209.54.176.128
3502,54,1649298579.786358000,10.11.219.6
3503,105,1649298579.788227000,10.11.219.6
3504,229,1649298579.788384000,10.11.219.6
3505,-66,1649298579.788439000,108.156.105.134
3506,-2802,1649298579.791074000,108.156.105.134
3507,66,1649298579.791096000,10.11.219.6
3508,501,1649298579.791118000,10.11.219.6
3509,-2802,1649298579.791142000,108.156.105.134
3510,66,1649298579.791148000,10.11.219.6
3511,-66,1649298579.791152000,35.244.159.8
3512,243,1649298579.791296000,10.11.219.6
3513,349,1649298579.791312000,10.11.219.6
3514,-587,1649298579.792025000,108.156.105.134
3515,66,1649298579.792050000,10.11.219.6
3516,506,1649298579.794156000,10.11.219.6
3517,105,1649298579.794396000,10.11.219.6
3518,104,1649298579.794417000,10.11.219.6
3519,-66,1649298579.797289000,142.250.206.194
3520,-66,1649298579.800743000,31.13.82.36
3521,571,1649298579.800921000,10.11.219.6
3522,-66,1649298579.802942000,18.177.242.21
3523,-104,1649298579.802956000,18.177.242.21
3524,66,1649298579.802965000,10.11.219.6
3525,174,1649298579.803043000,10.11.219.6
3526,-700,1649298579.804021000,18.177.242.21
3527,66,1649298579.804047000,10.11.219.6
3528,130,1649298579.805719000,10.11.219.6
3529,487,1649298579.806371000,10.11.219.6
3530,-66,1649298579.806391000,142.250.206.194
3531,-66,1649298579.809646000,142.250.206.194
3532,-674,1649298579.809656000,142.250.206.194
3533,66,1649298579.809665000,10.11.219.6
3534,-710,1649298579.811792000,119.9.108.180
3535,66,1649298579.811800000,10.11.219.6
3536,130,1649298579.834771000,10.11.219.6
3537,531,1649298579.836578000,10.11.219.6
3538,253,1649298579.837035000,10.11.219.6
3539,545,1649298579.837565000,10.11.219.6
3540,-356,1649298579.839176000,35.244.159.8
3541,66,1649298579.839195000,10.11.219.6
3542,-674,1649298579.839208000,172.217.25.162
3543,66,1649298579.839215000,10.11.219.6
3544,171,1649298579.839349000,10.11.219.6
3545,-97,1649298579.839714000,142.250.206.194
3546,66,1649298579.839725000,10.11.219.6
3547,-66,1649298579.841929000,142.250.206.194
3548,236,1649298579.842286000,10.11.219.6
3549,389,1649298579.842314000,10.11.219.6
3550,90,1649298579.842358000,10.11.219.6
3551,66,1649298579.842372000,10.11.219.6
3552,-66,1649298579.845471000,172.217.25.162
3553,-97,1649298579.845485000,172.217.25.162
3554,66,1649298579.845492000,10.11.219.6
3555,-66,1649298579.845501000,142.250.206.194
3556,66,1649298579.845506000,10.11.219.6
3557,105,1649298579.845608000,10.11.219.6
3558,97,1649298579.845634000,10.11.219.6
3559,243,1649298579.846827000,10.11.219.6
3560,401,1649298579.846851000,10.11.219.6
3561,-66,1649298579.849707000,18.177.242.21
3562,104,1649298579.850311000,10.11.219.6
3563,-66,1649298579.850835000,35.213.12.39
3564,-923,1649298579.851938000,35.213.12.39
3565,66,1649298579.851960000,10.11.219.6
3566,-66,1649298579.853001000,35.244.159.8
3567,-66,1649298579.853986000,172.217.25.162
3568,243,1649298579.854449000,10.11.219.6
3569,407,1649298579.854473000,10.11.219.6
3570,104,1649298579.856540000,10.11.219.6
3571,130,1649298579.857084000,10.11.219.6
3572,526,1649298579.857536000,10.11.219.6
3573,-66,1649298579.862700000,209.54.176.128
3574,54,1649298579.862712000,10.11.219.6
3575,-54,1649298579.864736000,209.54.176.128
3576,571,1649298579.865078000,10.11.219.6
3577,-66,1649298579.865906000,103.231.99.243
3578,-104,1649298579.865920000,103.231.99.243
3579,66,1649298579.865928000,10.11.219.6
3580,-407,1649298579.865943000,103.231.99.243
3581,66,1649298579.865944000,10.11.219.6
3582,550,1649298579.867608000,10.11.219.6
3583,-54,1649298579.868180000,209.54.176.128
3584,-66,1649298579.868196000,209.54.176.128
3585,54,1649298579.868213000,10.11.219.6
3586,-66,1649298579.868225000,103.231.99.243
3587,-6001,1649298579.869671000,209.54.176.128
3588,54,1649298579.869775000,10.11.219.6
3589,-66,1649298579.870370000,103.43.90.179
3590,571,1649298579.871040000,10.11.219.6
3591,-1045,1649298579.871679000,103.43.90.179
3592,66,1649298579.871699000,10.11.219.6
3593,-2786,1649298579.872671000,31.13.82.36
3594,66,1649298579.872704000,10.11.219.6
3595,180,1649298579.876365000,10.11.219.6
3596,540,1649298579.876862000,10.11.219.6
3597,-639,1649298579.878021000,209.54.176.128
3598,54,1649298579.878043000,10.11.219.6
3599,-887,1649298579.879238000,69.173.158.64
3600,66,1649298579.879259000,10.11.219.6
3601,543,1649298579.879587000,10.11.219.6
3602,537,1649298579.883083000,10.11.219.6
3603,221,1649298579.886056000,10.11.219.6
3604,531,1649298579.888171000,10.11.219.6
3605,-755,1649298579.890458000,172.217.25.162
3606,66,1649298579.890471000,10.11.219.6
3607,-139,1649298579.890485000,172.217.25.162
3608,66,1649298579.890489000,10.11.219.6
3609,-97,1649298579.890492000,172.217.25.162
3610,66,1649298579.890494000,10.11.219.6
3611,-105,1649298579.890497000,172.217.25.162
3612,66,1649298579.890499000,10.11.219.6
3613,105,1649298579.890864000,10.11.219.6
3614,-66,1649298579.893077000,172.217.25.162
3615,-66,1649298579.897571000,103.231.99.243
3616,-136,1649298579.897591000,103.231.99.243
3617,66,1649298579.897598000,10.11.219.6
3618,74,1649298579.898071000,10.11.219.6
3619,-330,1649298579.898721000,35.213.12.39
3620,66,1649298579.898735000,10.11.219.6
3621,-74,1649298579.900825000,172.217.161.196
3622,66,1649298579.900847000,10.11.219.6
3623,583,1649298579.903074000,10.11.219.6
3624,-66,1649298579.906113000,172.217.161.196
3625,-104,1649298579.920238000,54.169.142.232
3626,66,1649298579.920262000,10.11.219.6
3627,-995,1649298579.923485000,54.169.142.232
3628,66,1649298579.923510000,10.11.219.6
3629,-104,1649298579.923528000,54.169.142.232
3630,66,1649298579.923532000,10.11.219.6
3631,-324,1649298579.924497000,3.216.55.148
3632,66,1649298579.924512000,10.11.219.6
3633,-135,1649298579.924523000,3.216.55.148
3634,66,1649298579.924526000,10.11.219.6
3635,243,1649298579.926467000,10.11.219.6
3636,339,1649298579.926503000,10.11.219.6
3637,104,1649298579.927571000,10.11.219.6
3638,-291,1649298579.940810000,119.9.108.180
3639,66,1649298579.940834000,10.11.219.6
3640,-249,1649298579.946475000,172.217.161.196
3641,78,1649298579.946492000,10.11.219.6
3642,-2802,1649298579.946508000,172.217.161.196
3643,78,1649298579.946513000,10.11.219.6
3644,-1434,1649298579.947323000,172.217.161.196
3645,66,1649298579.947335000,10.11.219.6
3646,74,1649298579.950695000,10.11.219.6
3647,-66,1649298579.951417000,103.71.26.125
3648,-765,1649298579.952814000,103.71.26.125
3649,66,1649298579.952840000,10.11.219.6
3650,-54,1649298579.958102000,209.54.176.128
3651,612,1649298579.963314000,10.11.219.6
3652,-823,1649298579.969927000,103.43.90.179
3653,66,1649298579.969945000,10.11.219.6
3654,-66,1649298579.971083000,54.169.142.232
3655,-639,1649298579.971094000,209.54.176.128
3656,54,1649298579.971105000,10.11.219.6
3657,524,1649298579.971357000,10.11.219.6
3658,243,1649298579.974788000,10.11.219.6
3659,408,1649298579.974831000,10.11.219.6
3660,-54,1649298579.975346000,209.54.176.128
3661,104,1649298579.975721000,10.11.219.6
3662,-2774,1649298579.977601000,209.54.176.128
3663,54,1649298579.977608000,10.11.219.6
3664,-3281,1649298579.978916000,209.54.176.128
3665,54,1649298579.978922000,10.11.219.6
3666,180,1649298579.981951000,10.11.219.6
3667,-190,1649298579.983834000,142.250.206.194
3668,66,1649298579.983844000,10.11.219.6
3669,-366,1649298579.983853000,142.250.206.194
3670,66,1649298579.983856000,10.11.219.6
3671,-97,1649298579.986861000,142.250.206.194
3672,66,1649298579.986874000,10.11.219.6
3673,-105,1649298579.986889000,142.250.206.194
3674,66,1649298579.986892000,10.11.219.6
3675,105,1649298579.986993000,10.11.219.6
3676,-66,1649298579.989192000,142.250.206.194
3677,130,1649298580.003129000,10.11.219.6
3678,236,1649298580.003492000,10.11.219.6
3679,394,1649298580.003512000,10.11.219.6
3680,-66,1649298580.006401000,172.217.161.196
3681,-674,1649298580.006411000,172.217.161.196
3682,66,1649298580.006420000,10.11.219.6
3683,-97,1649298580.006428000,172.217.161.196
3684,66,1649298580.006431000,10.11.219.6
3685,97,1649298580.006961000,10.11.219.6
3686,-66,1649298580.013616000,172.217.161.196
3687,-54,1649298580.014677000,52.119.175.30
3688,-314,1649298580.019922000,142.250.206.194
3689,-396,1649298580.021237000,142.250.206.194
3690,66,1649298580.021266000,10.11.219.6
3691,178,1649298580.024169000,10.11.219.6
3692,-97,1649298580.024373000,142.250.206.194
3693,-105,1649298580.024380000,142.250.206.194
3694,66,1649298580.024495000,10.11.219.6
3695,105,1649298580.024667000,10.11.219.6
3696,-66,1649298580.027461000,142.250.206.194
3697,-66,1649298580.027468000,108.156.105.134
3698,-66,1649298580.030173000,108.156.105.134
3699,-576,1649298580.030177000,108.156.105.134
3700,66,1649298580.030180000,10.11.219.6
3701,-54,1649298580.030186000,209.54.176.128
3702,-54,1649298580.032160000,209.54.176.128
3703,-2774,1649298580.034988000,209.54.176.128
3704,54,1649298580.035001000,10.11.219.6
3705,-3281,1649298580.035029000,209.54.176.128
3706,54,1649298580.035035000,10.11.219.6
3707,-54,1649298580.035578000,209.54.176.128
3708,180,1649298580.038316000,10.11.219.6
3709,-54,1649298580.038831000,209.54.176.128
3710,-2774,1649298580.041312000,209.54.176.128
3711,54,1649298580.041322000,10.11.219.6
3712,-2774,1649298580.041344000,209.54.176.128
3713,54,1649298580.041348000,10.11.219.6
3714,-561,1649298580.041952000,209.54.176.128
3715,54,1649298580.041958000,10.11.219.6
3716,180,1649298580.044396000,10.11.219.6
3717,-105,1649298580.045172000,209.54.176.128
3718,54,1649298580.045183000,10.11.219.6
3719,-639,1649298580.045191000,52.119.175.30
3720,54,1649298580.045194000,10.11.219.6
3721,551,1649298580.047419000,10.11.219.6
3722,-66,1649298580.052211000,103.71.26.125
3723,-702,1649298580.052224000,103.71.26.125
3724,66,1649298580.052233000,10.11.219.6
3725,-683,1649298580.052248000,172.217.161.196
3726,66,1649298580.052252000,10.11.219.6
3727,-139,1649298580.052255000,172.217.161.196
3728,66,1649298580.052258000,10.11.219.6
3729,-97,1649298580.052260000,172.217.161.196
3730,66,1649298580.052263000,10.11.219.6
3731,-105,1649298580.052265000,172.217.161.196
3732,66,1649298580.052267000,10.11.219.6
3733,105,1649298580.052912000,10.11.219.6
3734,-66,1649298580.055362000,172.217.161.196
3735,74,1649298580.061104000,10.11.219.6
3736,-639,1649298580.061700000,209.54.176.128
3737,54,1649298580.061712000,10.11.219.6
3738,569,1649298580.061912000,10.11.219.6
3739,-74,1649298580.064939000,142.250.207.99
3740,66,1649298580.064959000,10.11.219.6
3741,583,1649298580.066666000,10.11.219.6
3742,-66,1649298580.070342000,142.250.207.99
