index,size,time,ip
0,78,1649594897.005067,192.168.1.3
1,78,1649594897.005826,192.168.1.3
2,-74,1649594897.01295,13.249.146.146
3,66,1649594897.01302,192.168.1.3
4,583,1649594897.013445,192.168.1.3
5,-74,1649594897.013796,13.249.146.146
6,66,1649594897.013868,192.168.1.3
7,583,1649594897.014245,192.168.1.3
8,-66,1649594897.022029,13.249.146.146
9,-1468,1649594897.022031,13.249.146.146
10,-1468,1649594897.022032,13.249.146.146
11,-1468,1649594897.022034,13.249.146.146
12,-66,1649594897.022045,13.249.146.146
13,66,1649594897.022096,192.168.1.3
14,66,1649594897.022209,192.168.1.3
15,-1115,1649594897.024582,13.249.146.146
16,66,1649594897.024639,192.168.1.3
17,-1468,1649594897.028895,13.249.146.146
18,-1468,1649594897.028898,13.249.146.146
19,-1468,1649594897.0289,13.249.146.146
20,66,1649594897.028952,192.168.1.3
21,66,1649594897.029033,192.168.1.3
22,-1115,1649594897.032486,13.249.146.146
23,66,1649594897.032531,192.168.1.3
24,130,1649594897.044079,192.168.1.3
25,130,1649594897.044298,192.168.1.3
26,66,1649594897.04439,192.168.1.3
27,158,1649594897.044508,192.168.1.3
28,801,1649594897.044797,192.168.1.3
29,-66,1649594897.051529,13.249.146.146
30,-66,1649594897.05153,13.249.146.146
31,-66,1649594897.051535,13.249.146.146
32,-66,1649594897.051535,13.249.146.146
33,-66,1649594897.052061,13.249.146.146
34,-137,1649594897.052065,13.249.146.146
35,-66,1649594897.052066,13.249.146.146
36,66,1649594897.052119,192.168.1.3
37,66,1649594897.052131,192.168.1.3
38,97,1649594897.052289,192.168.1.3
39,-66,1649594897.059843,13.249.146.146
40,-1172,1649594897.340565,13.249.146.146
41,-1468,1649594897.340567,13.249.146.146
42,-1468,1649594897.340569,13.249.146.146
43,-1468,1649594897.34057,13.249.146.146
44,-654,1649594897.340573,13.249.146.146
45,-1468,1649594897.340574,13.249.146.146
46,-1468,1649594897.340576,13.249.146.146
47,-1468,1649594897.340578,13.249.146.146
48,-1468,1649594897.340579,13.249.146.146
49,-1356,1649594897.34058,13.249.146.146
50,-1356,1649594897.340582,13.249.146.146
51,66,1649594897.340655,192.168.1.3
52,78,1649594897.340683,192.168.1.3
53,66,1649594897.340787,192.168.1.3
54,-1468,1649594897.365842,13.249.146.146
55,-1468,1649594897.365845,13.249.146.146
56,-1468,1649594897.365846,13.249.146.146
57,-1468,1649594897.365847,13.249.146.146
58,-1468,1649594897.365849,13.249.146.146
59,-1468,1649594897.36585,13.249.146.146
60,-680,1649594897.365851,13.249.146.146
61,66,1649594897.365897,192.168.1.3
62,66,1649594897.366745,192.168.1.3
63,-1468,1649594897.388273,13.249.146.146
64,-1468,1649594897.388274,13.249.146.146
65,-1468,1649594897.388276,13.249.146.146
66,-1468,1649594897.388276,13.249.146.146
67,-1468,1649594897.388277,13.249.146.146
68,-1468,1649594897.388278,13.249.146.146
69,-1468,1649594897.388279,13.249.146.146
70,66,1649594897.388317,192.168.1.3
71,66,1649594897.388369,192.168.1.3
72,-1468,1649594897.390249,13.249.146.146
73,-1468,1649594897.390251,13.249.146.146
74,-1468,1649594897.390252,13.249.146.146
75,-1468,1649594897.390254,13.249.146.146
76,-1050,1649594897.390255,13.249.146.146
77,-469,1649594897.390256,13.249.146.146
78,66,1649594897.3903,192.168.1.3
79,66,1649594897.390351,192.168.1.3
80,-404,1649594897.402064,13.249.146.146
81,66,1649594897.402459,192.168.1.3
82,-1468,1649594897.45804,13.249.146.146
83,-1468,1649594897.458043,13.249.146.146
84,-1468,1649594897.458044,13.249.146.146
85,-1468,1649594897.458045,13.249.146.146
86,-1468,1649594897.458046,13.249.146.146
87,-1468,1649594897.458047,13.249.146.146
88,-1468,1649594897.458049,13.249.146.146
89,-1468,1649594897.45805,13.249.146.146
90,66,1649594897.458108,192.168.1.3
91,-1468,1649594897.458147,13.249.146.146
92,-1468,1649594897.458148,13.249.146.146
93,-1468,1649594897.458149,13.249.146.146
94,-1050,1649594897.45815,13.249.146.146
95,66,1649594897.458175,192.168.1.3
96,66,1649594897.458207,192.168.1.3
97,-1468,1649594897.45931,13.249.146.146
98,-1468,1649594897.459312,13.249.146.146
99,-1468,1649594897.459313,13.249.146.146
100,-1468,1649594897.459314,13.249.146.146
101,-1468,1649594897.459315,13.249.146.146
102,-1468,1649594897.459316,13.249.146.146
103,-209,1649594897.459318,13.249.146.146
104,66,1649594897.45936,192.168.1.3
105,66,1649594897.459948,192.168.1.3
106,78,1649594897.463352,192.168.1.3
107,-1468,1649594897.479803,13.249.146.146
108,-1468,1649594897.479805,13.249.146.146
109,-1468,1649594897.479806,13.249.146.146
110,-1468,1649594897.479807,13.249.146.146
111,-1468,1649594897.479808,13.249.146.146
112,-1468,1649594897.479809,13.249.146.146
113,-1468,1649594897.47981,13.249.146.146
114,-1468,1649594897.479811,13.249.146.146
115,-1468,1649594897.47984,13.249.146.146
116,-1468,1649594897.479842,13.249.146.146
117,-1468,1649594897.479843,13.249.146.146
118,-1050,1649594897.479844,13.249.146.146
119,66,1649594897.479867,192.168.1.3
120,66,1649594897.479883,192.168.1.3
121,66,1649594897.479957,192.168.1.3
122,-100,1649594897.481244,13.249.146.146
123,66,1649594897.481281,192.168.1.3
124,-1468,1649594897.497606,13.249.146.146
125,-1468,1649594897.497608,13.249.146.146
126,-1468,1649594897.49761,13.249.146.146
127,-1468,1649594897.497611,13.249.146.146
128,-1468,1649594897.497612,13.249.146.146
129,-1468,1649594897.497613,13.249.146.146
130,-1468,1649594897.497614,13.249.146.146
131,-1029,1649594897.497616,13.249.146.146
132,66,1649594897.497665,192.168.1.3
133,66,1649594897.497721,192.168.1.3
134,-1468,1649594897.55606,13.249.146.146
135,-1468,1649594897.556062,13.249.146.146
136,-1468,1649594897.556063,13.249.146.146
137,-1468,1649594897.556064,13.249.146.146
138,-1468,1649594897.556065,13.249.146.146
139,-1468,1649594897.556066,13.249.146.146
140,-1468,1649594897.556068,13.249.146.146
141,-1468,1649594897.55608,13.249.146.146
142,66,1649594897.55612,192.168.1.3
143,-1468,1649594897.556136,13.249.146.146
144,-1468,1649594897.556137,13.249.146.146
145,-1468,1649594897.556139,13.249.146.146
146,-1050,1649594897.55614,13.249.146.146
147,66,1649594897.556197,192.168.1.3
148,66,1649594897.556668,192.168.1.3
149,-1468,1649594897.557583,13.249.146.146
150,-1468,1649594897.557584,13.249.146.146
151,-1468,1649594897.557586,13.249.146.146
152,-1468,1649594897.557587,13.249.146.146
153,-1468,1649594897.557588,13.249.146.146
154,-1468,1649594897.557589,13.249.146.146
155,-1468,1649594897.557591,13.249.146.146
156,66,1649594897.557627,192.168.1.3
157,66,1649594897.557802,192.168.1.3
158,-896,1649594897.557979,13.249.146.146
159,66,1649594897.558923,192.168.1.3
160,-1468,1649594897.591696,13.249.146.146
161,-1468,1649594897.591698,13.249.146.146
162,-1468,1649594897.591699,13.249.146.146
163,-1468,1649594897.591701,13.249.146.146
164,-1468,1649594897.591701,13.249.146.146
165,-1468,1649594897.591703,13.249.146.146
166,-1468,1649594897.591704,13.249.146.146
167,-1468,1649594897.591705,13.249.146.146
168,-1468,1649594897.591721,13.249.146.146
169,-1468,1649594897.591722,13.249.146.146
170,-1468,1649594897.591723,13.249.146.146
171,-1050,1649594897.591724,13.249.146.146
172,66,1649594897.591747,192.168.1.3
173,66,1649594897.591764,192.168.1.3
174,66,1649594897.5918,192.168.1.3
175,-1468,1649594897.592756,13.249.146.146
176,-313,1649594897.592757,13.249.146.146
177,66,1649594897.59278,192.168.1.3
178,-74,1649594897.596213,54.191.28.19
179,66,1649594897.596274,192.168.1.3
180,583,1649594897.596523,192.168.1.3
181,-1468,1649594897.654817,13.249.146.146
182,-1468,1649594897.65482,13.249.146.146
183,-1468,1649594897.654821,13.249.146.146
184,-1468,1649594897.654822,13.249.146.146
185,-1468,1649594897.654823,13.249.146.146
186,-1468,1649594897.654825,13.249.146.146
187,-1468,1649594897.654826,13.249.146.146
188,66,1649594897.654877,192.168.1.3
189,66,1649594897.654969,192.168.1.3
190,-1468,1649594897.655287,13.249.146.146
191,-1468,1649594897.655289,13.249.146.146
192,-1468,1649594897.65529,13.249.146.146
193,-1468,1649594897.655292,13.249.146.146
194,-1050,1649594897.655292,13.249.146.146
195,66,1649594897.655318,192.168.1.3
196,66,1649594897.655409,192.168.1.3
197,-1468,1649594897.656743,13.249.146.146
198,-1468,1649594897.656746,13.249.146.146
199,-1468,1649594897.656747,13.249.146.146
200,-693,1649594897.656748,13.249.146.146
201,66,1649594897.656805,192.168.1.3
202,66,1649594897.657624,192.168.1.3
203,-66,1649594897.730001,54.191.28.19
204,-1468,1649594897.731654,54.191.28.19
205,-1305,1649594897.731655,54.191.28.19
206,78,1649594897.7317,192.168.1.3
207,-1468,1649594897.953726,54.191.28.19
208,78,1649594897.953813,192.168.1.3
209,-1468,1649594898.159289,54.191.28.19
210,66,1649594898.159363,192.168.1.3
211,66,1649594898.159466,192.168.1.3
212,192,1649594898.169187,192.168.1.3
213,165,1649594898.169328,192.168.1.3
214,651,1649594898.169456,192.168.1.3
215,-127,1649594898.217108,13.249.146.146
216,66,1649594898.217229,192.168.1.3
217,-1468,1649594898.219774,13.249.146.146
218,-142,1649594898.219777,13.249.146.146
219,66,1649594898.219836,192.168.1.3
220,-1468,1649594898.2208,13.249.146.146
221,-1468,1649594898.220803,13.249.146.146
222,-1468,1649594898.220805,13.249.146.146
223,-1468,1649594898.220806,13.249.146.146
224,-587,1649594898.220808,13.249.146.146
225,-1468,1649594898.22081,13.249.146.146
226,-459,1649594898.220811,13.249.146.146
227,66,1649594898.220873,192.168.1.3
228,66,1649594898.221077,192.168.1.3
229,-1468,1649594898.223678,13.249.146.146
230,-1468,1649594898.22368,13.249.146.146
231,-1468,1649594898.223682,13.249.146.146
232,-1468,1649594898.223683,13.249.146.146
233,-1468,1649594898.223684,13.249.146.146
234,-1468,1649594898.223685,13.249.146.146
235,-1468,1649594898.223686,13.249.146.146
236,66,1649594898.223743,192.168.1.3
237,66,1649594898.223841,192.168.1.3
238,-1468,1649594898.224926,13.249.146.146
239,-1468,1649594898.224927,13.249.146.146
240,-536,1649594898.224929,13.249.146.146
241,66,1649594898.224963,192.168.1.3
242,66,1649594898.225021,192.168.1.3
243,-66,1649594898.301692,54.191.28.19
244,-324,1649594898.302736,54.191.28.19
245,-144,1649594898.302738,54.191.28.19
246,66,1649594898.30277,192.168.1.3
247,104,1649594898.302911,192.168.1.3
248,-236,1649594898.30443,54.191.28.19
249,-104,1649594898.304431,54.191.28.19
250,66,1649594898.304461,192.168.1.3
251,-1468,1649594898.318729,13.249.146.146
252,-1468,1649594898.318731,13.249.146.146
253,-1468,1649594898.318732,13.249.146.146
254,-1468,1649594898.318733,13.249.146.146
255,-1468,1649594898.318734,13.249.146.146
256,-1468,1649594898.318735,13.249.146.146
257,-1468,1649594898.318736,13.249.146.146
258,66,1649594898.318779,192.168.1.3
259,66,1649594898.318833,192.168.1.3
260,-1468,1649594898.320201,13.249.146.146
261,-1468,1649594898.320202,13.249.146.146
262,-1468,1649594898.320203,13.249.146.146
263,-1468,1649594898.320203,13.249.146.146
264,-1050,1649594898.320204,13.249.146.146
265,-1468,1649594898.320205,13.249.146.146
266,-307,1649594898.320206,13.249.146.146
267,66,1649594898.320231,192.168.1.3
268,66,1649594898.320275,192.168.1.3
269,-1468,1649594898.321297,13.249.146.146
270,-1468,1649594898.321298,13.249.146.146
271,-1468,1649594898.321299,13.249.146.146
272,-1468,1649594898.3213,13.249.146.146
273,-1468,1649594898.321301,13.249.146.146
274,-1468,1649594898.321303,13.249.146.146
275,-1468,1649594898.321303,13.249.146.146
276,66,1649594898.321332,192.168.1.3
277,66,1649594898.321362,192.168.1.3
278,-1468,1649594898.322315,13.249.146.146
279,-1468,1649594898.322317,13.249.146.146
280,-1468,1649594898.322318,13.249.146.146
281,-1468,1649594898.322319,13.249.146.146
282,-1050,1649594898.32232,13.249.146.146
283,-537,1649594898.322321,13.249.146.146
284,66,1649594898.322369,192.168.1.3
285,66,1649594898.32249,192.168.1.3
286,-374,1649594898.326142,13.249.146.146
287,66,1649594898.326518,192.168.1.3
288,-66,1649594898.478446,54.191.28.19
289,-1468,1649594898.876183,13.249.146.146
290,-358,1649594898.876185,13.249.146.146
291,-1468,1649594898.876187,13.249.146.146
292,-1468,1649594898.876188,13.249.146.146
293,-1468,1649594898.876189,13.249.146.146
294,-1468,1649594898.876191,13.249.146.146
295,-1468,1649594898.876209,13.249.146.146
296,-568,1649594898.876211,13.249.146.146
297,-1468,1649594898.876212,13.249.146.146
298,-1468,1649594898.876214,13.249.146.146
299,66,1649594898.876295,192.168.1.3
300,66,1649594898.876333,192.168.1.3
301,66,1649594898.876413,192.168.1.3
302,-1468,1649594898.876425,13.249.146.146
303,-1468,1649594898.876428,13.249.146.146
304,-1468,1649594898.87643,13.249.146.146
305,-1468,1649594898.876432,13.249.146.146
306,-1468,1649594898.876434,13.249.146.146
307,-1468,1649594898.876436,13.249.146.146
308,-1468,1649594898.876438,13.249.146.146
309,-1017,1649594898.87644,13.249.146.146
310,66,1649594898.876494,192.168.1.3
311,66,1649594898.876535,192.168.1.3
312,-1468,1649594898.936152,13.249.146.146
313,-1468,1649594898.936154,13.249.146.146
314,-1468,1649594898.936155,13.249.146.146
315,-1139,1649594898.936156,13.249.146.146
316,66,1649594898.936199,192.168.1.3
317,66,1649594898.936314,192.168.1.3
318,-1468,1649594898.937302,13.249.146.146
319,-1468,1649594898.937303,13.249.146.146
320,-1468,1649594898.937304,13.249.146.146
321,-1468,1649594898.937305,13.249.146.146
322,-1468,1649594898.937306,13.249.146.146
323,-1468,1649594898.937307,13.249.146.146
324,-1468,1649594898.937308,13.249.146.146
325,66,1649594898.937335,192.168.1.3
326,-1468,1649594898.938011,13.249.146.146
327,-1468,1649594898.938013,13.249.146.146
328,-1468,1649594898.938014,13.249.146.146
329,-1468,1649594898.938015,13.249.146.146
330,-1050,1649594898.938016,13.249.146.146
331,66,1649594898.938051,192.168.1.3
332,-1468,1649594898.938194,13.249.146.146
333,-171,1649594898.938195,13.249.146.146
334,66,1649594898.938221,192.168.1.3
335,66,1649594898.938526,192.168.1.3
336,-1468,1649594898.957385,13.249.146.146
337,-1468,1649594898.957387,13.249.146.146
338,-1468,1649594898.957388,13.249.146.146
339,-1468,1649594898.957389,13.249.146.146
340,66,1649594898.95747,192.168.1.3
341,-1468,1649594898.957496,13.249.146.146
342,-1468,1649594898.957497,13.249.146.146
343,-1468,1649594898.957499,13.249.146.146
344,-1468,1649594898.957501,13.249.146.146
345,-1468,1649594898.957502,13.249.146.146
346,-1468,1649594898.957504,13.249.146.146
347,66,1649594898.957575,192.168.1.3
348,66,1649594898.957642,192.168.1.3
349,-1468,1649594898.958194,13.249.146.146
350,-1050,1649594898.958196,13.249.146.146
351,-1468,1649594898.958197,13.249.146.146
352,-1468,1649594898.958198,13.249.146.146
353,66,1649594898.958231,192.168.1.3
354,-1468,1649594898.958329,13.249.146.146
355,-1468,1649594898.958331,13.249.146.146
356,-1468,1649594898.958331,13.249.146.146
357,-1468,1649594898.958333,13.249.146.146
358,-1468,1649594898.958333,13.249.146.146
359,66,1649594898.958392,192.168.1.3
360,66,1649594898.958468,192.168.1.3
361,-757,1649594898.959665,13.249.146.146
362,-803,1649594898.960447,13.249.146.146
363,66,1649594898.960478,192.168.1.3
364,-755,1649594899.11339,13.249.146.146
365,66,1649594899.113432,192.168.1.3
366,-1468,1649594899.128303,13.249.146.146
367,-1468,1649594899.128305,13.249.146.146
368,-558,1649594899.128306,13.249.146.146
369,66,1649594899.128347,192.168.1.3
370,66,1649594899.128466,192.168.1.3
371,-1468,1649594899.131904,13.249.146.146
372,-1468,1649594899.131906,13.249.146.146
373,-1468,1649594899.131907,13.249.146.146
374,-1468,1649594899.131908,13.249.146.146
375,-1468,1649594899.131909,13.249.146.146
376,-1468,1649594899.13191,13.249.146.146
377,-680,1649594899.131911,13.249.146.146
378,66,1649594899.131953,192.168.1.3
379,66,1649594899.132036,192.168.1.3
380,-1468,1649594899.133026,13.249.146.146
381,-1468,1649594899.133028,13.249.146.146
382,-1468,1649594899.133029,13.249.146.146
383,-1468,1649594899.13303,13.249.146.146
384,-1468,1649594899.133031,13.249.146.146
385,-1468,1649594899.133032,13.249.146.146
386,-1468,1649594899.133033,13.249.146.146
387,-1468,1649594899.133034,13.249.146.146
388,66,1649594899.133066,192.168.1.3
389,-1468,1649594899.133146,13.249.146.146
390,-1468,1649594899.133148,13.249.146.146
391,-1468,1649594899.133149,13.249.146.146
392,-1050,1649594899.13315,13.249.146.146
393,66,1649594899.133172,192.168.1.3
394,66,1649594899.133207,192.168.1.3
395,-1468,1649594899.13431,13.249.146.146
396,-1468,1649594899.134312,13.249.146.146
397,-1468,1649594899.134313,13.249.146.146
398,-1468,1649594899.134314,13.249.146.146
399,-1468,1649594899.134315,13.249.146.146
400,-1182,1649594899.134316,13.249.146.146
401,66,1649594899.134351,192.168.1.3
402,-97,1649594899.134729,13.249.146.146
403,66,1649594899.134992,192.168.1.3
404,78,1649594899.475352,192.168.1.3
405,-66,1649594899.602561,52.119.171.205
406,54,1649594899.602602,192.168.1.3
407,571,1649594899.603359,192.168.1.3
408,-60,1649594899.7303,52.119.171.205
409,-60,1649594899.730301,52.119.171.205
410,-1414,1649594899.731832,52.119.171.205
411,-1414,1649594899.731834,52.119.171.205
412,-1414,1649594899.731835,52.119.171.205
413,-1414,1649594899.731836,52.119.171.205
414,-516,1649594899.731838,52.119.171.205
415,54,1649594899.731889,192.168.1.3
416,54,1649594899.732173,192.168.1.3
417,180,1649594899.742428,192.168.1.3
418,-105,1649594899.870704,52.119.171.205
419,54,1649594899.870745,192.168.1.3
420,738,1649594899.87096,192.168.1.3
421,-503,1649594900.023329,52.119.171.205
422,54,1649594900.023364,192.168.1.3
423,78,1649594900.05875,192.168.1.3
424,1468,1649594900.061251,192.168.1.3
425,1052,1649594900.061257,192.168.1.3
426,1468,1649594900.06415,192.168.1.3
427,896,1649594900.064157,192.168.1.3
428,1468,1649594900.064979,192.168.1.3
429,119,1649594900.064985,192.168.1.3
430,-66,1649594900.068431,13.249.146.146
431,-66,1649594900.069558,13.249.146.146
432,78,1649594900.083293,192.168.1.3
433,78,1649594900.096907,192.168.1.3
434,-74,1649594900.115357,13.249.146.158
435,66,1649594900.115418,192.168.1.3
436,583,1649594900.117375,192.168.1.3
437,140,1649594900.125648,192.168.1.3
438,-66,1649594900.128484,13.249.146.158
439,-1468,1649594900.128486,13.249.146.158
440,-1468,1649594900.128487,13.249.146.158
441,-1468,1649594900.128488,13.249.146.158
442,-1468,1649594900.128489,13.249.146.158
443,66,1649594900.128535,192.168.1.3
444,66,1649594900.128807,192.168.1.3
445,-432,1649594900.131407,13.249.146.158
446,66,1649594900.131441,192.168.1.3
447,-66,1649594900.137216,13.249.146.146
448,-1468,1649594900.140024,13.249.146.146
449,-1468,1649594900.140026,13.249.146.146
450,-262,1649594900.140027,13.249.146.146
451,66,1649594900.140066,192.168.1.3
452,66,1649594900.145517,192.168.1.3
453,130,1649594900.149302,192.168.1.3
454,158,1649594900.149609,192.168.1.3
455,500,1649594900.149969,192.168.1.3
456,-66,1649594900.15936,13.249.146.158
457,-128,1649594900.159362,13.249.146.158
458,-66,1649594900.159363,13.249.146.158
459,-66,1649594900.159363,13.249.146.158
460,-97,1649594900.159364,13.249.146.158
461,66,1649594900.159407,192.168.1.3
462,66,1649594900.159427,192.168.1.3
463,97,1649594900.159599,192.168.1.3
464,-1468,1649594900.160742,13.249.146.158
465,-1468,1649594900.160743,13.249.146.158
466,-1468,1649594900.160744,13.249.146.158
467,-1468,1649594900.160745,13.249.146.158
468,-1468,1649594900.160746,13.249.146.158
469,-1468,1649594900.160746,13.249.146.158
470,66,1649594900.160776,192.168.1.3
471,66,1649594900.160825,192.168.1.3
472,-1314,1649594900.161188,13.249.146.158
473,66,1649594900.161212,192.168.1.3
474,-66,1649594900.168608,13.249.146.158
475,78,1649594900.168837,192.168.1.3
476,-669,1649594900.17861,13.249.146.146
477,-97,1649594900.178612,13.249.146.146
478,66,1649594900.178646,192.168.1.3
479,-66,1649594900.187793,52.119.163.144
480,54,1649594900.187832,192.168.1.3
481,571,1649594900.188061,192.168.1.3
482,-66,1649594900.196471,54.191.28.19
483,-66,1649594900.196473,54.191.28.19
484,-66,1649594900.19714,54.191.28.19
485,-66,1649594900.197826,54.191.28.19
486,-235,1649594900.201232,54.191.28.19
487,-104,1649594900.201233,54.191.28.19
488,66,1649594900.20126,192.168.1.3
489,-66,1649594900.215544,52.94.210.112
490,54,1649594900.215585,192.168.1.3
491,571,1649594900.215821,192.168.1.3
492,-234,1649594900.220158,54.191.28.19
493,-104,1649594900.22016,54.191.28.19
494,66,1649594900.220192,192.168.1.3
495,-66,1649594900.298136,52.94.176.11
496,54,1649594900.298189,192.168.1.3
497,571,1649594900.298477,192.168.1.3
498,-60,1649594900.317319,52.119.163.144
499,-60,1649594900.320482,52.119.163.144
500,-1414,1649594900.32169,52.119.163.144
501,-1414,1649594900.321692,52.119.163.144
502,-1414,1649594900.321693,52.119.163.144
503,54,1649594900.321731,192.168.1.3
504,54,1649594900.321853,192.168.1.3
505,-60,1649594900.349867,52.94.210.112
506,-60,1649594900.350561,52.94.210.112
507,-1414,1649594900.352352,52.94.210.112
508,-1414,1649594900.352354,52.94.210.112
509,-1414,1649594900.352355,52.94.210.112
510,-1414,1649594900.352356,52.94.210.112
511,-639,1649594900.352357,52.94.210.112
512,54,1649594900.352388,192.168.1.3
513,54,1649594900.352473,192.168.1.3
514,180,1649594900.359904,192.168.1.3
515,78,1649594900.401089,192.168.1.3
516,-60,1649594900.434581,52.94.176.11
517,-60,1649594900.434583,52.94.176.11
518,-1414,1649594900.434584,52.94.176.11
519,-1414,1649594900.434584,52.94.176.11
520,-1414,1649594900.434585,52.94.176.11
521,-639,1649594900.434586,52.94.176.11
522,54,1649594900.434636,192.168.1.3
523,66,1649594900.43465,192.168.1.3
524,78,1649594900.493552,192.168.1.3
525,-105,1649594900.494328,52.94.210.112
526,54,1649594900.494361,192.168.1.3
527,833,1649594900.494668,192.168.1.3
528,1414,1649594900.49483,192.168.1.3
529,1414,1649594900.494835,192.168.1.3
530,1414,1649594900.494836,192.168.1.3
531,1414,1649594900.494838,192.168.1.3
532,1414,1649594900.494839,192.168.1.3
533,1414,1649594900.494841,192.168.1.3
534,1414,1649594900.494845,192.168.1.3
535,1414,1649594900.494846,192.168.1.3
536,1414,1649594900.494848,192.168.1.3
537,78,1649594900.501492,192.168.1.3
538,-66,1649594900.531254,52.119.175.30
539,54,1649594900.531349,192.168.1.3
540,571,1649594900.53185,192.168.1.3
541,-1414,1649594900.569451,52.94.176.11
542,54,1649594900.569517,192.168.1.3
543,54,1649594900.569631,192.168.1.3
544,180,1649594900.579033,192.168.1.3
545,-60,1649594900.629063,52.94.210.112
546,-60,1649594900.629066,52.94.210.112
547,-60,1649594900.629067,52.94.210.112
548,1414,1649594900.629135,192.168.1.3
549,555,1649594900.629143,192.168.1.3
550,-60,1649594900.660403,52.119.175.30
551,-60,1649594900.660405,52.119.175.30
552,-1414,1649594900.662183,52.119.175.30
553,-1414,1649594900.662186,52.119.175.30
554,-1414,1649594900.662188,52.119.175.30
555,-1414,1649594900.662189,52.119.175.30
556,-510,1649594900.66219,52.119.175.30
557,54,1649594900.662247,192.168.1.3
558,54,1649594900.662385,192.168.1.3
559,180,1649594900.671079,192.168.1.3
560,-66,1649594900.680748,52.94.234.174
561,54,1649594900.68083,192.168.1.3
562,571,1649594900.681329,192.168.1.3
563,-105,1649594900.709921,52.94.176.11
564,54,1649594900.709989,192.168.1.3
565,684,1649594900.710436,192.168.1.3
566,78,1649594900.752065,192.168.1.3
567,-659,1649594900.781085,52.94.210.112
568,-105,1649594900.781087,52.94.210.112
569,54,1649594900.781154,192.168.1.3
570,-105,1649594900.807282,52.119.175.30
571,54,1649594900.807347,192.168.1.3
572,1020,1649594900.807791,192.168.1.3
573,-756,1649594900.854558,52.94.176.11
574,-103,1649594900.854561,52.94.176.11
575,54,1649594900.854632,192.168.1.3
576,812,1649594900.855995,192.168.1.3
577,1414,1649594900.856084,192.168.1.3
578,112,1649594900.856089,192.168.1.3
579,-60,1649594900.869107,52.94.234.174
580,-60,1649594900.869968,52.94.234.174
581,-1414,1649594900.86997,52.94.234.174
582,-1414,1649594900.869971,52.94.234.174
583,-1414,1649594900.869973,52.94.234.174
584,-942,1649594900.869975,52.94.234.174
585,66,1649594900.870041,192.168.1.3
586,-66,1649594900.8862,52.94.176.11
587,54,1649594900.886295,192.168.1.3
588,571,1649594900.886721,192.168.1.3
589,-60,1649594900.982909,52.119.175.30
590,-60,1649594900.987032,52.94.176.11
591,-682,1649594901.002577,52.94.176.11
592,54,1649594901.002638,192.168.1.3
593,-1098,1649594901.010401,52.119.175.30
594,54,1649594901.010495,192.168.1.3
595,1067,1649594901.014275,192.168.1.3
596,-60,1649594901.018764,52.94.176.11
597,-1414,1649594901.021456,52.94.176.11
598,-1414,1649594901.021458,52.94.176.11
599,-1414,1649594901.02146,52.94.176.11
600,54,1649594901.02152,192.168.1.3
601,54,1649594901.021645,192.168.1.3
602,-150,1649594901.057451,52.94.234.174
603,54,1649594901.057527,192.168.1.3
604,54,1649594901.057633,192.168.1.3
605,-1414,1649594901.129478,52.119.163.144
606,54,1649594901.129554,192.168.1.3
607,-60,1649594901.143208,52.119.175.30
608,201,1649594901.14879,192.168.1.3
609,1468,1649594901.149002,192.168.1.3
610,1468,1649594901.149007,192.168.1.3
611,1468,1649594901.149009,192.168.1.3
612,1468,1649594901.149011,192.168.1.3
613,1468,1649594901.149012,192.168.1.3
614,1468,1649594901.149014,192.168.1.3
615,1468,1649594901.149015,192.168.1.3
616,1468,1649594901.149017,192.168.1.3
617,1468,1649594901.149018,192.168.1.3
618,1468,1649594901.14902,192.168.1.3
619,1468,1649594901.149021,192.168.1.3
620,1057,1649594901.149023,192.168.1.3
621,1468,1649594901.149386,192.168.1.3
622,-1414,1649594901.235998,52.119.175.30
623,-590,1649594901.236001,52.119.175.30
624,54,1649594901.236043,192.168.1.3
625,-392,1649594901.245926,52.94.234.174
626,-63,1649594901.245928,52.94.234.174
627,54,1649594901.245965,192.168.1.3
628,204,1649594901.246626,192.168.1.3
629,-574,1649594901.261434,52.119.163.144
630,54,1649594901.26148,192.168.1.3
631,-66,1649594901.28492,54.191.28.19
632,-66,1649594901.284921,54.191.28.19
633,-66,1649594901.284922,54.191.28.19
634,1468,1649594901.284977,192.168.1.3
635,1468,1649594901.284982,192.168.1.3
636,1468,1649594901.284983,192.168.1.3
637,1468,1649594901.284985,192.168.1.3
638,1468,1649594901.284986,192.168.1.3
639,1468,1649594901.284988,192.168.1.3
640,1468,1649594901.284989,192.168.1.3
641,1468,1649594901.284991,192.168.1.3
642,1468,1649594901.285007,192.168.1.3
643,1468,1649594901.285009,192.168.1.3
644,1468,1649594901.285011,192.168.1.3
645,1468,1649594901.285013,192.168.1.3
646,1468,1649594901.285033,192.168.1.3
647,1468,1649594901.285035,192.168.1.3
648,1468,1649594901.285036,192.168.1.3
649,1468,1649594901.285038,192.168.1.3
650,1468,1649594901.285039,192.168.1.3
651,1468,1649594901.285041,192.168.1.3
652,1468,1649594901.285042,192.168.1.3
653,1468,1649594901.285044,192.168.1.3
654,-66,1649594901.285895,54.191.28.19
655,-108,1649594901.285896,54.191.28.19
656,1468,1649594901.285917,192.168.1.3
657,1468,1649594901.28592,192.168.1.3
658,1468,1649594901.285921,192.168.1.3
659,1468,1649594901.285922,192.168.1.3
660,1468,1649594901.285933,192.168.1.3
661,1468,1649594901.285941,192.168.1.3
662,302,1649594901.285943,192.168.1.3
663,-1414,1649594901.387594,52.94.176.11
664,54,1649594901.387632,192.168.1.3
665,-66,1649594901.420661,54.191.28.19
666,-66,1649594901.420663,54.191.28.19
667,-66,1649594901.420663,54.191.28.19
668,-66,1649594901.420663,54.191.28.19
669,-108,1649594901.420664,54.191.28.19
670,-66,1649594901.420664,54.191.28.19
671,-66,1649594901.420665,54.191.28.19
672,-108,1649594901.420665,54.191.28.19
673,66,1649594901.420714,192.168.1.3
674,66,1649594901.420733,192.168.1.3
675,-66,1649594901.42258,54.191.28.19
676,-60,1649594901.435685,52.94.234.174
677,-60,1649594901.435687,52.94.234.174
678,-123,1649594901.435687,52.94.234.174
679,54,1649594901.435726,192.168.1.3
680,715,1649594901.435964,192.168.1.3
681,78,1649594901.503377,192.168.1.3
682,-123,1649594901.513393,52.94.234.174
683,66,1649594901.513426,192.168.1.3
684,-639,1649594901.529466,52.94.176.11
685,54,1649594901.529505,192.168.1.3
686,180,1649594901.53026,192.168.1.3
687,-283,1649594901.623401,52.94.234.174
688,54,1649594901.623433,192.168.1.3
689,-66,1649594901.634283,52.94.176.11
690,54,1649594901.634322,192.168.1.3
691,571,1649594901.635623,192.168.1.3
692,-105,1649594901.66685,52.94.176.11
693,54,1649594901.666897,192.168.1.3
694,757,1649594901.672306,192.168.1.3
695,1414,1649594901.67234,192.168.1.3
696,1037,1649594901.672342,192.168.1.3
