index,size,time,ip
0,499,1649824302.867399,192.168.10.155
1,146,1649824302.868413,192.168.10.155
2,-66,1649824302.883021,54.230.130.80
3,-66,1649824302.886450,54.230.130.80
4,-66,1649824302.886454,23.46.5.6
5,-610,1649824302.886456,54.230.130.80
6,-90,1649824302.886458,54.230.130.80
7,-337,1649824302.886459,23.46.5.6
8,-337,1649824302.886462,23.46.5.6
9,66,1649824302.886522,192.168.10.155
10,66,1649824302.886555,192.168.10.155
11,66,1649824302.886567,192.168.10.155
12,-337,1649824302.890207,23.46.5.6
13,78,1649824302.890298,192.168.10.155
14,236,1649824302.917383,192.168.10.155
15,394,1649824302.917630,192.168.10.155
16,90,1649824302.917872,192.168.10.155
17,66,1649824302.917902,192.168.10.155
18,74,1649824302.918605,192.168.10.155
19,-66,1649824302.919403,23.46.5.6
20,-136,1649824302.919991,23.46.5.6
21,66,1649824302.920007,192.168.10.155
22,97,1649824302.920118,192.168.10.155
23,-66,1649824302.920904,23.46.5.6
24,-1514,1649824302.921685,23.46.5.6
25,66,1649824302.921721,192.168.10.155
26,-1499,1649824302.922558,23.46.5.6
27,-2947,1649824302.922563,23.46.5.6
28,-2947,1649824302.922568,23.46.5.6
29,-74,1649824302.922569,54.230.130.22
30,-2947,1649824302.922572,23.46.5.6
31,66,1649824302.922627,192.168.10.155
32,66,1649824302.922686,192.168.10.155
33,66,1649824302.922709,192.168.10.155
34,66,1649824302.922764,192.168.10.155
35,66,1649824302.922798,192.168.10.155
36,-60,1649824302.922849,54.230.130.80
37,-60,1649824302.922851,54.230.130.80
38,-2947,1649824302.922855,23.46.5.6
39,66,1649824302.922951,192.168.10.155
40,-5828,1649824302.923070,23.46.5.6
41,66,1649824302.923084,192.168.10.155
42,-1514,1649824302.923750,23.46.5.6
43,-2962,1649824302.923751,23.46.5.6
44,66,1649824302.923767,192.168.10.155
45,66,1649824302.923781,192.168.10.155
46,284,1649824302.924072,192.168.10.155
47,74,1649824302.924291,192.168.10.155
48,-2962,1649824302.925087,23.46.5.6
49,66,1649824302.925105,192.168.10.155
50,-554,1649824302.926130,23.46.5.6
51,66,1649824302.926144,192.168.10.155
52,-74,1649824302.927829,54.230.130.80
53,66,1649824302.927860,192.168.10.155
54,-66,1649824302.928450,54.230.130.22
55,-2922,1649824302.928888,54.230.130.22
56,66,1649824302.928896,192.168.10.155
57,-1122,1649824302.931090,54.230.130.22
58,66,1649824302.931113,192.168.10.155
59,583,1649824302.931172,192.168.10.155
60,159,1649824302.933397,192.168.10.155
61,-66,1649824302.935886,54.230.130.22
62,-237,1649824302.936256,54.230.130.22
63,66,1649824302.936271,192.168.10.155
64,-66,1649824302.936618,54.230.130.80
65,-1494,1649824302.937233,54.230.130.80
66,66,1649824302.937246,192.168.10.155
67,-1494,1649824302.938252,54.230.130.80
68,66,1649824302.938269,192.168.10.155
69,-1208,1649824302.938855,54.230.130.80
70,66,1649824302.938880,192.168.10.155
71,526,1649824302.943835,192.168.10.155
72,130,1649824302.945334,192.168.10.155
73,500,1649824302.945504,192.168.10.155
74,-66,1649824302.946428,54.230.130.22
75,-1048,1649824302.947033,54.230.130.22
76,66,1649824302.947047,192.168.10.155
77,-66,1649824302.947598,44.238.3.246
78,-66,1649824302.948084,54.230.130.80
79,-66,1649824302.948433,54.230.130.80
80,-610,1649824302.949684,54.230.130.80
81,-90,1649824302.949685,54.230.130.80
82,66,1649824302.949703,192.168.10.155
83,90,1649824302.949937,192.168.10.155
84,66,1649824302.949959,192.168.10.155
85,-60,1649824302.954634,54.230.130.80
86,-60,1649824302.954937,54.230.130.80
87,74,1649824302.958145,192.168.10.155
88,-74,1649824302.960750,54.230.130.80
89,66,1649824302.960787,192.168.10.155
90,583,1649824302.964007,192.168.10.155
91,-66,1649824302.967007,54.230.130.80
92,-1494,1649824302.967749,54.230.130.80
93,66,1649824302.967771,192.168.10.155
94,-1494,1649824302.968381,54.230.130.80
95,66,1649824302.968394,192.168.10.155
96,-1208,1649824302.969375,54.230.130.80
97,66,1649824302.969390,192.168.10.155
98,130,1649824302.976187,192.168.10.155
99,494,1649824302.976378,192.168.10.155
100,-66,1649824302.979313,54.230.130.80
101,-66,1649824302.981845,54.230.130.80
102,-1494,1649824302.983197,54.230.130.80
103,66,1649824302.983217,192.168.10.155
104,-5778,1649824302.983700,54.230.130.80
105,-90,1649824302.983701,54.230.130.80
106,-66,1649824302.983701,54.230.130.80
107,66,1649824302.983714,192.168.10.155
108,66,1649824302.983735,192.168.10.155
109,90,1649824302.985524,192.168.10.155
110,66,1649824302.985565,192.168.10.155
111,-60,1649824302.988376,54.230.130.80
112,-60,1649824302.988665,54.230.130.80
113,74,1649824303.025157,192.168.10.155
114,74,1649824303.025371,192.168.10.155
115,74,1649824303.025570,192.168.10.155
116,-74,1649824303.027243,23.46.5.6
117,66,1649824303.027265,192.168.10.155
118,-74,1649824303.028432,23.46.5.6
119,-74,1649824303.028433,23.46.5.6
120,66,1649824303.028451,192.168.10.155
121,66,1649824303.028465,192.168.10.155
122,583,1649824303.029085,192.168.10.155
123,583,1649824303.031068,192.168.10.155
124,-66,1649824303.032968,23.46.5.6
125,583,1649824303.033118,192.168.10.155
126,-66,1649824303.033361,23.46.5.6
127,-2962,1649824303.035041,23.46.5.6
128,-1266,1649824303.035042,23.46.5.6
129,-2962,1649824303.035043,23.46.5.6
130,-1266,1649824303.035054,23.46.5.6
131,66,1649824303.035066,192.168.10.155
132,66,1649824303.035086,192.168.10.155
133,66,1649824303.035091,192.168.10.155
134,66,1649824303.035096,192.168.10.155
135,-1277,1649824303.035350,23.46.5.6
136,66,1649824303.035359,192.168.10.155
137,-66,1649824303.035939,23.46.5.6
138,-1277,1649824303.036911,23.46.5.6
139,66,1649824303.036930,192.168.10.155
140,-1514,1649824303.038114,23.46.5.6
141,66,1649824303.038133,192.168.10.155
142,-1514,1649824303.038841,23.46.5.6
143,-1266,1649824303.038845,23.46.5.6
144,-1277,1649824303.038847,23.46.5.6
145,66,1649824303.038978,192.168.10.155
146,66,1649824303.039043,192.168.10.155
147,66,1649824303.039062,192.168.10.155
148,226,1649824303.039150,192.168.10.155
149,152,1649824303.041091,192.168.10.155
150,153,1649824303.041937,192.168.10.155
151,154,1649824303.042210,192.168.10.155
152,74,1649824303.042365,192.168.10.155
153,241,1649824303.043235,192.168.10.155
154,242,1649824303.043457,192.168.10.155
155,154,1649824303.043613,192.168.10.155
156,328,1649824303.043937,192.168.10.155
157,-1514,1649824303.044225,23.46.5.6
158,66,1649824303.044245,192.168.10.155
159,240,1649824303.044602,192.168.10.155
160,-4395,1649824303.044981,23.46.5.6
161,-535,1649824303.044982,23.46.5.6
162,66,1649824303.044992,192.168.10.155
163,66,1649824303.045003,192.168.10.155
164,333,1649824303.045566,192.168.10.155
165,156,1649824303.046023,192.168.10.155
166,-4589,1649824303.046630,23.46.5.6
167,-5749,1649824303.046631,23.46.5.6
168,66,1649824303.046655,192.168.10.155
169,66,1649824303.046673,192.168.10.155
170,-74,1649824303.046692,54.230.130.80
171,66,1649824303.046705,192.168.10.155
172,154,1649824303.047316,192.168.10.155
173,-5843,1649824303.047565,23.46.5.6
174,-11620,1649824303.047568,23.46.5.6
175,66,1649824303.047589,192.168.10.155
176,66,1649824303.047609,192.168.10.155
177,-3000,1649824303.047633,23.46.5.6
178,66,1649824303.047639,192.168.10.155
179,146,1649824303.048167,192.168.10.155
180,-66,1649824303.048355,23.46.5.6
181,153,1649824303.048472,192.168.10.155
182,153,1649824303.049271,192.168.10.155
183,-1514,1649824303.050192,23.46.5.6
184,66,1649824303.050214,192.168.10.155
185,-5843,1649824303.050968,23.46.5.6
186,66,1649824303.050990,192.168.10.155
187,-66,1649824303.052178,23.46.5.6
188,-4774,1649824303.052182,23.46.5.6
189,-337,1649824303.052183,23.46.5.6
190,-337,1649824303.052184,23.46.5.6
191,66,1649824303.052234,192.168.10.155
192,66,1649824303.052268,192.168.10.155
193,66,1649824303.052280,192.168.10.155
194,-1514,1649824303.053025,23.46.5.6
195,66,1649824303.053036,192.168.10.155
196,583,1649824303.053407,192.168.10.155
197,-4548,1649824303.053490,23.46.5.6
198,66,1649824303.053498,192.168.10.155
199,-5858,1649824303.054184,23.46.5.6
200,66,1649824303.054204,192.168.10.155
201,146,1649824303.054645,192.168.10.155
202,549,1649824303.055142,192.168.10.155
203,253,1649824303.056909,192.168.10.155
204,253,1649824303.056937,192.168.10.155
205,153,1649824303.057016,192.168.10.155
206,90,1649824303.057315,192.168.10.155
207,146,1649824303.057473,192.168.10.155
208,153,1649824303.057681,192.168.10.155
209,253,1649824303.057806,192.168.10.155
210,153,1649824303.058197,192.168.10.155
211,74,1649824303.060371,192.168.10.155
212,-5843,1649824303.060645,23.46.5.6
213,-11635,1649824303.060648,23.46.5.6
214,66,1649824303.060663,192.168.10.155
215,66,1649824303.060683,192.168.10.155
216,-10836,1649824303.060701,23.46.5.6
217,-4417,1649824303.060710,23.46.5.6
218,-8544,1649824303.060712,23.46.5.6
219,-9646,1649824303.060740,23.46.5.6
220,-13083,1649824303.060743,23.46.5.6
221,-66,1649824303.060769,54.230.130.80
222,-2922,1649824303.060770,54.230.130.80
223,-66,1649824303.060770,23.46.5.6
224,-1208,1649824303.060771,54.230.130.80
225,-337,1649824303.060771,23.46.5.6
226,-337,1649824303.060771,23.46.5.6
227,-66,1649824303.060772,23.46.5.6
228,66,1649824303.060782,192.168.10.155
229,66,1649824303.060793,192.168.10.155
230,66,1649824303.060798,192.168.10.155
231,66,1649824303.060803,192.168.10.155
232,-66,1649824303.060822,23.46.5.6
233,-2962,1649824303.060829,23.46.5.6
234,66,1649824303.060933,192.168.10.155
235,-136,1649824303.062422,23.46.5.6
236,-3425,1649824303.062424,23.46.5.6
237,-136,1649824303.062425,23.46.5.6
238,-66,1649824303.062426,54.230.130.22
239,-90,1649824303.062426,23.46.5.6
240,-66,1649824303.062426,23.46.5.6
241,66,1649824303.062449,192.168.10.155
242,66,1649824303.062472,192.168.10.155
243,54,1649824303.062495,192.168.10.155
244,54,1649824303.062514,192.168.10.155
245,54,1649824303.062520,192.168.10.155
246,-14531,1649824303.062575,23.46.5.6
247,66,1649824303.062581,192.168.10.155
248,-3495,1649824303.062617,54.230.130.22
249,-14531,1649824303.062621,23.46.5.6
250,66,1649824303.062626,192.168.10.155
251,-2962,1649824303.062642,23.46.5.6
252,-14546,1649824303.063452,23.46.5.6
253,-66,1649824303.063478,23.46.5.6
254,-66,1649824303.063479,23.46.5.6
255,-337,1649824303.063479,23.46.5.6
256,-337,1649824303.063479,23.46.5.6
257,-136,1649824303.063479,23.46.5.6
258,66,1649824303.063498,192.168.10.155
259,66,1649824303.063515,192.168.10.155
260,66,1649824303.063520,192.168.10.155
261,90,1649824303.063745,192.168.10.155
262,66,1649824303.063768,192.168.10.155
263,66,1649824303.064350,192.168.10.155
264,-74,1649824303.064678,54.230.130.22
265,-30474,1649824303.064684,23.46.5.6
266,66,1649824303.064707,192.168.10.155
267,90,1649824303.065339,192.168.10.155
268,66,1649824303.065369,192.168.10.155
269,-1514,1649824303.065618,23.46.5.6
270,-26846,1649824303.065624,23.46.5.6
271,547,1649824303.065667,192.168.10.155
272,66,1649824303.065906,192.168.10.155
273,-1514,1649824303.066768,23.46.5.6
274,583,1649824303.067072,192.168.10.155
275,-1514,1649824303.067173,23.46.5.6
276,66,1649824303.067183,192.168.10.155
277,-13576,1649824303.068470,23.46.5.6
278,-16472,1649824303.068534,23.46.5.6
279,66,1649824303.068607,192.168.10.155
280,-14049,1649824303.069013,23.46.5.6
281,66,1649824303.069023,192.168.10.155
282,-66,1649824303.069039,23.46.5.6
283,-66,1649824303.069040,23.46.5.6
284,54,1649824303.069052,192.168.10.155
285,-90,1649824303.070030,23.46.5.6
286,-66,1649824303.070031,23.46.5.6
287,-66,1649824303.070031,54.230.130.22
288,54,1649824303.070062,192.168.10.155
289,54,1649824303.070087,192.168.10.155
290,130,1649824303.074630,192.168.10.155
291,495,1649824303.075382,192.168.10.155
292,-1069,1649824303.077709,54.230.130.22
293,-16472,1649824303.078754,23.46.5.6
294,66,1649824303.078769,192.168.10.155
295,-66,1649824303.078805,54.230.130.22
296,-213,1649824303.078806,54.230.130.22
297,66,1649824303.078822,192.168.10.155
298,117,1649824303.079268,192.168.10.155
299,-9465,1649824303.079869,23.46.5.6
300,-2201,1649824303.079870,23.46.5.6
301,66,1649824303.079881,192.168.10.155
302,-66,1649824303.079907,54.230.130.80
303,-66,1649824303.079908,54.230.130.80
304,-3387,1649824303.079909,23.46.5.6
305,-1409,1649824303.079909,23.46.5.6
306,66,1649824303.079934,192.168.10.155
307,-16472,1649824303.082782,23.46.5.6
308,66,1649824303.082802,192.168.10.155
309,-2962,1649824303.082848,23.46.5.6
310,66,1649824303.082882,192.168.10.155
311,-13576,1649824303.084004,23.46.5.6
312,66,1649824303.084020,192.168.10.155
313,-642,1649824303.084111,54.230.130.80
314,-32878,1649824303.084126,23.46.5.6
315,66,1649824303.084138,192.168.10.155
316,66,1649824303.084151,192.168.10.155
317,-90,1649824303.084186,54.230.130.80
318,-23411,1649824303.084192,23.46.5.6
319,66,1649824303.084204,192.168.10.155
320,-66,1649824303.084247,54.230.130.22
321,90,1649824303.085632,192.168.10.155
322,66,1649824303.085673,192.168.10.155
323,-60,1649824303.088590,54.230.130.80
324,-60,1649824303.088934,54.230.130.80
325,74,1649824303.098431,192.168.10.155
326,74,1649824303.098794,192.168.10.155
327,-74,1649824303.102351,54.230.130.80
328,66,1649824303.102390,192.168.10.155
329,583,1649824303.104726,192.168.10.155
330,570,1649824303.107605,192.168.10.155
331,-66,1649824303.107719,54.230.130.80
332,-1494,1649824303.108384,54.230.130.80
333,66,1649824303.108396,192.168.10.155
334,-1494,1649824303.108783,54.230.130.80
335,66,1649824303.108794,192.168.10.155
336,-1208,1649824303.110065,54.230.130.80
337,66,1649824303.110073,192.168.10.155
338,-66,1649824303.110408,54.230.130.22
339,74,1649824303.110419,192.168.10.155
340,74,1649824303.110497,192.168.10.155
341,74,1649824303.110543,192.168.10.155
342,-1836,1649824303.111025,54.230.130.22
343,66,1649824303.111401,192.168.10.155
344,130,1649824303.114855,192.168.10.155
345,500,1649824303.115038,192.168.10.155
346,-66,1649824303.119443,54.230.130.80
347,-66,1649824303.119717,54.230.130.80
348,-1494,1649824303.121831,54.230.130.80
349,66,1649824303.121889,192.168.10.155
350,-15044,1649824303.122818,54.230.130.80
351,66,1649824303.122879,192.168.10.155
352,-11490,1649824303.123022,54.230.130.80
353,66,1649824303.123037,192.168.10.155
354,-2922,1649824303.123469,54.230.130.80
355,66,1649824303.123494,192.168.10.155
356,-5778,1649824303.123556,54.230.130.80
357,-2922,1649824303.123559,54.230.130.80
358,66,1649824303.123577,192.168.10.155
359,66,1649824303.123582,192.168.10.155
360,74,1649824303.126831,192.168.10.155
361,-1494,1649824303.129231,54.230.130.80
362,66,1649824303.129245,192.168.10.155
363,-1494,1649824303.130402,54.230.130.80
364,-21486,1649824303.130406,54.230.130.80
365,66,1649824303.130424,192.168.10.155
366,66,1649824303.130444,192.168.10.155
367,-7206,1649824303.130841,54.230.130.80
368,-3402,1649824303.130842,54.230.130.80
369,66,1649824303.130850,192.168.10.155
370,66,1649824303.130863,192.168.10.155
371,538,1649824303.130879,192.168.10.155
372,90,1649824303.131467,192.168.10.155
373,66,1649824303.131485,192.168.10.155
374,74,1649824303.132701,192.168.10.155
375,-1059,1649824303.134044,54.230.130.22
376,-60,1649824303.136277,54.230.130.80
377,-60,1649824303.136278,54.230.130.80
378,-74,1649824303.136680,54.230.130.80
379,66,1649824303.136698,192.168.10.155
380,583,1649824303.138852,192.168.10.155
381,-66,1649824303.142777,54.230.130.80
382,-1494,1649824303.143643,54.230.130.80
383,66,1649824303.143666,192.168.10.155
384,-1494,1649824303.144275,54.230.130.80
385,66,1649824303.144284,192.168.10.155
386,-1208,1649824303.145453,54.230.130.80
387,66,1649824303.145466,192.168.10.155
388,561,1649824303.147586,192.168.10.155
389,130,1649824303.147973,192.168.10.155
390,501,1649824303.148092,192.168.10.155
391,74,1649824303.148589,192.168.10.155
392,-1451,1649824303.151194,54.230.130.22
393,-66,1649824303.151531,54.230.130.80
394,-66,1649824303.151532,54.230.130.80
395,-675,1649824303.152435,54.230.130.80
396,66,1649824303.152448,192.168.10.155
397,90,1649824303.152774,192.168.10.155
398,66,1649824303.152804,192.168.10.155
399,-90,1649824303.153076,54.230.130.80
400,54,1649824303.153096,192.168.10.155
401,74,1649824303.156438,192.168.10.155
402,-66,1649824303.158850,129.226.106.167
403,54,1649824303.158870,192.168.10.155
404,-74,1649824303.161873,54.230.130.80
405,66,1649824303.161883,192.168.10.155
406,571,1649824303.162661,192.168.10.155
407,583,1649824303.167689,192.168.10.155
408,-66,1649824303.170677,54.230.130.80
409,-1494,1649824303.171416,54.230.130.80
410,66,1649824303.171440,192.168.10.155
411,-1494,1649824303.172053,54.230.130.80
412,66,1649824303.172065,192.168.10.155
413,-1208,1649824303.174031,54.230.130.80
414,66,1649824303.174050,192.168.10.155
415,-66,1649824303.174999,203.205.136.84
416,54,1649824303.175030,192.168.10.155
417,-66,1649824303.175950,203.205.136.84
418,54,1649824303.175970,192.168.10.155
419,-66,1649824303.176524,203.205.136.84
420,54,1649824303.176542,192.168.10.155
421,571,1649824303.178278,192.168.10.155
422,571,1649824303.181168,192.168.10.155
423,571,1649824303.183255,192.168.10.155
424,74,1649824303.183461,192.168.10.155
425,130,1649824303.186186,192.168.10.155
426,508,1649824303.186343,192.168.10.155
427,-66,1649824303.188226,203.205.136.160
428,54,1649824303.188262,192.168.10.155
429,-66,1649824303.189421,54.230.130.80
430,-66,1649824303.189804,54.230.130.80
431,-1494,1649824303.189808,54.230.130.80
432,66,1649824303.189881,192.168.10.155
433,-2674,1649824303.190146,54.230.130.80
434,-90,1649824303.190146,54.230.130.80
435,66,1649824303.190156,192.168.10.155
436,571,1649824303.191585,192.168.10.155
437,90,1649824303.191891,192.168.10.155
438,66,1649824303.191907,192.168.10.155
439,66,1649824303.194933,192.168.10.155
440,-60,1649824303.195528,54.230.130.80
441,-60,1649824303.197708,54.230.130.80
442,74,1649824303.202466,192.168.10.155
443,-74,1649824303.205653,54.230.130.80
444,66,1649824303.205668,192.168.10.155
445,583,1649824303.207578,192.168.10.155
446,-66,1649824303.212293,54.230.130.80
447,-2922,1649824303.212295,54.230.130.80
448,66,1649824303.212319,192.168.10.155
449,-66,1649824303.213425,203.205.219.85
450,54,1649824303.213465,192.168.10.155
451,571,1649824303.217106,192.168.10.155
452,-1208,1649824303.221802,54.230.130.80
453,66,1649824303.221827,192.168.10.155
454,-60,1649824303.223789,129.226.106.167
455,-1486,1649824303.225256,129.226.106.167
456,54,1649824303.225275,192.168.10.155
457,130,1649824303.225594,192.168.10.155
458,506,1649824303.225783,192.168.10.155
459,-2275,1649824303.226427,129.226.106.167
460,54,1649824303.226434,192.168.10.155
461,147,1649824303.228807,192.168.10.155
462,-66,1649824303.230724,54.230.130.80
463,-66,1649824303.230725,54.230.130.80
464,-2822,1649824303.241985,54.230.130.80
465,-90,1649824303.241986,54.230.130.80
466,66,1649824303.242012,192.168.10.155
467,-60,1649824303.242452,203.205.136.84
468,90,1649824303.242646,192.168.10.155
469,-66,1649824303.242675,203.205.137.235
470,66,1649824303.242686,192.168.10.155
471,54,1649824303.242699,192.168.10.155
472,-60,1649824303.243317,203.205.136.84
473,-60,1649824303.245246,203.205.136.84
474,571,1649824303.248018,192.168.10.155
475,74,1649824303.249317,192.168.10.155
476,66,1649824303.258968,192.168.10.155
477,-4150,1649824303.263378,203.205.136.84
478,-320,1649824303.263380,203.205.136.84
479,-60,1649824303.263380,54.230.130.80
480,-60,1649824303.263381,54.230.130.80
481,54,1649824303.263424,192.168.10.155
482,54,1649824303.263453,192.168.10.155
483,-2974,1649824303.263522,203.205.136.84
484,54,1649824303.263537,192.168.10.155
485,147,1649824303.266831,192.168.10.155
486,-1230,1649824303.266886,203.205.136.84
487,-320,1649824303.266887,203.205.136.84
488,-74,1649824303.266888,54.230.130.80
489,-60,1649824303.266889,203.205.136.160
490,-4150,1649824303.266891,203.205.136.160
491,-292,1649824303.266892,203.205.136.160
492,54,1649824303.266938,192.168.10.155
493,54,1649824303.266961,192.168.10.155
494,66,1649824303.266990,192.168.10.155
495,54,1649824303.267018,192.168.10.155
496,54,1649824303.267031,192.168.10.155
497,-4150,1649824303.267116,203.205.136.84
498,-320,1649824303.267118,203.205.136.84
499,-60,1649824303.267119,54.230.130.80
500,54,1649824303.267135,192.168.10.155
501,54,1649824303.267151,192.168.10.155
502,147,1649824303.271724,192.168.10.155
503,147,1649824303.273327,192.168.10.155
504,147,1649824303.274068,192.168.10.155
505,583,1649824303.276039,192.168.10.155
506,74,1649824303.276123,192.168.10.155
507,-66,1649824303.279385,54.230.130.80
508,74,1649824303.288416,192.168.10.155
509,74,1649824303.288573,192.168.10.155
510,74,1649824303.288682,192.168.10.155
511,74,1649824303.288806,192.168.10.155
512,-2922,1649824303.304137,54.230.130.80
513,-1208,1649824303.304141,54.230.130.80
514,-60,1649824303.304142,203.205.219.85
515,-4150,1649824303.304143,203.205.219.85
516,66,1649824303.304160,192.168.10.155
517,66,1649824303.304198,192.168.10.155
518,54,1649824303.304214,192.168.10.155
519,-66,1649824303.304226,163.181.39.210
520,-328,1649824303.304227,129.226.106.167
521,-66,1649824303.304228,163.181.39.210
522,-66,1649824303.304228,163.181.39.210
523,-66,1649824303.304229,163.181.39.210
524,-66,1649824303.304229,163.181.39.210
525,54,1649824303.304245,192.168.10.155
526,54,1649824303.304258,192.168.10.155
527,54,1649824303.304271,192.168.10.155
528,54,1649824303.304282,192.168.10.155
529,54,1649824303.304291,192.168.10.155
530,54,1649824303.304302,192.168.10.155
531,484,1649824303.305817,192.168.10.155
532,484,1649824303.305979,192.168.10.155
533,484,1649824303.306106,192.168.10.155
534,484,1649824303.306235,192.168.10.155
535,484,1649824303.306339,192.168.10.155
536,-60,1649824303.308400,203.205.137.235
537,-1514,1649824303.310232,203.205.137.235
538,54,1649824303.310251,192.168.10.155
539,-2690,1649824303.310968,203.205.137.235
540,-306,1649824303.310969,203.205.137.235
541,54,1649824303.310981,192.168.10.155
542,54,1649824303.311004,192.168.10.155
543,147,1649824303.313214,192.168.10.155
544,-60,1649824303.317905,163.181.39.210
545,-60,1649824303.318661,163.181.39.210
546,-60,1649824303.318663,163.181.39.210
547,-60,1649824303.318984,163.181.39.210
548,-60,1649824303.319395,163.181.39.210
549,-328,1649824303.330932,203.205.136.84
550,54,1649824303.330978,192.168.10.155
551,-123,1649824303.331288,203.205.136.84
552,54,1649824303.331309,192.168.10.155
553,-328,1649824303.333995,203.205.136.160
554,54,1649824303.334029,192.168.10.155
555,-123,1649824303.334325,203.205.136.160
556,54,1649824303.334341,192.168.10.155
557,-328,1649824303.335567,203.205.136.84
558,54,1649824303.335611,192.168.10.155
559,-123,1649824303.335913,203.205.136.84
560,54,1649824303.335924,192.168.10.155
561,-328,1649824303.336541,203.205.136.84
562,54,1649824303.336563,192.168.10.155
563,-123,1649824303.336875,203.205.136.84
564,54,1649824303.336886,192.168.10.155
565,-791,1649824303.369106,203.205.219.85
566,54,1649824303.369142,192.168.10.155
567,-60,1649824303.373178,203.205.137.235
568,-328,1649824303.373181,203.205.137.235
569,-123,1649824303.373182,203.205.137.235
570,54,1649824303.373234,192.168.10.155
571,54,1649824303.373279,192.168.10.155
572,172,1649824303.377751,192.168.10.155
573,-320,1649824303.442406,203.205.219.85
574,54,1649824303.442427,192.168.10.155
575,-115,1649824303.442789,203.205.219.85
576,54,1649824303.442794,192.168.10.155
577,-1160,1649824303.605832,163.181.39.210
578,54,1649824303.605872,192.168.10.155
579,231,1649824303.647772,192.168.10.155
580,338,1649824303.647800,192.168.10.155
581,92,1649824303.648228,192.168.10.155
582,130,1649824303.648924,192.168.10.155
583,518,1649824303.649145,192.168.10.155
584,484,1649824303.650290,192.168.10.155
585,-66,1649824303.651503,54.230.130.80
586,-66,1649824303.651850,54.230.130.80
587,-996,1649824303.652304,54.230.130.80
588,66,1649824303.652322,192.168.10.155
589,90,1649824303.652553,192.168.10.155
590,66,1649824303.652573,192.168.10.155
591,-90,1649824303.652857,54.230.130.80
592,54,1649824303.652876,192.168.10.155
593,74,1649824303.654361,192.168.10.155
594,-74,1649824303.657059,54.230.130.80
595,66,1649824303.657074,192.168.10.155
596,583,1649824303.659485,192.168.10.155
597,-66,1649824303.662852,54.230.130.80
598,-60,1649824303.663200,163.181.39.210
599,-1494,1649824303.663822,54.230.130.80
600,66,1649824303.663852,192.168.10.155
601,-1494,1649824303.664157,54.230.130.80
602,66,1649824303.664167,192.168.10.155
603,-1208,1649824303.665351,54.230.130.80
604,66,1649824303.665359,192.168.10.155
605,-60,1649824303.709048,203.205.136.84
606,-92,1649824303.709450,203.205.136.84
607,54,1649824303.709477,192.168.10.155
608,-8814,1649824303.714310,203.205.136.84
609,54,1649824303.714363,192.168.10.155
610,-1514,1649824303.715913,203.205.136.84
611,54,1649824303.715938,192.168.10.155
612,-2974,1649824303.716560,203.205.136.84
613,54,1649824303.716589,192.168.10.155
614,-2974,1649824303.720759,203.205.136.84
615,54,1649824303.720786,192.168.10.155
616,-1514,1649824303.723861,203.205.136.84
617,54,1649824303.723877,192.168.10.155
618,-7354,1649824303.724608,203.205.136.84
619,54,1649824303.724631,192.168.10.155
620,-1514,1649824303.731977,203.205.136.84
621,54,1649824303.731992,192.168.10.155
622,-5894,1649824303.732677,203.205.136.84
623,54,1649824303.732692,192.168.10.155
624,-8814,1649824303.741080,203.205.136.84
625,54,1649824303.741103,192.168.10.155
626,-1514,1649824303.748162,203.205.136.84
627,54,1649824303.748188,192.168.10.155
628,-5894,1649824303.748870,203.205.136.84
629,54,1649824303.748889,192.168.10.155
630,-1514,1649824303.755899,203.205.136.84
631,54,1649824303.755918,192.168.10.155
632,-7354,1649824303.756579,203.205.136.84
633,54,1649824303.756598,192.168.10.155
634,-1158,1649824303.768646,163.181.39.210
635,-5894,1649824303.768648,203.205.136.84
636,54,1649824303.768698,192.168.10.155
637,54,1649824303.768734,192.168.10.155
638,455,1649824303.771558,192.168.10.155
639,-1158,1649824303.773016,163.181.39.210
640,54,1649824303.773039,192.168.10.155
641,248,1649824303.774463,192.168.10.155
642,153,1649824303.775079,192.168.10.155
643,85,1649824303.775252,192.168.10.155
644,54,1649824303.775274,192.168.10.155
645,74,1649824303.775636,192.168.10.155
646,130,1649824303.776529,192.168.10.155
647,518,1649824303.776677,192.168.10.155
648,-2974,1649824303.776933,203.205.136.84
649,54,1649824303.776941,192.168.10.155
650,-5894,1649824303.779249,203.205.136.84
651,54,1649824303.779254,192.168.10.155
652,-66,1649824303.780071,54.230.130.80
653,-66,1649824303.780730,54.230.130.80
654,-675,1649824303.780731,54.230.130.80
655,-4434,1649824303.780732,203.205.136.84
656,66,1649824303.780744,192.168.10.155
657,54,1649824303.780758,192.168.10.155
658,-90,1649824303.781023,54.230.130.80
659,90,1649824303.781089,192.168.10.155
660,66,1649824303.781120,192.168.10.155
661,-1514,1649824303.782002,203.205.136.84
662,54,1649824303.782010,192.168.10.155
663,-1514,1649824303.782680,203.205.136.84
664,54,1649824303.782689,192.168.10.155
665,74,1649824303.783281,192.168.10.155
666,-60,1649824303.784180,54.230.130.80
667,-1514,1649824303.785894,203.205.136.84
668,54,1649824303.785907,192.168.10.155
669,-74,1649824303.786873,151.101.230.133
670,-74,1649824303.786874,54.230.130.80
671,66,1649824303.786903,192.168.10.155
672,66,1649824303.786936,192.168.10.155
673,519,1649824303.787089,192.168.10.155
674,583,1649824303.789922,192.168.10.155
675,-1514,1649824303.793438,203.205.136.84
676,54,1649824303.793453,192.168.10.155
677,-66,1649824303.794084,54.230.130.80
678,-5894,1649824303.794085,203.205.136.84
679,54,1649824303.794097,192.168.10.155
680,-1494,1649824303.794695,54.230.130.80
681,66,1649824303.794711,192.168.10.155
682,-1494,1649824303.795818,54.230.130.80
683,66,1649824303.795833,192.168.10.155
684,-1514,1649824303.796258,203.205.136.84
685,54,1649824303.796273,192.168.10.155
686,-1208,1649824303.796849,54.230.130.80
687,66,1649824303.796858,192.168.10.155
688,-66,1649824303.798680,151.101.230.133
689,130,1649824303.799303,192.168.10.155
690,517,1649824303.799497,192.168.10.155
691,-1514,1649824303.799666,151.101.230.133
692,66,1649824303.799686,192.168.10.155
693,-632,1649824303.800292,151.101.230.133
694,66,1649824303.800306,192.168.10.155
695,-1514,1649824303.802455,203.205.136.84
696,54,1649824303.802473,192.168.10.155
697,-66,1649824303.802990,54.230.130.80
698,-66,1649824303.802991,54.230.130.80
699,-2974,1649824303.802992,203.205.136.84
700,54,1649824303.803022,192.168.10.155
701,-772,1649824303.803584,54.230.130.80
702,66,1649824303.803592,192.168.10.155
703,-90,1649824303.804159,54.230.130.80
704,-1514,1649824303.809867,203.205.136.84
705,54,1649824303.809875,192.168.10.155
706,-5894,1649824303.810785,203.205.136.84
707,54,1649824303.810795,192.168.10.155
708,-1514,1649824303.811895,203.205.136.84
709,54,1649824303.811910,192.168.10.155
710,-2974,1649824303.812409,203.205.136.84
711,54,1649824303.812427,192.168.10.155
712,-1514,1649824303.817358,203.205.136.84
713,54,1649824303.817382,192.168.10.155
714,-2974,1649824303.818092,203.205.136.84
715,54,1649824303.818113,192.168.10.155
716,-1514,1649824303.819851,203.205.136.84
717,54,1649824303.819879,192.168.10.155
718,-1514,1649824303.820842,203.205.136.84
719,54,1649824303.820847,192.168.10.155
720,-1514,1649824303.831984,203.205.136.84
721,54,1649824303.831998,192.168.10.155
722,-5894,1649824303.832802,203.205.136.84
723,54,1649824303.832822,192.168.10.155
724,-92,1649824303.835930,203.205.136.84
725,54,1649824303.835970,192.168.10.155
726,-60,1649824303.838449,203.205.136.84
727,-1514,1649824303.838450,203.205.136.84
728,54,1649824303.838465,192.168.10.155
729,54,1649824303.838486,192.168.10.155
730,-1514,1649824303.840590,203.205.136.84
731,54,1649824303.840605,192.168.10.155
732,223,1649824303.840881,192.168.10.155
733,324,1649824303.840911,192.168.10.155
734,90,1649824303.841754,192.168.10.155
735,66,1649824303.841786,192.168.10.155
736,84,1649824303.841942,192.168.10.155
737,-1870,1649824303.842475,129.226.106.167
738,-88,1649824303.842476,129.226.106.167
739,-7354,1649824303.842477,203.205.136.84
740,54,1649824303.842495,192.168.10.155
741,54,1649824303.842505,192.168.10.155
742,54,1649824303.842508,192.168.10.155
743,-1514,1649824303.843797,203.205.136.84
744,54,1649824303.843813,192.168.10.155
745,-8814,1649824303.844756,203.205.136.84
746,54,1649824303.844763,192.168.10.155
747,-60,1649824303.845426,54.230.130.80
748,-60,1649824303.845427,54.230.130.80
749,-1514,1649824303.853947,203.205.136.84
750,54,1649824303.853960,192.168.10.155
751,-10274,1649824303.859117,203.205.136.84
752,54,1649824303.859134,192.168.10.155
753,-1514,1649824303.859891,203.205.136.84
754,54,1649824303.859905,192.168.10.155
755,-11734,1649824303.860939,203.205.136.84
756,54,1649824303.860944,192.168.10.155
757,-1514,1649824303.868066,203.205.136.84
758,54,1649824303.868127,192.168.10.155
759,-11734,1649824303.869101,203.205.136.84
760,54,1649824303.869138,192.168.10.155
761,-1514,1649824303.875818,203.205.136.84
762,54,1649824303.875831,192.168.10.155
763,-13194,1649824303.877172,203.205.136.84
764,54,1649824303.877177,192.168.10.155
765,-1160,1649824303.885424,163.181.39.210
766,-14654,1649824303.885427,203.205.136.84
767,54,1649824303.885450,192.168.10.155
768,54,1649824303.885470,192.168.10.155
769,231,1649824303.887922,192.168.10.155
770,343,1649824303.887969,192.168.10.155
771,92,1649824303.889116,192.168.10.155
772,-1514,1649824303.891905,203.205.136.84
773,54,1649824303.891916,192.168.10.155
774,-14654,1649824303.893341,203.205.136.84
775,54,1649824303.893345,192.168.10.155
776,-16114,1649824303.901340,203.205.136.84
777,54,1649824303.901353,192.168.10.155
778,-60,1649824303.905682,203.205.219.85
779,-84,1649824303.906019,203.205.219.85
780,54,1649824303.906026,192.168.10.155
781,-1514,1649824303.907992,203.205.136.84
782,54,1649824303.907996,192.168.10.155
783,-17574,1649824303.909532,203.205.136.84
784,54,1649824303.909537,192.168.10.155
785,-1514,1649824303.915962,203.205.136.84
786,54,1649824303.915976,192.168.10.155
787,-2974,1649824303.916819,203.205.136.84
788,54,1649824303.916828,192.168.10.155
789,-14654,1649824303.918218,203.205.136.84
790,54,1649824303.918228,192.168.10.155
791,-1514,1649824303.923955,203.205.136.84
792,54,1649824303.923967,192.168.10.155
793,-14654,1649824303.925400,203.205.136.84
794,54,1649824303.925408,192.168.10.155
795,-5894,1649824303.926228,203.205.136.84
796,54,1649824303.926235,192.168.10.155
797,-1514,1649824303.931798,203.205.136.84
798,54,1649824303.931820,192.168.10.155
799,-2974,1649824303.933907,203.205.136.84
800,54,1649824303.933926,192.168.10.155
801,-19151,1649824303.934051,203.205.136.84
802,54,1649824303.934054,192.168.10.155
803,-60,1649824303.944245,203.205.219.85
804,-60,1649824303.949191,203.205.136.160
805,-92,1649824303.949443,203.205.136.160
806,54,1649824303.949454,192.168.10.155
807,-8814,1649824303.950577,203.205.136.160
808,54,1649824303.950594,192.168.10.155
809,-1514,1649824303.953795,203.205.136.160
810,54,1649824303.953817,192.168.10.155
811,-7354,1649824303.955423,203.205.136.160
812,54,1649824303.955436,192.168.10.155
813,-1514,1649824303.961979,203.205.136.160
814,54,1649824303.961995,192.168.10.155
815,-7354,1649824303.962732,203.205.136.160
816,54,1649824303.962742,192.168.10.155
817,-1158,1649824303.966927,163.181.39.210
818,54,1649824303.966952,192.168.10.155
819,248,1649824303.969734,192.168.10.155
820,-1514,1649824303.969873,203.205.136.160
821,54,1649824303.969885,192.168.10.155
822,160,1649824303.970265,192.168.10.155
823,85,1649824303.970602,192.168.10.155
824,54,1649824303.970618,192.168.10.155
825,-5894,1649824303.970730,203.205.136.160
826,54,1649824303.970737,192.168.10.155
827,191,1649824303.972388,192.168.10.155
828,262,1649824303.972613,192.168.10.155
829,152,1649824303.973273,192.168.10.155
830,252,1649824303.973471,192.168.10.155
831,74,1649824303.973515,192.168.10.155
832,74,1649824303.973912,192.168.10.155
833,74,1649824303.973986,192.168.10.155
834,74,1649824303.974058,192.168.10.155
835,74,1649824303.978184,192.168.10.155
836,74,1649824303.978247,192.168.10.155
837,156,1649824303.978368,192.168.10.155
838,181,1649824303.978418,192.168.10.155
839,-7354,1649824303.978460,203.205.136.160
840,54,1649824303.978469,192.168.10.155
841,175,1649824303.978775,192.168.10.155
842,-760,1649824303.979067,203.205.136.160
843,54,1649824303.979133,192.168.10.155
844,-92,1649824304.031525,203.205.136.84
845,54,1649824304.031568,192.168.10.155
846,-1514,1649824304.032442,203.205.136.84
847,-11734,1649824304.034124,203.205.136.84
848,54,1649824304.034144,192.168.10.155
849,-3327,1649824304.034674,203.205.136.84
850,-16467,1649824304.034678,203.205.136.84
851,54,1649824304.034690,192.168.10.155
852,54,1649824304.034705,192.168.10.155
853,-5240,1649824304.034724,203.205.136.84
854,-92,1649824304.034724,203.205.136.84
855,-60,1649824304.034725,203.205.136.84
856,54,1649824304.034731,192.168.10.155
857,54,1649824304.034747,192.168.10.155
858,-60,1649824304.035969,203.205.136.160
859,-8814,1649824304.035971,203.205.136.160
860,54,1649824304.036037,192.168.10.155
861,-66,1649824304.036578,203.205.136.160
862,54,1649824304.036599,192.168.10.155
863,-66,1649824304.036953,203.205.136.160
864,-66,1649824304.036954,203.205.136.160
865,-60,1649824304.036954,203.205.136.160
866,54,1649824304.036968,192.168.10.155
867,54,1649824304.036979,192.168.10.155
868,-66,1649824304.037588,203.205.136.160
869,54,1649824304.037662,192.168.10.155
870,-66,1649824304.037955,203.205.136.160
871,54,1649824304.037970,192.168.10.155
872,-60,1649824304.039361,203.205.136.160
873,-66,1649824304.039882,203.205.136.160
874,54,1649824304.039905,192.168.10.155
875,571,1649824304.040878,192.168.10.155
876,-1514,1649824304.042538,203.205.136.160
877,-5894,1649824304.043195,203.205.136.160
878,54,1649824304.043208,192.168.10.155
879,571,1649824304.043606,192.168.10.155
880,571,1649824304.045263,192.168.10.155
881,571,1649824304.046844,192.168.10.155
882,571,1649824304.048481,192.168.10.155
883,-1514,1649824304.049803,203.205.136.160
884,571,1649824304.050569,192.168.10.155
885,-8814,1649824304.050641,203.205.136.160
886,54,1649824304.050702,192.168.10.155
887,-1514,1649824304.057992,203.205.136.160
888,54,1649824304.058009,192.168.10.155
889,-7354,1649824304.058791,203.205.136.160
890,54,1649824304.058794,192.168.10.155
891,180,1649824304.063403,192.168.10.155
892,-1514,1649824304.065903,203.205.136.160
893,54,1649824304.065917,192.168.10.155
894,-2974,1649824304.066563,203.205.136.160
895,54,1649824304.066575,192.168.10.155
896,-552,1649824304.067269,23.46.5.6
897,-4434,1649824304.067278,203.205.136.160
898,54,1649824304.067307,192.168.10.155
899,-1514,1649824304.073774,203.205.136.160
900,54,1649824304.073788,192.168.10.155
901,-7354,1649824304.074807,203.205.136.160
902,54,1649824304.074815,192.168.10.155
903,54,1649824304.074925,192.168.10.155
904,154,1649824304.080627,192.168.10.155
905,-1514,1649824304.081810,203.205.136.160
906,54,1649824304.081822,192.168.10.155
907,154,1649824304.082041,192.168.10.155
908,-8814,1649824304.082965,203.205.136.160
909,54,1649824304.082983,192.168.10.155
910,-1514,1649824304.083508,23.46.5.6
911,153,1649824304.084352,192.168.10.155
912,-9383,1649824304.084589,23.46.5.6
913,66,1649824304.084601,192.168.10.155
914,-479,1649824304.085332,23.46.5.6
915,153,1649824304.087862,192.168.10.155
916,-1514,1649824304.087901,23.46.5.6
917,-68,1649824304.088434,23.46.5.6
918,66,1649824304.088440,192.168.10.155
919,154,1649824304.088758,192.168.10.155
920,-509,1649824304.090337,23.46.5.6
921,-1514,1649824304.091102,23.46.5.6
922,66,1649824304.091119,192.168.10.155
923,-1542,1649824304.091539,23.46.5.6
924,66,1649824304.091547,192.168.10.155
925,-60,1649824304.095863,203.205.136.84
926,66,1649824304.095875,192.168.10.155
927,-1514,1649824304.097011,203.205.136.160
928,54,1649824304.097019,192.168.10.155
929,-2974,1649824304.097509,203.205.136.160
930,54,1649824304.097512,192.168.10.155
931,-60,1649824304.103118,203.205.136.160
932,-1160,1649824304.103446,163.181.39.210
933,54,1649824304.103473,192.168.10.155
934,-1514,1649824304.104204,203.205.136.160
935,54,1649824304.104216,192.168.10.155
936,231,1649824304.105075,192.168.10.155
937,329,1649824304.105107,192.168.10.155
938,-5894,1649824304.105164,203.205.136.160
939,54,1649824304.105170,192.168.10.155
940,92,1649824304.105528,192.168.10.155
941,-4150,1649824304.106009,203.205.136.160
942,-292,1649824304.106009,203.205.136.160
943,-60,1649824304.106010,203.205.136.160
944,54,1649824304.106026,192.168.10.155
945,54,1649824304.106037,192.168.10.155
946,147,1649824304.107203,192.168.10.155
947,-60,1649824304.107299,203.205.136.160
948,-60,1649824304.108179,203.205.136.160
949,-1514,1649824304.110055,203.205.136.160
950,54,1649824304.110066,192.168.10.155
951,-2690,1649824304.111349,203.205.136.160
952,-292,1649824304.111350,203.205.136.160
953,-1514,1649824304.111351,203.205.136.160
954,54,1649824304.111363,192.168.10.155
955,54,1649824304.111376,192.168.10.155
956,54,1649824304.111380,192.168.10.155
957,-2690,1649824304.112078,203.205.136.160
958,-292,1649824304.112079,203.205.136.160
959,-60,1649824304.112079,203.205.136.160
960,-4150,1649824304.112080,203.205.136.160
961,-292,1649824304.112081,203.205.136.160
962,54,1649824304.112094,192.168.10.155
963,54,1649824304.112109,192.168.10.155
964,54,1649824304.112119,192.168.10.155
965,54,1649824304.112124,192.168.10.155
966,147,1649824304.112445,192.168.10.155
967,-1514,1649824304.112659,203.205.136.160
968,54,1649824304.112667,192.168.10.155
969,147,1649824304.113310,192.168.10.155
970,-2690,1649824304.113390,203.205.136.160
971,-292,1649824304.113391,203.205.136.160
972,-60,1649824304.113391,203.205.136.160
973,54,1649824304.113403,192.168.10.155
974,54,1649824304.113413,192.168.10.155
975,147,1649824304.113997,192.168.10.155
976,-1514,1649824304.114161,203.205.136.160
977,54,1649824304.114166,192.168.10.155
978,147,1649824304.114973,192.168.10.155
979,-7354,1649824304.115264,203.205.136.160
980,-1514,1649824304.115265,203.205.136.160
981,54,1649824304.115276,192.168.10.155
982,54,1649824304.115286,192.168.10.155
983,-2690,1649824304.115968,203.205.136.160
984,-292,1649824304.115968,203.205.136.160
985,54,1649824304.115977,192.168.10.155
986,54,1649824304.115988,192.168.10.155
987,147,1649824304.117829,192.168.10.155
988,-1514,1649824304.121881,203.205.136.160
989,54,1649824304.121897,192.168.10.155
990,-8814,1649824304.122930,203.205.136.160
991,54,1649824304.122945,192.168.10.155
992,-1514,1649824304.129747,203.205.136.160
993,54,1649824304.129761,192.168.10.155
994,-8814,1649824304.130580,203.205.136.160
995,54,1649824304.130590,192.168.10.155
996,-1514,1649824304.137794,203.205.136.160
997,54,1649824304.137810,192.168.10.155
998,-10274,1649824304.138957,203.205.136.160
999,54,1649824304.138965,192.168.10.155
1000,-1514,1649824304.145882,203.205.136.160
1001,54,1649824304.145898,192.168.10.155
1002,-11734,1649824304.146965,203.205.136.160
1003,54,1649824304.146973,192.168.10.155
1004,-365,1649824304.152395,203.205.219.85
1005,54,1649824304.152408,192.168.10.155
1006,-1514,1649824304.153882,203.205.136.160
1007,54,1649824304.153903,192.168.10.155
1008,-13194,1649824304.155369,203.205.136.160
1009,54,1649824304.155382,192.168.10.155
1010,-1514,1649824304.161982,203.205.136.160
1011,54,1649824304.161996,192.168.10.155
1012,-11734,1649824304.163094,203.205.136.160
1013,54,1649824304.163107,192.168.10.155
1014,-60,1649824304.164690,203.205.137.235
1015,-60,1649824304.165052,203.205.137.235
1016,-92,1649824304.165053,203.205.137.235
1017,54,1649824304.165061,192.168.10.155
1018,-1514,1649824304.166018,203.205.137.235
1019,54,1649824304.166022,192.168.10.155
1020,-1438,1649824304.166666,203.205.137.235
1021,-92,1649824304.166666,203.205.137.235
1022,-60,1649824304.166667,203.205.137.235
1023,54,1649824304.166682,192.168.10.155
1024,54,1649824304.166697,192.168.10.155
1025,-1514,1649824304.169794,203.205.136.160
1026,54,1649824304.169811,192.168.10.155
1027,-14654,1649824304.170973,203.205.136.160
1028,54,1649824304.170980,192.168.10.155
1029,-328,1649824304.171504,203.205.136.160
1030,54,1649824304.171509,192.168.10.155
1031,248,1649824304.171971,192.168.10.155
1032,-123,1649824304.172140,203.205.136.160
1033,54,1649824304.172144,192.168.10.155
1034,85,1649824304.172229,192.168.10.155
1035,-328,1649824304.173854,203.205.136.160
1036,54,1649824304.173873,192.168.10.155
1037,-123,1649824304.174714,203.205.136.160
1038,54,1649824304.174732,192.168.10.155
1039,-328,1649824304.175109,203.205.136.160
1040,54,1649824304.175121,192.168.10.155
1041,248,1649824304.175234,192.168.10.155
1042,-123,1649824304.175709,203.205.136.160
1043,54,1649824304.175716,192.168.10.155
1044,85,1649824304.175943,192.168.10.155
1045,248,1649824304.176728,192.168.10.155
1046,-328,1649824304.176882,203.205.136.160
1047,54,1649824304.176893,192.168.10.155
1048,-123,1649824304.177461,203.205.136.160
1049,54,1649824304.177466,192.168.10.155
1050,85,1649824304.177704,192.168.10.155
1051,54,1649824304.177720,192.168.10.155
1052,-328,1649824304.178633,203.205.136.160
1053,-123,1649824304.178634,203.205.136.160
1054,-10274,1649824304.178635,203.205.136.160
1055,54,1649824304.178650,192.168.10.155
1056,54,1649824304.178662,192.168.10.155
1057,54,1649824304.178666,192.168.10.155
1058,-5894,1649824304.179471,203.205.136.160
1059,54,1649824304.179480,192.168.10.155
1060,248,1649824304.179638,192.168.10.155
1061,-328,1649824304.180473,203.205.136.160
1062,54,1649824304.180497,192.168.10.155
1063,248,1649824304.180798,192.168.10.155
1064,85,1649824304.180905,192.168.10.155
1065,54,1649824304.180920,192.168.10.155
1066,85,1649824304.181091,192.168.10.155
1067,-123,1649824304.181795,203.205.136.160
1068,54,1649824304.181808,192.168.10.155
1069,-1514,1649824304.186034,203.205.136.160
1070,248,1649824304.186036,192.168.10.155
1071,54,1649824304.186057,192.168.10.155
1072,85,1649824304.186499,192.168.10.155
1073,54,1649824304.186521,192.168.10.155
1074,-16114,1649824304.187517,203.205.136.160
1075,54,1649824304.187533,192.168.10.155
1076,-1514,1649824304.194009,203.205.136.160
1077,54,1649824304.194031,192.168.10.155
1078,-2750,1649824304.194552,203.205.136.160
1079,54,1649824304.194560,192.168.10.155
1080,-60,1649824304.234954,203.205.136.160
1081,-60,1649824304.235159,203.205.136.160
1082,-92,1649824304.235159,203.205.136.160
1083,54,1649824304.235175,192.168.10.155
1084,54,1649824304.235199,192.168.10.155
1085,-60,1649824304.235862,203.205.136.160
1086,54,1649824304.235872,192.168.10.155
1087,-92,1649824304.238213,203.205.136.160
1088,54,1649824304.238238,192.168.10.155
1089,-60,1649824304.241959,203.205.136.160
1090,66,1649824304.241976,192.168.10.155
1091,-92,1649824304.242299,203.205.136.160
1092,54,1649824304.242322,192.168.10.155
1093,-60,1649824304.242895,203.205.136.160
1094,54,1649824304.242920,192.168.10.155
1095,-60,1649824304.243460,203.205.136.160
1096,54,1649824304.243474,192.168.10.155
1097,-60,1649824304.244101,203.205.136.160
1098,-60,1649824304.244463,203.205.136.160
1099,54,1649824304.244488,192.168.10.155
1100,-92,1649824304.247282,203.205.136.160
1101,54,1649824304.247326,192.168.10.155
1102,-60,1649824304.248750,203.205.136.160
1103,54,1649824304.248766,192.168.10.155
1104,168,1649824304.310249,192.168.10.155
1105,295,1649824304.350629,192.168.10.155
1106,74,1649824304.350709,192.168.10.155
1107,-74,1649824304.353463,184.25.232.218
1108,66,1649824304.353496,192.168.10.155
1109,583,1649824304.355885,192.168.10.155
1110,-66,1649824304.359257,184.25.232.218
1111,-1514,1649824304.360480,184.25.232.218
1112,66,1649824304.360501,192.168.10.155
1113,-1514,1649824304.361173,184.25.232.218
1114,-1266,1649824304.361174,184.25.232.218
1115,66,1649824304.361196,192.168.10.155
1116,66,1649824304.361216,192.168.10.155
1117,74,1649824304.361749,192.168.10.155
1118,-1277,1649824304.365590,184.25.232.218
1119,66,1649824304.365602,192.168.10.155
1120,146,1649824304.367566,192.168.10.155
1121,253,1649824304.367810,192.168.10.155
1122,281,1649824304.368524,192.168.10.155
1123,-66,1649824304.369822,184.25.232.218
1124,-66,1649824304.370190,184.25.232.218
1125,-337,1649824304.370191,184.25.232.218
1126,-337,1649824304.370192,184.25.232.218
1127,66,1649824304.370211,192.168.10.155
1128,66,1649824304.370228,192.168.10.155
1129,211,1649824304.370324,192.168.10.155
1130,-136,1649824304.370754,184.25.232.218
1131,66,1649824304.370765,192.168.10.155
1132,90,1649824304.370821,192.168.10.155
1133,66,1649824304.370838,192.168.10.155
1134,-3253,1649824304.375224,203.205.136.160
1135,-92,1649824304.375225,203.205.136.160
1136,-66,1649824304.375226,23.46.5.6
1137,54,1649824304.375249,192.168.10.155
1138,54,1649824304.375546,192.168.10.155
1139,-2003,1649824304.375575,23.46.5.6
1140,-66,1649824304.375576,184.25.232.218
1141,-90,1649824304.375576,184.25.232.218
1142,-66,1649824304.375576,184.25.232.218
1143,66,1649824304.375586,192.168.10.155
1144,54,1649824304.375619,192.168.10.155
1145,54,1649824304.375636,192.168.10.155
1146,-1514,1649824304.377189,23.46.5.6
1147,-972,1649824304.377567,23.46.5.6
1148,66,1649824304.377578,192.168.10.155
1149,-66,1649824304.422163,203.205.239.168
1150,54,1649824304.422186,192.168.10.155
1151,571,1649824304.425758,192.168.10.155
1152,74,1649824304.428979,192.168.10.155
1153,74,1649824304.429150,192.168.10.155
1154,-60,1649824304.433844,203.205.136.160
1155,66,1649824304.433853,192.168.10.155
1156,74,1649824304.442765,192.168.10.155
1157,-60,1649824304.485604,203.205.239.168
1158,-1494,1649824304.487870,203.205.239.168
1159,54,1649824304.487911,192.168.10.155
1160,-2102,1649824304.489069,203.205.239.168
1161,54,1649824304.489086,192.168.10.155
1162,147,1649824304.490654,192.168.10.155
1163,-66,1649824304.492695,129.226.102.234
1164,54,1649824304.492747,192.168.10.155
1165,-66,1649824304.495809,129.226.102.234
1166,54,1649824304.495922,192.168.10.155
1167,571,1649824304.501147,192.168.10.155
1168,-66,1649824304.504494,129.226.103.54
1169,54,1649824304.504593,192.168.10.155
1170,571,1649824304.508716,192.168.10.155
1171,571,1649824304.512513,192.168.10.155
1172,74,1649824304.522044,192.168.10.155
1173,484,1649824304.552871,192.168.10.155
1174,-328,1649824304.554958,203.205.239.168
1175,54,1649824304.555044,192.168.10.155
1176,-60,1649824304.560999,129.226.102.234
1177,-1486,1649824304.562544,129.226.102.234
1178,54,1649824304.562563,192.168.10.155
1179,-2348,1649824304.562966,129.226.102.234
1180,54,1649824304.562975,192.168.10.155
1181,147,1649824304.565264,192.168.10.155
1182,-60,1649824304.565976,163.181.39.210
1183,-60,1649824304.573153,129.226.102.234
1184,-60,1649824304.584095,129.226.103.54
1185,-2918,1649824304.584097,129.226.103.54
1186,54,1649824304.584130,192.168.10.155
1187,-1286,1649824304.584260,129.226.103.54
1188,54,1649824304.584272,192.168.10.155
1189,-451,1649824304.584341,129.226.103.54
1190,-3780,1649824304.584342,129.226.102.234
1191,-490,1649824304.584342,23.46.5.6
1192,54,1649824304.584360,192.168.10.155
1193,54,1649824304.584372,192.168.10.155
1194,147,1649824304.585576,192.168.10.155
1195,147,1649824304.587164,192.168.10.155
1196,74,1649824304.588130,192.168.10.155
1197,74,1649824304.588403,192.168.10.155
1198,74,1649824304.588479,192.168.10.155
1199,74,1649824304.588550,192.168.10.155
1200,74,1649824304.588622,192.168.10.155
1201,74,1649824304.588708,192.168.10.155
1202,-66,1649824304.601056,14.22.9.242
1203,54,1649824304.601072,192.168.10.155
1204,571,1649824304.603993,192.168.10.155
1205,-328,1649824304.625007,129.226.102.234
1206,54,1649824304.625027,192.168.10.155
1207,-123,1649824304.625383,129.226.102.234
1208,54,1649824304.625390,192.168.10.155
1209,66,1649824304.626927,192.168.10.155
1210,-344,1649824304.646512,129.226.103.54
1211,54,1649824304.646529,192.168.10.155
1212,-66,1649824304.647336,129.226.103.123
1213,54,1649824304.647361,192.168.10.155
1214,-66,1649824304.647932,129.226.103.123
1215,54,1649824304.647949,192.168.10.155
1216,-66,1649824304.648520,129.226.103.123
1217,54,1649824304.648539,192.168.10.155
1218,-66,1649824304.648881,129.226.103.123
1219,-328,1649824304.648882,129.226.102.234
1220,-123,1649824304.648882,129.226.102.234
1221,54,1649824304.648893,192.168.10.155
1222,54,1649824304.648909,192.168.10.155
1223,54,1649824304.648916,192.168.10.155
1224,571,1649824304.649998,192.168.10.155
1225,-66,1649824304.650032,129.226.103.123
1226,54,1649824304.650054,192.168.10.155
1227,-66,1649824304.650588,129.226.103.123
1228,54,1649824304.650610,192.168.10.155
1229,571,1649824304.654500,192.168.10.155
1230,571,1649824304.657932,192.168.10.155
1231,571,1649824304.661029,192.168.10.155
1232,571,1649824304.663867,192.168.10.155
1233,571,1649824304.667930,192.168.10.155
1234,74,1649824304.675674,192.168.10.155
1235,74,1649824304.678135,192.168.10.155
1236,-60,1649824304.681837,14.22.9.242
1237,-1486,1649824304.684041,14.22.9.242
1238,54,1649824304.684054,192.168.10.155
1239,-2091,1649824304.684726,14.22.9.242
1240,54,1649824304.684731,192.168.10.155
1241,147,1649824304.685924,192.168.10.155
1242,-60,1649824304.709966,129.226.103.123
1243,-4150,1649824304.711164,129.226.103.123
1244,54,1649824304.711187,192.168.10.155
1245,-605,1649824304.712249,129.226.103.123
1246,54,1649824304.712255,192.168.10.155
1247,147,1649824304.713903,192.168.10.155
1248,-60,1649824304.714063,129.226.103.123
1249,-4150,1649824304.715208,129.226.103.123
1250,54,1649824304.715223,192.168.10.155
1251,-605,1649824304.720108,129.226.103.123
1252,-60,1649824304.720110,129.226.103.123
1253,-4150,1649824304.720111,129.226.103.123
1254,-605,1649824304.720112,129.226.103.123
1255,54,1649824304.720138,192.168.10.155
1256,54,1649824304.720183,192.168.10.155
1257,54,1649824304.720198,192.168.10.155
1258,147,1649824304.722102,192.168.10.155
1259,-60,1649824304.723055,129.226.103.123
1260,147,1649824304.723677,192.168.10.155
1261,-4150,1649824304.728336,129.226.103.123
1262,-60,1649824304.728337,129.226.103.123
1263,-605,1649824304.728338,129.226.103.123
1264,-4150,1649824304.728338,129.226.103.123
1265,54,1649824304.728364,192.168.10.155
1266,54,1649824304.728388,192.168.10.155
1267,54,1649824304.728393,192.168.10.155
1268,-605,1649824304.728401,129.226.103.123
1269,54,1649824304.728405,192.168.10.155
1270,-60,1649824304.729606,129.226.103.123
1271,147,1649824304.729624,192.168.10.155
1272,-1486,1649824304.730227,129.226.103.123
1273,54,1649824304.730236,192.168.10.155
1274,147,1649824304.730638,192.168.10.155
1275,-2718,1649824304.733571,129.226.103.123
1276,-605,1649824304.733572,129.226.103.123
1277,54,1649824304.733592,192.168.10.155
1278,54,1649824304.733628,192.168.10.155
1279,147,1649824304.735215,192.168.10.155
1280,-66,1649824304.741014,203.205.137.235
1281,54,1649824304.741041,192.168.10.155
1282,-66,1649824304.743793,203.205.254.177
1283,54,1649824304.743809,192.168.10.155
1284,571,1649824304.744430,192.168.10.155
1285,571,1649824304.747613,192.168.10.155
1286,74,1649824304.758714,192.168.10.155
1287,-344,1649824304.763300,14.22.9.242
1288,54,1649824304.763330,192.168.10.155
1289,-328,1649824304.777276,129.226.103.123
1290,-123,1649824304.777277,129.226.103.123
1291,54,1649824304.777300,192.168.10.155
1292,54,1649824304.777326,192.168.10.155
1293,-328,1649824304.782105,129.226.103.123
1294,-123,1649824304.782106,129.226.103.123
1295,54,1649824304.782127,192.168.10.155
1296,54,1649824304.782154,192.168.10.155
1297,-328,1649824304.786406,129.226.103.123
1298,-123,1649824304.786408,129.226.103.123
1299,54,1649824304.786439,192.168.10.155
1300,54,1649824304.786466,192.168.10.155
1301,-328,1649824304.790800,129.226.103.123
1302,54,1649824304.790833,192.168.10.155
1303,-123,1649824304.791937,129.226.103.123
1304,-328,1649824304.791939,129.226.103.123
1305,-123,1649824304.791939,129.226.103.123
1306,54,1649824304.791961,192.168.10.155
1307,54,1649824304.792002,192.168.10.155
1308,54,1649824304.792013,192.168.10.155
1309,-328,1649824304.797493,129.226.103.123
1310,54,1649824304.797520,192.168.10.155
1311,-123,1649824304.797792,129.226.103.123
1312,54,1649824304.797808,192.168.10.155
1313,-60,1649824304.803980,203.205.137.235
1314,74,1649824304.804992,192.168.10.155
1315,-4150,1649824304.805157,203.205.137.235
1316,54,1649824304.805211,192.168.10.155
1317,74,1649824304.805799,192.168.10.155
1318,74,1649824304.805907,192.168.10.155
1319,-967,1649824304.807036,203.205.137.235
1320,54,1649824304.807045,192.168.10.155
1321,147,1649824304.808256,192.168.10.155
1322,-60,1649824304.815274,203.205.254.177
1323,-66,1649824304.822607,139.199.134.168
1324,54,1649824304.822646,192.168.10.155
1325,-1494,1649824304.824832,203.205.254.177
1326,54,1649824304.824841,192.168.10.155
1327,-1995,1649824304.825227,203.205.254.177
1328,54,1649824304.825231,192.168.10.155
1329,571,1649824304.825664,192.168.10.155
1330,147,1649824304.827147,192.168.10.155
1331,-66,1649824304.866319,203.205.136.77
1332,54,1649824304.866379,192.168.10.155
1333,-60,1649824304.867989,203.205.137.235
1334,-66,1649824304.871404,203.205.136.77
1335,-328,1649824304.871405,203.205.137.235
1336,54,1649824304.871430,192.168.10.155
1337,54,1649824304.871451,192.168.10.155
1338,-123,1649824304.871792,203.205.137.235
1339,-66,1649824304.871792,203.205.136.77
1340,54,1649824304.871804,192.168.10.155
1341,54,1649824304.871826,192.168.10.155
1342,571,1649824304.873021,192.168.10.155
1343,571,1649824304.876728,192.168.10.155
1344,571,1649824304.878454,192.168.10.155
1345,484,1649824304.878630,192.168.10.155
1346,-60,1649824304.891330,163.181.39.210
1347,-60,1649824304.894217,139.199.134.168
1348,-328,1649824304.896229,203.205.254.177
1349,54,1649824304.896249,192.168.10.155
1350,-2934,1649824304.896687,139.199.134.168
1351,54,1649824304.896697,192.168.10.155
1352,-551,1649824304.898693,139.199.134.168
1353,54,1649824304.898712,192.168.10.155
1354,139,1649824304.901358,192.168.10.155
1355,-60,1649824304.930259,203.205.137.235
1356,66,1649824304.930281,192.168.10.155
1357,-60,1649824304.935612,203.205.136.77
1358,-1514,1649824304.936541,203.205.136.77
1359,54,1649824304.936573,192.168.10.155
1360,-2690,1649824304.937252,203.205.136.77
1361,54,1649824304.937268,192.168.10.155
1362,-60,1649824304.938282,203.205.136.77
1363,-4150,1649824304.939732,203.205.136.77
1364,54,1649824304.939789,192.168.10.155
1365,-541,1649824304.942061,203.205.136.77
1366,-60,1649824304.942062,203.205.136.77
1367,54,1649824304.942077,192.168.10.155
1368,-2974,1649824304.943298,203.205.136.77
1369,54,1649824304.943317,192.168.10.155
1370,-1230,1649824304.948652,203.205.136.77
1371,-541,1649824304.948653,203.205.136.77
1372,-541,1649824304.948653,203.205.136.77
1373,54,1649824304.948674,192.168.10.155
1374,54,1649824304.948696,192.168.10.155
1375,54,1649824304.948704,192.168.10.155
1376,-320,1649824304.967482,139.199.134.168
1377,54,1649824304.967511,192.168.10.155
1378,484,1649824304.991004,192.168.10.155
1379,-60,1649824305.002695,163.181.39.210
1380,519,1649824305.003201,192.168.10.155
1381,-66,1649824305.014533,151.101.230.133
1382,74,1649824305.078390,192.168.10.155
1383,-2082,1649824305.090235,151.101.230.133
1384,66,1649824305.090260,192.168.10.155
1385,74,1649824305.092324,192.168.10.155
1386,575,1649824305.093031,192.168.10.155
1387,74,1649824305.103984,192.168.10.155
1388,-66,1649824305.151110,140.206.164.54
1389,54,1649824305.151166,192.168.10.155
1390,-1159,1649824305.151660,163.181.39.210
1391,54,1649824305.151687,192.168.10.155
1392,-66,1649824305.152058,203.205.255.141
1393,54,1649824305.152097,192.168.10.155
1394,571,1649824305.157973,192.168.10.155
1395,571,1649824305.160793,192.168.10.155
1396,775,1649824305.161530,192.168.10.155
1397,-1486,1649824305.164897,129.226.103.54
1398,54,1649824305.164912,192.168.10.155
1399,-211,1649824305.165999,129.226.103.54
1400,-88,1649824305.166000,129.226.103.54
1401,-66,1649824305.166000,203.205.137.234
1402,54,1649824305.166013,192.168.10.155
1403,54,1649824305.166028,192.168.10.155
1404,54,1649824305.166042,192.168.10.155
1405,571,1649824305.170065,192.168.10.155
1406,-60,1649824305.220544,203.205.255.141
1407,74,1649824305.221667,192.168.10.155
1408,-3441,1649824305.223495,203.205.255.141
1409,54,1649824305.223583,192.168.10.155
1410,147,1649824305.227425,192.168.10.155
1411,-60,1649824305.231187,140.206.164.54
1412,-60,1649824305.231724,203.205.137.234
1413,-1514,1649824305.232493,203.205.137.234
1414,54,1649824305.232508,192.168.10.155
1415,-2690,1649824305.233195,203.205.137.234
1416,-567,1649824305.233196,140.206.164.54
1417,54,1649824305.233204,192.168.10.155
1418,66,1649824305.233218,192.168.10.155
1419,-2934,1649824305.233619,140.206.164.54
1420,54,1649824305.233625,192.168.10.155
1421,147,1649824305.234568,192.168.10.155
1422,-1131,1649824305.234590,203.205.137.234
1423,54,1649824305.234594,192.168.10.155
1424,-182,1649824305.246440,203.205.239.168
1425,54,1649824305.246480,192.168.10.155
1426,74,1649824305.248276,192.168.10.155
1427,74,1649824305.248420,192.168.10.155
1428,74,1649824305.248685,192.168.10.155
1429,74,1649824305.248920,192.168.10.155
1430,74,1649824305.249141,192.168.10.155
1431,74,1649824305.249335,192.168.10.155
1432,-66,1649824305.285604,129.226.102.147
1433,54,1649824305.285696,192.168.10.155
1434,-328,1649824305.288809,203.205.255.141
1435,54,1649824305.288857,192.168.10.155
1436,-123,1649824305.289739,203.205.255.141
1437,54,1649824305.289752,192.168.10.155
1438,571,1649824305.289826,192.168.10.155
1439,-66,1649824305.309233,129.226.102.234
1440,54,1649824305.309280,192.168.10.155
1441,-328,1649824305.310259,140.206.164.54
1442,54,1649824305.310290,192.168.10.155
1443,-66,1649824305.311230,129.226.102.234
1444,-66,1649824305.311232,129.226.102.234
1445,-66,1649824305.311234,129.226.102.234
1446,54,1649824305.311278,192.168.10.155
1447,54,1649824305.311320,192.168.10.155
1448,54,1649824305.311338,192.168.10.155
1449,-66,1649824305.311631,129.226.102.234
1450,-66,1649824305.311632,129.226.102.234
1451,54,1649824305.311662,192.168.10.155
1452,54,1649824305.311691,192.168.10.155
1453,571,1649824305.315650,192.168.10.155
1454,571,1649824305.320260,192.168.10.155
1455,571,1649824305.323028,192.168.10.155
1456,-1157,1649824305.324885,163.181.39.210
1457,54,1649824305.324898,192.168.10.155
1458,571,1649824305.325630,192.168.10.155
1459,571,1649824305.327976,192.168.10.155
1460,571,1649824305.329750,192.168.10.155
1461,231,1649824305.331285,192.168.10.155
1462,548,1649824305.331308,192.168.10.155
1463,610,1649824305.331595,192.168.10.155
1464,92,1649824305.331933,192.168.10.155
1465,-60,1649824305.352724,129.226.102.147
1466,-1486,1649824305.354396,129.226.102.147
1467,54,1649824305.354438,192.168.10.155
1468,-2403,1649824305.354784,129.226.102.147
1469,54,1649824305.354800,192.168.10.155
1470,147,1649824305.357390,192.168.10.155
1471,-60,1649824305.376441,129.226.102.234
1472,-1486,1649824305.377993,129.226.102.234
1473,54,1649824305.378010,192.168.10.155
1474,-2397,1649824305.378443,129.226.102.234
1475,54,1649824305.378451,192.168.10.155
1476,147,1649824305.379741,192.168.10.155
1477,-60,1649824305.380447,129.226.102.234
1478,-1486,1649824305.381906,129.226.102.234
1479,54,1649824305.381933,192.168.10.155
1480,-2397,1649824305.382193,129.226.102.234
1481,54,1649824305.382201,192.168.10.155
1482,147,1649824305.383585,192.168.10.155
1483,-60,1649824305.385377,129.226.102.234
1484,-1486,1649824305.389802,129.226.102.234
1485,54,1649824305.389826,192.168.10.155
1486,-2397,1649824305.390506,129.226.102.234
1487,-60,1649824305.390507,129.226.102.234
1488,-60,1649824305.390508,129.226.102.234
1489,-3829,1649824305.390509,129.226.102.234
1490,54,1649824305.390526,192.168.10.155
1491,54,1649824305.390563,192.168.10.155
1492,-60,1649824305.391207,129.226.102.234
1493,-92,1649824305.391581,129.226.102.234
1494,54,1649824305.391589,192.168.10.155
1495,147,1649824305.391927,192.168.10.155
1496,147,1649824305.393569,192.168.10.155
1497,-3829,1649824305.396518,129.226.102.234
1498,-60,1649824305.396519,129.226.102.234
1499,54,1649824305.396554,192.168.10.155
1500,-3829,1649824305.396898,129.226.102.234
1501,54,1649824305.396908,192.168.10.155
1502,147,1649824305.398598,192.168.10.155
1503,147,1649824305.401072,192.168.10.155
1504,-328,1649824305.421305,129.226.102.147
1505,54,1649824305.421325,192.168.10.155
1506,-60,1649824305.428789,129.226.102.234
1507,-328,1649824305.439472,129.226.102.234
1508,54,1649824305.439488,192.168.10.155
1509,-123,1649824305.439813,129.226.102.234
1510,54,1649824305.439817,192.168.10.155
1511,-328,1649824305.443436,129.226.102.234
1512,54,1649824305.443445,192.168.10.155
1513,-123,1649824305.444000,129.226.102.234
1514,54,1649824305.444006,192.168.10.155
1515,74,1649824305.455787,192.168.10.155
1516,-328,1649824305.455963,129.226.102.234
1517,54,1649824305.455974,192.168.10.155
1518,-123,1649824305.456512,129.226.102.234
1519,54,1649824305.456517,192.168.10.155
1520,-328,1649824305.457103,129.226.102.234
1521,-123,1649824305.457104,129.226.102.234
1522,54,1649824305.457113,192.168.10.155
1523,54,1649824305.457126,192.168.10.155
1524,-157,1649824305.458092,129.226.102.234
1525,-92,1649824305.458093,129.226.102.234
1526,54,1649824305.458102,192.168.10.155
1527,54,1649824305.458113,192.168.10.155
1528,74,1649824305.458161,192.168.10.155
1529,-328,1649824305.459900,129.226.102.234
1530,54,1649824305.459918,192.168.10.155
1531,-123,1649824305.460241,129.226.102.234
1532,54,1649824305.460250,192.168.10.155
1533,-328,1649824305.463664,129.226.102.234
1534,54,1649824305.463677,192.168.10.155
1535,-123,1649824305.464252,129.226.102.234
1536,54,1649824305.464257,192.168.10.155
1537,-156,1649824305.466684,129.226.102.234
1538,54,1649824305.466699,192.168.10.155
1539,-92,1649824305.467043,129.226.102.234
1540,54,1649824305.467048,192.168.10.155
1541,-1159,1649824305.520120,163.181.39.210
1542,54,1649824305.520146,192.168.10.155
1543,248,1649824305.521678,192.168.10.155
1544,327,1649824305.522144,192.168.10.155
1545,85,1649824305.522299,192.168.10.155
1546,54,1649824305.522317,192.168.10.155
1547,-66,1649824305.534170,14.22.9.242
1548,54,1649824305.534203,192.168.10.155
1549,571,1649824305.538202,192.168.10.155
1550,-60,1649824305.583236,129.226.102.234
1551,-92,1649824305.585031,129.226.102.234
1552,54,1649824305.585069,192.168.10.155
1553,-60,1649824305.586114,129.226.102.234
1554,-60,1649824305.586115,129.226.102.234
1555,54,1649824305.586135,192.168.10.155
1556,54,1649824305.586155,192.168.10.155
1557,-60,1649824305.615120,14.22.9.242
1558,-1486,1649824305.617633,14.22.9.242
1559,54,1649824305.617665,192.168.10.155
1560,-2091,1649824305.628144,14.22.9.242
1561,54,1649824305.628168,192.168.10.155
1562,147,1649824305.631062,192.168.10.155
1563,-156,1649824305.642012,129.226.102.234
1564,-92,1649824305.642013,129.226.102.234
1565,54,1649824305.642028,192.168.10.155
1566,54,1649824305.642047,192.168.10.155
1567,-344,1649824305.708816,14.22.9.242
1568,54,1649824305.708838,192.168.10.155
1569,484,1649824305.866407,192.168.10.155
1570,-60,1649824305.878181,163.181.39.210
1571,519,1649824305.878746,192.168.10.155
1572,-66,1649824305.890952,151.101.230.133
1573,74,1649824305.891127,192.168.10.155
1574,-74,1649824305.902305,151.101.230.133
1575,66,1649824305.902363,192.168.10.155
1576,519,1649824305.902810,192.168.10.155
1577,74,1649824305.903913,192.168.10.155
1578,-66,1649824305.914327,151.101.230.133
1579,-74,1649824305.914726,151.101.230.133
1580,66,1649824305.914766,192.168.10.155
1581,519,1649824305.915394,192.168.10.155
1582,-66,1649824305.928932,151.101.230.133
1583,-2082,1649824305.975716,151.101.230.133
1584,-2081,1649824305.975718,151.101.230.133
1585,-2081,1649824305.975720,151.101.230.133
1586,66,1649824305.975752,192.168.10.155
1587,66,1649824305.975788,192.168.10.155
1588,66,1649824305.975799,192.168.10.155
1589,74,1649824305.983333,192.168.10.155
1590,519,1649824305.985433,192.168.10.155
1591,248,1649824305.991840,192.168.10.155
1592,231,1649824305.991946,192.168.10.155
1593,445,1649824305.991957,192.168.10.155
1594,270,1649824305.992291,192.168.10.155
1595,378,1649824305.992472,192.168.10.155
1596,486,1649824305.992799,192.168.10.155
1597,378,1649824305.993111,192.168.10.155
1598,378,1649824305.993377,192.168.10.155
1599,486,1649824305.993640,192.168.10.155
1600,486,1649824305.993972,192.168.10.155
1601,594,1649824305.994379,192.168.10.155
1602,-74,1649824305.995848,151.101.230.133
1603,66,1649824305.995866,192.168.10.155
1604,-66,1649824305.997325,151.101.230.133
1605,248,1649824305.998041,192.168.10.155
1606,85,1649824305.998175,192.168.10.155
1607,54,1649824305.998189,192.168.10.155
1608,85,1649824305.998750,192.168.10.155
1609,54,1649824305.998763,192.168.10.155
1610,-2080,1649824305.999541,151.101.230.133
1611,66,1649824305.999557,192.168.10.155
1612,484,1649824306.001583,192.168.10.155
1613,248,1649824306.001765,192.168.10.155
1614,248,1649824306.001789,192.168.10.155
1615,85,1649824306.003196,192.168.10.155
1616,54,1649824306.003215,192.168.10.155
1617,85,1649824306.003275,192.168.10.155
1618,54,1649824306.003283,192.168.10.155
1619,248,1649824306.003619,192.168.10.155
1620,85,1649824306.004123,192.168.10.155
1621,54,1649824306.004133,192.168.10.155
1622,484,1649824306.005227,192.168.10.155
1623,484,1649824306.005569,192.168.10.155
1624,-60,1649824306.013384,163.181.39.210
1625,484,1649824306.015353,192.168.10.155
1626,-60,1649824306.016740,163.181.39.210
1627,-60,1649824306.017971,163.181.39.210
1628,-60,1649824306.027157,163.181.39.210
1629,-60,1649824306.051113,129.226.103.123
1630,1494,1649824306.051172,192.168.10.155
1631,1494,1649824306.051203,192.168.10.155
1632,1494,1649824306.051209,192.168.10.155
1633,-92,1649824306.051421,129.226.103.123
1634,-92,1649824306.051422,129.226.103.123
1635,54,1649824306.051449,192.168.10.155
1636,54,1649824306.051472,192.168.10.155
1637,-60,1649824306.052370,129.226.103.123
1638,1494,1649824306.052395,192.168.10.155
1639,1494,1649824306.052410,192.168.10.155
1640,1494,1649824306.052419,192.168.10.155
1641,305,1649824306.052422,192.168.10.155
1642,-60,1649824306.053196,129.226.103.123
1643,-60,1649824306.053622,129.226.103.123
1644,-60,1649824306.055203,129.226.103.123
1645,-60,1649824306.058082,129.226.103.123
1646,54,1649824306.058098,192.168.10.155
1647,-60,1649824306.058664,129.226.103.123
1648,-92,1649824306.058665,129.226.103.123
1649,54,1649824306.058678,192.168.10.155
1650,54,1649824306.058704,192.168.10.155
1651,-307,1649824306.059752,129.226.103.123
1652,54,1649824306.059769,192.168.10.155
1653,-92,1649824306.060674,129.226.103.123
1654,-60,1649824306.060674,129.226.103.123
1655,54,1649824306.060688,192.168.10.155
1656,54,1649824306.060722,192.168.10.155
1657,214,1649824306.061035,192.168.10.155
1658,691,1649824306.061078,192.168.10.155
1659,-306,1649824306.063001,129.226.103.123
1660,-92,1649824306.063003,129.226.103.123
1661,-306,1649824306.063003,129.226.103.123
1662,-92,1649824306.063004,129.226.103.123
1663,-306,1649824306.063004,129.226.103.123
1664,-92,1649824306.063005,129.226.103.123
1665,-306,1649824306.063005,129.226.103.123
1666,-92,1649824306.063006,129.226.103.123
1667,54,1649824306.063022,192.168.10.155
1668,54,1649824306.063056,192.168.10.155
1669,54,1649824306.063082,192.168.10.155
1670,54,1649824306.063096,192.168.10.155
1671,54,1649824306.063106,192.168.10.155
1672,54,1649824306.063125,192.168.10.155
1673,54,1649824306.063143,192.168.10.155
1674,-60,1649824306.063177,129.226.103.123
1675,-60,1649824306.063178,129.226.103.123
1676,54,1649824306.063193,192.168.10.155
1677,54,1649824306.063210,192.168.10.155
1678,-92,1649824306.063537,129.226.103.123
1679,54,1649824306.063566,192.168.10.155
1680,165,1649824306.064216,192.168.10.155
1681,631,1649824306.064292,192.168.10.155
1682,-92,1649824306.064835,129.226.103.123
1683,54,1649824306.064865,192.168.10.155
1684,161,1649824306.065511,192.168.10.155
1685,691,1649824306.065575,192.168.10.155
1686,-60,1649824306.065635,129.226.103.123
1687,54,1649824306.065658,192.168.10.155
1688,-60,1649824306.066246,129.226.103.123
1689,-60,1649824306.066247,129.226.103.123
1690,54,1649824306.066257,192.168.10.155
1691,54,1649824306.066270,192.168.10.155
1692,161,1649824306.066705,192.168.10.155
1693,691,1649824306.066764,192.168.10.155
1694,161,1649824306.067797,192.168.10.155
1695,691,1649824306.067870,192.168.10.155
1696,-60,1649824306.110751,129.226.103.123
1697,-60,1649824306.111672,129.226.103.123
1698,-60,1649824306.111923,129.226.103.123
1699,-92,1649824306.114907,129.226.103.123
1700,-1486,1649824306.115249,129.226.103.123
1701,54,1649824306.115337,192.168.10.155
1702,-1486,1649824306.120693,129.226.103.123
1703,-3512,1649824306.121116,129.226.103.123
1704,54,1649824306.121215,192.168.10.155
1705,-60,1649824306.121434,129.226.103.123
1706,-1486,1649824306.124088,129.226.103.123
1707,166,1649824306.126227,192.168.10.155
1708,690,1649824306.126274,192.168.10.155
1709,807,1649824306.127150,192.168.10.155
1710,910,1649824306.127828,192.168.10.155
1711,691,1649824306.128121,192.168.10.155
1712,799,1649824306.128263,192.168.10.155
1713,-8524,1649824306.128775,129.226.103.123
1714,-306,1649824306.128776,129.226.103.123
1715,-92,1649824306.128776,129.226.103.123
1716,799,1649824306.128795,192.168.10.155
1717,-306,1649824306.128824,129.226.103.123
1718,-92,1649824306.128824,129.226.103.123
1719,-306,1649824306.128825,129.226.103.123
1720,-92,1649824306.128825,129.226.103.123
1721,-60,1649824306.128826,129.226.103.123
1722,805,1649824306.129163,192.168.10.155
1723,-60,1649824306.129253,129.226.103.123
1724,161,1649824306.129646,192.168.10.155
1725,691,1649824306.129673,192.168.10.155
1726,161,1649824306.130178,192.168.10.155
1727,691,1649824306.130249,192.168.10.155
1728,161,1649824306.130793,192.168.10.155
1729,692,1649824306.130810,192.168.10.155
1730,161,1649824306.131229,192.168.10.155
1731,692,1649824306.131301,192.168.10.155
1732,161,1649824306.131911,192.168.10.155
1733,692,1649824306.131939,192.168.10.155
1734,161,1649824306.132759,192.168.10.155
1735,692,1649824306.132863,192.168.10.155
1736,161,1649824306.133608,192.168.10.155
1737,692,1649824306.133662,192.168.10.155
1738,161,1649824306.134566,192.168.10.155
1739,692,1649824306.134619,192.168.10.155
1740,799,1649824306.135094,192.168.10.155
1741,161,1649824306.135758,192.168.10.155
1742,692,1649824306.135797,192.168.10.155
1743,161,1649824306.136229,192.168.10.155
1744,692,1649824306.136251,192.168.10.155
1745,798,1649824306.136532,192.168.10.155
1746,799,1649824306.136729,192.168.10.155
1747,799,1649824306.137062,192.168.10.155
1748,809,1649824306.137312,192.168.10.155
1749,161,1649824306.137844,192.168.10.155
1750,692,1649824306.137892,192.168.10.155
1751,74,1649824306.166247,192.168.10.155
1752,-1160,1649824306.169891,163.181.39.210
1753,54,1649824306.169904,192.168.10.155
1754,794,1649824306.171248,192.168.10.155
1755,484,1649824306.173458,192.168.10.155
1756,-1486,1649824306.174714,129.226.103.123
1757,-2918,1649824306.175162,129.226.103.123
1758,54,1649824306.175199,192.168.10.155
1759,-1486,1649824306.180589,129.226.103.123
1760,-5782,1649824306.181200,129.226.103.123
1761,54,1649824306.181363,192.168.10.155
1762,-60,1649824306.184817,163.181.39.210
1763,-1486,1649824306.186058,129.226.103.123
1764,1494,1649824306.186077,192.168.10.155
1765,1494,1649824306.186090,192.168.10.155
1766,-1486,1649824306.186449,129.226.103.123
1767,-60,1649824306.187076,129.226.103.123
1768,1494,1649824306.187104,192.168.10.155
1769,1494,1649824306.187115,192.168.10.155
1770,1494,1649824306.187118,192.168.10.155
1771,1494,1649824306.187120,192.168.10.155
1772,1494,1649824306.187123,192.168.10.155
1773,1494,1649824306.187125,192.168.10.155
1774,-664,1649824306.189493,129.226.103.123
1775,1494,1649824306.189523,192.168.10.155
1776,1494,1649824306.189536,192.168.10.155
1777,1494,1649824306.189541,192.168.10.155
1778,1494,1649824306.189543,192.168.10.155
1779,1494,1649824306.189545,192.168.10.155
1780,1494,1649824306.189547,192.168.10.155
1781,-60,1649824306.189843,129.226.103.123
1782,1494,1649824306.190549,192.168.10.155
1783,1494,1649824306.190560,192.168.10.155
1784,1494,1649824306.190563,192.168.10.155
1785,-148,1649824306.190566,129.226.103.123
1786,1494,1649824306.190566,192.168.10.155
1787,1494,1649824306.190569,192.168.10.155
1788,1494,1649824306.190571,192.168.10.155
1789,-60,1649824306.191227,129.226.103.123
1790,1494,1649824306.191575,192.168.10.155
1791,1494,1649824306.191584,192.168.10.155
1792,282,1649824306.191586,192.168.10.155
1793,-60,1649824306.191617,129.226.103.123
1794,-96,1649824306.191618,129.226.103.123
1795,-96,1649824306.191618,129.226.103.123
1796,54,1649824306.191741,192.168.10.155
1797,-60,1649824306.193049,129.226.103.123
1798,1494,1649824306.193067,192.168.10.155
1799,849,1649824306.193073,192.168.10.155
1800,-96,1649824306.193446,129.226.103.123
1801,-96,1649824306.193446,129.226.103.123
1802,-96,1649824306.193447,129.226.103.123
1803,54,1649824306.193481,192.168.10.155
1804,-348,1649824306.194476,129.226.103.123
1805,-92,1649824306.194897,129.226.103.123
1806,-60,1649824306.194898,129.226.103.123
1807,-60,1649824306.194898,129.226.103.123
1808,-96,1649824306.194899,129.226.103.123
1809,1494,1649824306.194926,192.168.10.155
1810,104,1649824306.194935,192.168.10.155
1811,-96,1649824306.195479,129.226.103.123
1812,54,1649824306.195504,192.168.10.155
1813,-60,1649824306.196038,129.226.103.123
1814,1494,1649824306.196304,192.168.10.155
1815,742,1649824306.196311,192.168.10.155
1816,-96,1649824306.196409,129.226.103.123
1817,-109,1649824306.196409,129.226.103.123
1818,54,1649824306.196442,192.168.10.155
1819,-60,1649824306.197312,129.226.103.123
1820,-60,1649824306.197668,129.226.103.123
1821,1494,1649824306.197687,192.168.10.155
1822,1494,1649824306.197697,192.168.10.155
1823,1494,1649824306.197699,192.168.10.155
1824,213,1649824306.197700,192.168.10.155
1825,-5782,1649824306.235839,129.226.103.123
1826,54,1649824306.236006,192.168.10.155
1827,-66,1649824306.236723,14.22.9.242
1828,54,1649824306.236771,192.168.10.155
1829,-1486,1649824306.240491,129.226.103.123
1830,-337,1649824306.241197,129.226.103.123
1831,571,1649824306.242722,192.168.10.155
1832,54,1649824306.242856,192.168.10.155
1833,-60,1649824306.246324,129.226.103.123
1834,1494,1649824306.246351,192.168.10.155
1835,1494,1649824306.246367,192.168.10.155
1836,-109,1649824306.246712,129.226.103.123
1837,-109,1649824306.246712,129.226.103.123
1838,-60,1649824306.246713,129.226.103.123
1839,54,1649824306.246816,192.168.10.155
1840,-135,1649824306.247334,129.226.103.123
1841,-187,1649824306.247912,129.226.103.123
1842,1494,1649824306.247959,192.168.10.155
1843,1494,1649824306.247972,192.168.10.155
1844,1494,1649824306.247975,192.168.10.155
1845,1494,1649824306.247978,192.168.10.155
1846,1494,1649824306.247979,192.168.10.155
1847,1494,1649824306.247982,192.168.10.155
1848,-60,1649824306.249534,129.226.103.123
1849,-60,1649824306.249888,129.226.103.123
1850,1494,1649824306.249909,192.168.10.155
1851,1494,1649824306.249925,192.168.10.155
1852,1398,1649824306.249928,192.168.10.155
1853,-135,1649824306.250532,129.226.103.123
1854,-60,1649824306.250921,129.226.103.123
1855,-174,1649824306.250922,129.226.103.123
1856,-60,1649824306.250923,129.226.103.123
1857,-161,1649824306.250923,129.226.103.123
1858,1494,1649824306.250953,192.168.10.155
1859,1494,1649824306.250965,192.168.10.155
1860,1494,1649824306.250968,192.168.10.155
1861,150,1649824306.250970,192.168.10.155
1862,145,1649824306.250976,192.168.10.155
1863,54,1649824306.251077,192.168.10.155
1864,-161,1649824306.251987,129.226.103.123
1865,-60,1649824306.251988,129.226.103.123
1866,-109,1649824306.252378,129.226.103.123
1867,-109,1649824306.252379,129.226.103.123
1868,54,1649824306.252855,192.168.10.155
1869,-60,1649824306.253416,129.226.103.123
1870,-122,1649824306.253773,129.226.103.123
1871,-60,1649824306.254125,129.226.103.123
1872,-109,1649824306.254880,129.226.103.123
1873,54,1649824306.254951,192.168.10.155
1874,-60,1649824306.255613,129.226.103.123
1875,-122,1649824306.255995,129.226.103.123
1876,-348,1649824306.255995,129.226.103.123
1877,-92,1649824306.255996,129.226.103.123
1878,54,1649824306.256320,192.168.10.155
1879,-348,1649824306.256360,129.226.103.123
1880,-92,1649824306.256361,129.226.103.123
1881,54,1649824306.256521,192.168.10.155
1882,-348,1649824306.257177,129.226.103.123
1883,-92,1649824306.257177,129.226.103.123
1884,-348,1649824306.257178,129.226.103.123
1885,-92,1649824306.257178,129.226.103.123
1886,54,1649824306.257627,192.168.10.155
1887,-348,1649824306.258428,129.226.103.123
1888,-92,1649824306.258429,129.226.103.123
1889,54,1649824306.258589,192.168.10.155
1890,-60,1649824306.261407,129.226.103.123
1891,-60,1649824306.261408,129.226.103.123
1892,-60,1649824306.276361,203.205.254.177
1893,-7214,1649824306.295983,129.226.103.123
1894,54,1649824306.296128,192.168.10.155
1895,-4350,1649824306.304009,129.226.103.123
1896,54,1649824306.304029,192.168.10.155
1897,-60,1649824306.305703,129.226.103.123
1898,-4350,1649824306.308513,129.226.103.123
1899,54,1649824306.308528,192.168.10.155
1900,-1422,1649824306.309112,129.226.103.123
1901,-60,1649824306.309470,129.226.103.123
1902,-60,1649824306.309471,129.226.103.123
1903,-161,1649824306.309471,129.226.103.123
1904,54,1649824306.309542,192.168.10.155
1905,-148,1649824306.310577,129.226.103.123
1906,-60,1649824306.310578,129.226.103.123
1907,-2307,1649824306.310578,203.205.254.177
1908,54,1649824306.310606,192.168.10.155
1909,-161,1649824306.311862,129.226.103.123
1910,54,1649824306.311910,192.168.10.155
1911,-109,1649824306.312200,129.226.103.123
1912,-122,1649824306.312201,129.226.103.123
1913,54,1649824306.312255,192.168.10.155
1914,-348,1649824306.315403,129.226.103.123
1915,-92,1649824306.315742,129.226.103.123
1916,54,1649824306.315958,192.168.10.155
1917,-348,1649824306.316867,129.226.103.123
1918,-92,1649824306.316868,129.226.103.123
1919,54,1649824306.317230,192.168.10.155
1920,-348,1649824306.317927,129.226.103.123
1921,-92,1649824306.317928,129.226.103.123
1922,-348,1649824306.317929,129.226.103.123
1923,-92,1649824306.317929,129.226.103.123
1924,-348,1649824306.318700,129.226.103.123
1925,-92,1649824306.318701,129.226.103.123
1926,-348,1649824306.318702,129.226.103.123
1927,-92,1649824306.318702,129.226.103.123
1928,-60,1649824306.319051,14.22.9.242
1929,-348,1649824306.319052,129.226.103.123
1930,54,1649824306.319069,192.168.10.155
1931,-92,1649824306.320307,129.226.103.123
1932,-348,1649824306.320308,129.226.103.123
1933,-92,1649824306.320308,129.226.103.123
1934,-348,1649824306.320308,129.226.103.123
1935,-92,1649824306.320309,129.226.103.123
1936,-348,1649824306.320313,129.226.103.123
1937,-92,1649824306.320314,129.226.103.123
1938,54,1649824306.320955,192.168.10.155
1939,-659,1649824306.321716,14.22.9.242
1940,-2918,1649824306.321718,14.22.9.242
1941,66,1649824306.321736,192.168.10.155
1942,54,1649824306.321756,192.168.10.155
1943,147,1649824306.323393,192.168.10.155
1944,-1160,1649824306.329554,163.181.39.210
1945,54,1649824306.329575,192.168.10.155
1946,613,1649824306.354711,192.168.10.155
1947,-1486,1649824306.358274,129.226.103.123
1948,484,1649824306.361415,192.168.10.155
1949,-4266,1649824306.365746,129.226.103.123
1950,54,1649824306.365765,192.168.10.155
1951,74,1649824306.372903,192.168.10.155
1952,-60,1649824306.373808,163.181.39.210
1953,74,1649824306.373937,192.168.10.155
1954,74,1649824306.374515,192.168.10.155
1955,74,1649824306.380479,192.168.10.155
1956,150,1649824306.389329,192.168.10.155
1957,151,1649824306.389635,192.168.10.155
1958,151,1649824306.391962,192.168.10.155
1959,-1158,1649824306.392278,163.181.39.210
1960,54,1649824306.392289,192.168.10.155
1961,74,1649824306.392566,192.168.10.155
1962,151,1649824306.392598,192.168.10.155
1963,74,1649824306.392798,192.168.10.155
1964,634,1649824306.395059,192.168.10.155
1965,484,1649824306.395985,192.168.10.155
1966,-344,1649824306.399825,14.22.9.242
1967,54,1649824306.399843,192.168.10.155
1968,-60,1649824306.407334,163.181.39.210
1969,-60,1649824306.421653,139.199.134.168
1970,-66,1649824306.440449,203.205.253.150
1971,54,1649824306.440472,192.168.10.155
1972,-66,1649824306.441385,203.205.253.150
1973,54,1649824306.441397,192.168.10.155
1974,-326,1649824306.441975,139.199.134.168
1975,54,1649824306.441983,192.168.10.155
1976,571,1649824306.442655,192.168.10.155
1977,168,1649824306.442892,192.168.10.155
1978,1494,1649824306.442947,192.168.10.155
1979,175,1649824306.442962,192.168.10.155
1980,1494,1649824306.443095,192.168.10.155
1981,1494,1649824306.443101,192.168.10.155
1982,1494,1649824306.443103,192.168.10.155
1983,1494,1649824306.443105,192.168.10.155
1984,1494,1649824306.443108,192.168.10.155
1985,1494,1649824306.443110,192.168.10.155
1986,1494,1649824306.443112,192.168.10.155
1987,1494,1649824306.443114,192.168.10.155
1988,1494,1649824306.443116,192.168.10.155
1989,1494,1649824306.443120,192.168.10.155
1990,1494,1649824306.443123,192.168.10.155
1991,252,1649824306.443125,192.168.10.155
1992,1494,1649824306.443246,192.168.10.155
1993,1494,1649824306.443251,192.168.10.155
1994,1494,1649824306.443253,192.168.10.155
1995,1494,1649824306.443255,192.168.10.155
1996,1494,1649824306.443257,192.168.10.155
1997,1494,1649824306.443262,192.168.10.155
1998,1494,1649824306.443265,192.168.10.155
1999,1494,1649824306.443267,192.168.10.155
2000,1494,1649824306.443270,192.168.10.155
2001,1494,1649824306.443272,192.168.10.155
2002,1494,1649824306.443274,192.168.10.155
2003,1494,1649824306.443276,192.168.10.155
2004,1494,1649824306.443278,192.168.10.155
2005,1494,1649824306.443280,192.168.10.155
2006,1494,1649824306.443282,192.168.10.155
2007,1494,1649824306.443284,192.168.10.155
2008,1494,1649824306.443286,192.168.10.155
2009,1494,1649824306.443288,192.168.10.155
2010,1494,1649824306.443290,192.168.10.155
2011,1494,1649824306.443291,192.168.10.155
2012,1494,1649824306.443293,192.168.10.155
2013,1494,1649824306.443296,192.168.10.155
2014,1494,1649824306.443307,192.168.10.155
2015,-66,1649824306.443514,203.205.253.150
2016,54,1649824306.443531,192.168.10.155
2017,1494,1649824306.445149,192.168.10.155
2018,1494,1649824306.445159,192.168.10.155
2019,1494,1649824306.445162,192.168.10.155
2020,1494,1649824306.445164,192.168.10.155
2021,1494,1649824306.445166,192.168.10.155
2022,1494,1649824306.445168,192.168.10.155
2023,1494,1649824306.445171,192.168.10.155
2024,1494,1649824306.445173,192.168.10.155
2025,1494,1649824306.445175,192.168.10.155
2026,1494,1649824306.445177,192.168.10.155
2027,737,1649824306.445179,192.168.10.155
2028,-66,1649824306.445328,203.205.253.150
2029,54,1649824306.445350,192.168.10.155
2030,571,1649824306.445782,192.168.10.155
2031,571,1649824306.447568,192.168.10.155
2032,571,1649824306.449688,192.168.10.155
2033,-60,1649824306.451975,203.205.136.160
2034,-1514,1649824306.452514,203.205.136.160
2035,54,1649824306.452521,192.168.10.155
2036,-14890,1649824306.453993,203.205.136.160
2037,54,1649824306.454000,192.168.10.155
2038,-16467,1649824306.454038,203.205.136.160
2039,54,1649824306.454041,192.168.10.155
2040,-101,1649824306.454051,203.205.136.160
2041,-1514,1649824306.454051,203.205.136.160
2042,54,1649824306.454057,192.168.10.155
2043,54,1649824306.454062,192.168.10.155
2044,-60,1649824306.456267,203.205.136.160
2045,-1514,1649824306.458103,203.205.136.160
2046,54,1649824306.458110,192.168.10.155
2047,-32174,1649824306.459637,203.205.136.160
2048,54,1649824306.459672,192.168.10.155
2049,-66,1649824306.460743,203.205.253.150
2050,54,1649824306.460798,192.168.10.155
2051,-66,1649824306.461361,203.205.253.150
2052,54,1649824306.461394,192.168.10.155
2053,-1514,1649824306.465857,203.205.136.160
2054,54,1649824306.465880,192.168.10.155
2055,-32174,1649824306.467095,203.205.136.160
2056,54,1649824306.467107,192.168.10.155
2057,571,1649824306.467498,192.168.10.155
2058,-445,1649824306.469137,14.22.9.242
2059,54,1649824306.469154,192.168.10.155
2060,571,1649824306.470202,192.168.10.155
2061,880,1649824306.470900,192.168.10.155
2062,-1514,1649824306.473842,203.205.136.160
2063,54,1649824306.473849,192.168.10.155
2064,-32174,1649824306.478321,203.205.136.160
2065,54,1649824306.478337,192.168.10.155
2066,74,1649824306.478933,192.168.10.155
2067,-1514,1649824306.481896,203.205.136.160
2068,54,1649824306.481919,192.168.10.155
2069,-554,1649824306.482227,203.205.136.160
2070,54,1649824306.482237,192.168.10.155
2071,-96,1649824306.502807,129.226.103.123
2072,-60,1649824306.503264,129.226.103.123
2073,1494,1649824306.503492,192.168.10.155
2074,1494,1649824306.503532,192.168.10.155
2075,1494,1649824306.503537,192.168.10.155
2076,1494,1649824306.503541,192.168.10.155
2077,1494,1649824306.503545,192.168.10.155
2078,1494,1649824306.503548,192.168.10.155
2079,1494,1649824306.503551,192.168.10.155
2080,1494,1649824306.503555,192.168.10.155
2081,1494,1649824306.503558,192.168.10.155
2082,1494,1649824306.503562,192.168.10.155
2083,1494,1649824306.503567,192.168.10.155
2084,252,1649824306.503571,192.168.10.155
2085,-60,1649824306.503927,129.226.103.123
2086,-60,1649824306.503927,129.226.103.123
2087,-60,1649824306.503928,129.226.103.123
2088,-60,1649824306.504651,129.226.103.123
2089,1494,1649824306.504677,192.168.10.155
2090,1494,1649824306.504694,192.168.10.155
2091,1494,1649824306.504698,192.168.10.155
2092,1494,1649824306.504700,192.168.10.155
2093,1494,1649824306.504703,192.168.10.155
2094,1494,1649824306.504705,192.168.10.155
2095,1494,1649824306.504708,192.168.10.155
2096,1494,1649824306.504710,192.168.10.155
2097,1494,1649824306.504713,192.168.10.155
2098,1494,1649824306.504716,192.168.10.155
2099,1494,1649824306.504719,192.168.10.155
2100,1494,1649824306.504722,192.168.10.155
2101,1494,1649824306.504724,192.168.10.155
2102,1494,1649824306.504728,192.168.10.155
2103,1494,1649824306.504731,192.168.10.155
2104,1494,1649824306.504734,192.168.10.155
2105,1494,1649824306.504736,192.168.10.155
2106,479,1649824306.504739,192.168.10.155
2107,-60,1649824306.505005,129.226.103.123
2108,-60,1649824306.505865,129.226.103.123
2109,-60,1649824306.505865,129.226.103.123
2110,-60,1649824306.505866,129.226.103.123
2111,-60,1649824306.505866,129.226.103.123
2112,-60,1649824306.505866,129.226.103.123
2113,1494,1649824306.505879,192.168.10.155
2114,1494,1649824306.505884,192.168.10.155
2115,1494,1649824306.505885,192.168.10.155
2116,1494,1649824306.505887,192.168.10.155
2117,1494,1649824306.505889,192.168.10.155
2118,1494,1649824306.505890,192.168.10.155
2119,587,1649824306.505892,192.168.10.155
2120,-60,1649824306.506764,129.226.103.123
2121,-60,1649824306.507532,129.226.103.123
2122,-60,1649824306.507532,129.226.103.123
2123,-60,1649824306.507533,129.226.103.123
2124,-60,1649824306.507533,129.226.103.123
2125,-60,1649824306.507533,129.226.103.123
2126,-60,1649824306.511253,203.205.253.150
2127,-60,1649824306.512748,203.205.253.150
2128,-60,1649824306.514434,203.205.253.150
2129,-60,1649824306.515276,203.205.253.150
2130,-3768,1649824306.528086,203.205.253.150
2131,-3768,1649824306.528087,203.205.253.150
2132,-3768,1649824306.528088,203.205.253.150
2133,54,1649824306.528115,192.168.10.155
2134,54,1649824306.528138,192.168.10.155
2135,54,1649824306.528146,192.168.10.155
2136,-3768,1649824306.528168,203.205.253.150
2137,54,1649824306.528173,192.168.10.155
2138,147,1649824306.529644,192.168.10.155
2139,147,1649824306.530613,192.168.10.155
2140,147,1649824306.532957,192.168.10.155
2141,-60,1649824306.534441,203.205.253.150
2142,147,1649824306.536204,192.168.10.155
2143,-60,1649824306.537626,203.205.253.150
2144,151,1649824306.539015,192.168.10.155
2145,-3768,1649824306.544226,203.205.253.150
2146,54,1649824306.544254,192.168.10.155
2147,-1159,1649824306.544542,163.181.39.210
2148,54,1649824306.544549,192.168.10.155
2149,147,1649824306.545169,192.168.10.155
2150,-1494,1649824306.545745,203.205.253.150
2151,54,1649824306.545763,192.168.10.155
2152,231,1649824306.546690,192.168.10.155
2153,386,1649824306.546719,192.168.10.155
2154,92,1649824306.547273,192.168.10.155
2155,484,1649824306.548823,192.168.10.155
2156,-2328,1649824306.555174,203.205.253.150
2157,-475,1649824306.555175,14.22.9.242
2158,-1160,1649824306.555175,163.181.39.210
2159,54,1649824306.555191,192.168.10.155
2160,54,1649824306.555217,192.168.10.155
2161,54,1649824306.555222,192.168.10.155
2162,147,1649824306.556759,192.168.10.155
2163,134,1649824306.557256,192.168.10.155
2164,224,1649824306.557935,192.168.10.155
2165,335,1649824306.557968,192.168.10.155
2166,484,1649824306.559899,192.168.10.155
2167,-60,1649824306.562574,163.181.39.210
2168,-60,1649824306.563884,129.226.103.123
2169,-60,1649824306.564613,129.226.103.123
2170,-60,1649824306.564614,129.226.103.123
2171,-60,1649824306.564954,129.226.103.123
2172,-60,1649824306.564955,129.226.103.123
2173,-60,1649824306.565381,129.226.103.123
2174,-60,1649824306.565381,129.226.103.123
2175,-60,1649824306.565381,129.226.103.123
2176,-60,1649824306.565382,129.226.103.123
2177,-60,1649824306.565382,129.226.103.123
2178,-60,1649824306.565382,129.226.103.123
2179,-60,1649824306.566062,129.226.103.123
2180,-60,1649824306.569231,129.226.103.123
2181,-60,1649824306.569232,129.226.103.123
2182,-60,1649824306.571481,163.181.39.210
2183,-328,1649824306.597787,203.205.253.150
2184,54,1649824306.597816,192.168.10.155
2185,-348,1649824306.598976,129.226.103.123
2186,-92,1649824306.599359,129.226.103.123
2187,-328,1649824306.599360,203.205.253.150
2188,54,1649824306.599395,192.168.10.155
2189,54,1649824306.599438,192.168.10.155
2190,-328,1649824306.600592,203.205.253.150
2191,54,1649824306.600619,192.168.10.155
2192,-926,1649824306.601223,203.205.136.160
2193,54,1649824306.601247,192.168.10.155
2194,-328,1649824306.601908,203.205.253.150
2195,54,1649824306.601932,192.168.10.155
2196,-60,1649824306.607305,203.205.137.235
2197,-60,1649824306.607655,203.205.137.235
2198,-60,1649824306.607656,203.205.137.235
2199,-92,1649824306.607656,203.205.137.235
2200,54,1649824306.607674,192.168.10.155
2201,-1514,1649824306.608892,203.205.137.235
2202,54,1649824306.608903,192.168.10.155
2203,-2177,1649824306.609595,203.205.137.235
2204,54,1649824306.609601,192.168.10.155
2205,-92,1649824306.609914,203.205.137.235
2206,54,1649824306.609920,192.168.10.155
2207,-328,1649824306.612206,203.205.253.150
2208,54,1649824306.612222,192.168.10.155
2209,-60,1649824306.618525,203.205.136.77
2210,-341,1649824306.618922,203.205.136.77
2211,-341,1649824306.618923,203.205.136.77
2212,-60,1649824306.618924,203.205.136.77
2213,54,1649824306.618946,192.168.10.155
2214,54,1649824306.618985,192.168.10.155
2215,-60,1649824306.619894,203.205.136.77
2216,-109,1649824306.619895,203.205.136.77
2217,-89,1649824306.619896,203.205.136.77
2218,-85,1649824306.619896,203.205.136.77
2219,54,1649824306.619927,192.168.10.155
2220,54,1649824306.619950,192.168.10.155
2221,54,1649824306.619959,192.168.10.155
2222,-619,1649824306.621072,203.205.136.77
2223,-5816,1649824306.621074,203.205.136.77
2224,54,1649824306.621095,192.168.10.155
2225,54,1649824306.621115,192.168.10.155
2226,85,1649824306.621168,192.168.10.155
2227,-328,1649824306.623998,203.205.253.150
2228,54,1649824306.624016,192.168.10.155
2229,-60,1649824306.663725,203.205.136.160
2230,66,1649824306.663752,192.168.10.155
2231,-60,1649824306.684482,203.205.136.77
2232,-1160,1649824306.733375,163.181.39.210
2233,54,1649824306.733427,192.168.10.155
2234,134,1649824306.735620,192.168.10.155
2235,241,1649824306.736898,192.168.10.155
2236,144,1649824306.737974,192.168.10.155
2237,484,1649824306.740253,192.168.10.155
2238,-60,1649824306.753835,163.181.39.210
2239,-60,1649824306.797654,203.205.136.77
2240,-341,1649824306.797802,203.205.136.77
2241,-341,1649824306.797803,203.205.136.77
2242,54,1649824306.797819,192.168.10.155
2243,54,1649824306.797855,192.168.10.155
2244,78,1649824306.799124,192.168.10.155
2245,54,1649824306.799166,192.168.10.155
2246,-60,1649824306.800126,203.205.136.77
2247,-109,1649824306.800947,203.205.136.77
2248,-89,1649824306.800948,203.205.136.77
2249,54,1649824306.801017,192.168.10.155
2250,54,1649824306.801056,192.168.10.155
2251,-85,1649824306.801275,203.205.136.77
2252,-60,1649824306.801277,203.205.136.77
2253,54,1649824306.801310,192.168.10.155
2254,-229,1649824306.802934,203.205.136.77
2255,-8268,1649824306.802938,203.205.136.77
2256,-4848,1649824306.802940,203.205.136.77
2257,54,1649824306.802960,192.168.10.155
2258,54,1649824306.802989,192.168.10.155
2259,54,1649824306.803004,192.168.10.155
2260,-1158,1649824306.830721,163.181.39.210
2261,54,1649824306.830767,192.168.10.155
2262,134,1649824306.834232,192.168.10.155
2263,241,1649824306.835986,192.168.10.155
2264,142,1649824306.836792,192.168.10.155
2265,484,1649824306.838766,192.168.10.155
2266,-475,1649824306.844932,14.22.9.242
2267,66,1649824306.844949,192.168.10.155
2268,-60,1649824306.850461,163.181.39.210
2269,-1160,1649824306.853881,163.181.39.210
2270,54,1649824306.853908,192.168.10.155
2271,557,1649824306.856308,192.168.10.155
2272,484,1649824306.858908,192.168.10.155
2273,-60,1649824306.862540,203.205.136.77
2274,54,1649824306.862559,192.168.10.155
2275,-60,1649824306.862887,203.205.136.77
2276,-60,1649824306.862888,203.205.136.77
2277,54,1649824306.862921,192.168.10.155
2278,54,1649824306.862945,192.168.10.155
2279,-60,1649824306.870885,163.181.39.210
2280,-60,1649824306.895339,203.205.136.77
2281,-341,1649824306.895738,203.205.136.77
2282,-341,1649824306.895739,203.205.136.77
2283,54,1649824306.895759,192.168.10.155
2284,54,1649824306.895796,192.168.10.155
2285,78,1649824306.896864,192.168.10.155
2286,-60,1649824306.896894,203.205.136.77
2287,54,1649824306.896904,192.168.10.155
2288,-109,1649824306.897491,203.205.136.77
2289,-89,1649824306.897493,203.205.136.77
2290,-85,1649824306.897493,203.205.136.77
2291,54,1649824306.897539,192.168.10.155
2292,54,1649824306.897581,192.168.10.155
2293,54,1649824306.897596,192.168.10.155
2294,-60,1649824306.897820,203.205.136.77
2295,-228,1649824306.898419,203.205.136.77
2296,54,1649824306.898436,192.168.10.155
2297,-657,1649824306.899068,203.205.136.77
2298,54,1649824306.899086,192.168.10.155
2299,-1158,1649824306.916949,163.181.39.210
2300,54,1649824306.916974,192.168.10.155
2301,231,1649824306.918512,192.168.10.155
2302,400,1649824306.918535,192.168.10.155
2303,92,1649824306.919275,192.168.10.155
2304,484,1649824306.921616,192.168.10.155
2305,-60,1649824306.934069,163.181.39.210
2306,-233,1649824306.946218,140.206.164.54
2307,54,1649824306.946261,192.168.10.155
2308,-60,1649824306.957821,203.205.136.77
2309,54,1649824306.957842,192.168.10.155
2310,-60,1649824306.958148,203.205.136.77
2311,-60,1649824306.958149,203.205.136.77
2312,54,1649824306.958170,192.168.10.155
2313,54,1649824306.958194,192.168.10.155
2314,-60,1649824306.977734,203.205.255.141
2315,-153,1649824306.978526,203.205.255.141
2316,54,1649824306.978539,192.168.10.155
2317,-60,1649824307.017334,203.205.255.141
2318,-1160,1649824307.077655,163.181.39.210
2319,54,1649824307.077685,192.168.10.155
2320,134,1649824307.079463,192.168.10.155
2321,224,1649824307.080436,192.168.10.155
2322,348,1649824307.080469,192.168.10.155
2323,484,1649824307.083771,192.168.10.155
2324,-60,1649824307.095598,163.181.39.210
2325,-325,1649824307.142075,203.205.137.234
2326,54,1649824307.142121,192.168.10.155
2327,-325,1649824307.142381,203.205.137.234
2328,54,1649824307.142395,192.168.10.155
2329,-109,1649824307.145806,203.205.137.234
2330,54,1649824307.145832,192.168.10.155
2331,85,1649824307.146059,192.168.10.155
2332,-89,1649824307.146113,203.205.137.234
2333,-85,1649824307.146114,203.205.137.234
2334,54,1649824307.146130,192.168.10.155
2335,54,1649824307.146148,192.168.10.155
2336,-526,1649824307.148437,203.205.137.234
2337,-222,1649824307.148439,203.205.137.234
2338,54,1649824307.148465,192.168.10.155
2339,54,1649824307.148516,192.168.10.155
2340,-1159,1649824307.162884,163.181.39.210
2341,54,1649824307.162902,192.168.10.155
2342,688,1649824307.164407,192.168.10.155
2343,231,1649824307.167030,192.168.10.155
2344,498,1649824307.167077,192.168.10.155
2345,260,1649824307.167378,192.168.10.155
2346,279,1649824307.167441,192.168.10.155
2347,260,1649824307.167677,192.168.10.155
2348,486,1649824307.168042,192.168.10.155
2349,92,1649824307.168828,192.168.10.155
2350,278,1649824307.169019,192.168.10.155
2351,303,1649824307.169198,192.168.10.155
2352,322,1649824307.169427,192.168.10.155
2353,248,1649824307.171168,192.168.10.155
2354,85,1649824307.172060,192.168.10.155
2355,54,1649824307.172080,192.168.10.155
2356,608,1649824307.174990,192.168.10.155
2357,484,1649824307.176773,192.168.10.155
2358,-60,1649824307.188535,163.181.39.210
2359,-60,1649824307.202974,203.205.137.234
2360,66,1649824307.203003,192.168.10.155
2361,-60,1649824307.228717,129.226.102.234
2362,-92,1649824307.228719,129.226.102.234
2363,278,1649824307.228744,192.168.10.155
2364,54,1649824307.228768,192.168.10.155
2365,-60,1649824307.229106,129.226.102.234
2366,-60,1649824307.229620,129.226.102.234
2367,-60,1649824307.230036,129.226.102.234
2368,-60,1649824307.230631,129.226.102.234
2369,-92,1649824307.233013,129.226.102.234
2370,54,1649824307.233070,192.168.10.155
2371,-60,1649824307.233985,129.226.102.234
2372,-60,1649824307.233986,129.226.102.234
2373,54,1649824307.234021,192.168.10.155
2374,54,1649824307.234060,192.168.10.155
2375,-230,1649824307.237645,129.226.102.147
2376,54,1649824307.237696,192.168.10.155
2377,-157,1649824307.238967,129.226.102.234
2378,-92,1649824307.238969,129.226.102.234
2379,-156,1649824307.238970,129.226.102.234
2380,-92,1649824307.238971,129.226.102.234
2381,54,1649824307.238999,192.168.10.155
2382,54,1649824307.239046,192.168.10.155
2383,54,1649824307.239063,192.168.10.155
2384,54,1649824307.239076,192.168.10.155
2385,-156,1649824307.240319,129.226.102.234
2386,-92,1649824307.240321,129.226.102.234
2387,54,1649824307.240347,192.168.10.155
2388,54,1649824307.240396,192.168.10.155
2389,-60,1649824307.246823,203.205.137.234
2390,-445,1649824307.253996,14.22.9.242
2391,54,1649824307.254017,192.168.10.155
2392,880,1649824307.254668,192.168.10.155
2393,174,1649824307.261205,192.168.10.155
2394,74,1649824307.261293,192.168.10.155
2395,-156,1649824307.283067,129.226.102.234
2396,54,1649824307.283096,192.168.10.155
2397,-92,1649824307.284975,129.226.102.234
2398,54,1649824307.285004,192.168.10.155
2399,-156,1649824307.285342,129.226.102.234
2400,54,1649824307.285361,192.168.10.155
2401,-92,1649824307.296784,129.226.102.234
2402,54,1649824307.296805,192.168.10.155
2403,-302,1649824307.297123,129.226.102.234
2404,-1159,1649824307.297123,163.181.39.210
2405,54,1649824307.297145,192.168.10.155
2406,54,1649824307.297167,192.168.10.155
2407,248,1649824307.299852,192.168.10.155
2408,-168,1649824307.299944,129.226.102.234
2409,54,1649824307.299961,192.168.10.155
2410,279,1649824307.301304,192.168.10.155
2411,85,1649824307.301767,192.168.10.155
2412,54,1649824307.301789,192.168.10.155
2413,484,1649824307.304625,192.168.10.155
2414,-156,1649824307.308323,129.226.102.234
2415,-92,1649824307.308324,129.226.102.234
2416,54,1649824307.308338,192.168.10.155
2417,54,1649824307.308362,192.168.10.155
2418,-60,1649824307.316729,163.181.39.210
2419,-60,1649824307.322313,203.205.137.234
2420,-349,1649824307.323171,203.205.137.234
2421,54,1649824307.323183,192.168.10.155
2422,-8268,1649824307.323840,203.205.137.234
2423,-66,1649824307.323841,203.205.137.234
2424,-1514,1649824307.323842,203.205.137.234
2425,54,1649824307.323854,192.168.10.155
2426,54,1649824307.323882,192.168.10.155
2427,54,1649824307.323894,192.168.10.155
2428,-475,1649824307.327493,14.22.9.242
2429,54,1649824307.327515,192.168.10.155
2430,571,1649824307.327815,192.168.10.155
2431,-1514,1649824307.330767,203.205.137.234
2432,54,1649824307.330786,192.168.10.155
2433,-5894,1649824307.332012,203.205.137.234
2434,54,1649824307.332032,192.168.10.155
2435,-1514,1649824307.338964,203.205.137.234
2436,54,1649824307.338976,192.168.10.155
2437,-5894,1649824307.339316,203.205.137.234
2438,54,1649824307.339326,192.168.10.155
2439,-1514,1649824307.346925,203.205.137.234
2440,54,1649824307.346954,192.168.10.155
2441,-7354,1649824307.347463,203.205.137.234
2442,54,1649824307.347483,192.168.10.155
2443,-1159,1649824307.350448,163.181.39.210
2444,54,1649824307.350519,192.168.10.155
2445,248,1649824307.353557,192.168.10.155
2446,259,1649824307.354145,192.168.10.155
2447,85,1649824307.354280,192.168.10.155
2448,54,1649824307.354301,192.168.10.155
2449,-1514,1649824307.355001,203.205.137.234
2450,54,1649824307.355015,192.168.10.155
2451,484,1649824307.355791,192.168.10.155
2452,-5894,1649824307.355909,203.205.137.234
2453,54,1649824307.355919,192.168.10.155
2454,-92,1649824307.359877,129.226.102.234
2455,54,1649824307.359907,192.168.10.155
2456,-60,1649824307.361617,129.226.102.234
2457,54,1649824307.361626,192.168.10.155
2458,-1514,1649824307.362760,203.205.137.234
2459,54,1649824307.362769,192.168.10.155
2460,-7354,1649824307.363623,203.205.137.234
2461,54,1649824307.363635,192.168.10.155
2462,-60,1649824307.367959,163.181.39.210
2463,-156,1649824307.368321,129.226.102.234
2464,-92,1649824307.368322,129.226.102.234
2465,54,1649824307.368694,192.168.10.155
2466,-1514,1649824307.370598,203.205.137.234
2467,54,1649824307.370616,192.168.10.155
2468,-4081,1649824307.371052,203.205.137.234
2469,54,1649824307.371119,192.168.10.155
2470,-60,1649824307.390668,203.205.137.234
2471,-1514,1649824307.391578,203.205.137.234
2472,54,1649824307.391596,192.168.10.155
2473,-2690,1649824307.392659,203.205.137.234
2474,-1159,1649824307.392659,163.181.39.210
2475,54,1649824307.392669,192.168.10.155
2476,54,1649824307.392683,192.168.10.155
2477,-1131,1649824307.393463,203.205.137.234
2478,54,1649824307.393474,192.168.10.155
2479,248,1649824307.394202,192.168.10.155
2480,260,1649824307.394652,192.168.10.155
2481,85,1649824307.394834,192.168.10.155
2482,54,1649824307.394857,192.168.10.155
2483,484,1649824307.396114,192.168.10.155
2484,-60,1649824307.408416,163.181.39.210
2485,-92,1649824307.413239,129.226.102.234
2486,54,1649824307.413274,192.168.10.155
2487,-60,1649824307.414062,129.226.102.234
2488,54,1649824307.414077,192.168.10.155
2489,-60,1649824307.414820,129.226.102.234
2490,54,1649824307.414834,192.168.10.155
2491,150,1649824307.416246,192.168.10.155
2492,-156,1649824307.419229,129.226.102.234
2493,-92,1649824307.419557,129.226.102.234
2494,54,1649824307.419604,192.168.10.155
2495,-92,1649824307.458247,129.226.102.234
2496,54,1649824307.458276,192.168.10.155
2497,-60,1649824307.458517,129.226.102.234
2498,-60,1649824307.458518,129.226.102.234
2499,54,1649824307.458525,192.168.10.155
2500,54,1649824307.458531,192.168.10.155
2501,-156,1649824307.464615,129.226.102.234
2502,-92,1649824307.465003,129.226.102.234
2503,54,1649824307.465041,192.168.10.155
2504,-1160,1649824307.476529,163.181.39.210
2505,721,1649824307.478312,192.168.10.155
2506,-1514,1649824307.478549,203.205.136.160
2507,54,1649824307.478578,192.168.10.155
2508,-15007,1649824307.479760,203.205.136.160
2509,54,1649824307.479791,192.168.10.155
2510,-16467,1649824307.479904,203.205.136.160
2511,54,1649824307.479914,192.168.10.155
2512,-4434,1649824307.479947,203.205.136.160
2513,54,1649824307.479956,192.168.10.155
2514,-3026,1649824307.480862,203.205.136.160
2515,-92,1649824307.480863,203.205.136.160
2516,-156,1649824307.480864,129.226.102.234
2517,-92,1649824307.480864,129.226.102.234
2518,54,1649824307.480888,192.168.10.155
2519,54,1649824307.480919,192.168.10.155
2520,54,1649824307.482110,192.168.10.155
2521,725,1649824307.483118,192.168.10.155
2522,725,1649824307.486901,192.168.10.155
2523,134,1649824307.488130,192.168.10.155
2524,241,1649824307.488350,192.168.10.155
2525,-1157,1649824307.509365,163.181.39.210
2526,54,1649824307.509392,192.168.10.155
2527,248,1649824307.510721,192.168.10.155
2528,279,1649824307.511331,192.168.10.155
2529,85,1649824307.511456,192.168.10.155
2530,54,1649824307.511469,192.168.10.155
2531,54,1649824307.518959,192.168.10.155
2532,-325,1649824307.550650,203.205.137.234
2533,54,1649824307.550677,192.168.10.155
2534,-325,1649824307.551099,203.205.137.234
2535,-109,1649824307.551102,203.205.137.234
2536,-89,1649824307.551103,203.205.137.234
2537,-85,1649824307.551104,203.205.137.234
2538,54,1649824307.551129,192.168.10.155
2539,54,1649824307.551156,192.168.10.155
2540,54,1649824307.551172,192.168.10.155
2541,54,1649824307.551184,192.168.10.155
2542,78,1649824307.551879,192.168.10.155
2543,54,1649824307.551916,192.168.10.155
2544,-264,1649824307.558661,203.205.253.150
2545,54,1649824307.558705,192.168.10.155
2546,-88,1649824307.559434,203.205.253.150
2547,54,1649824307.559451,192.168.10.155
2548,725,1649824307.559841,192.168.10.155
2549,-264,1649824307.565338,203.205.253.150
2550,54,1649824307.565372,192.168.10.155
2551,-88,1649824307.566481,203.205.253.150
2552,54,1649824307.566502,192.168.10.155
2553,721,1649824307.566893,192.168.10.155
2554,-264,1649824307.567548,203.205.253.150
2555,54,1649824307.567570,192.168.10.155
2556,-88,1649824307.567896,203.205.253.150
2557,54,1649824307.567908,192.168.10.155
2558,-1160,1649824307.569433,163.181.39.210
2559,723,1649824307.571256,192.168.10.155
2560,-60,1649824307.572996,129.226.102.234
2561,-60,1649824307.573338,129.226.102.234
2562,-60,1649824307.573339,129.226.102.234
2563,54,1649824307.573361,192.168.10.155
2564,-156,1649824307.586126,129.226.102.234
2565,-92,1649824307.586127,129.226.102.234
2566,54,1649824307.586437,192.168.10.155
2567,54,1649824307.610993,192.168.10.155
2568,-60,1649824307.611594,203.205.137.234
2569,66,1649824307.611611,192.168.10.155
2570,-60,1649824307.614137,203.205.137.234
2571,54,1649824307.614178,192.168.10.155
2572,-1160,1649824307.630859,163.181.39.210
2573,722,1649824307.637467,192.168.10.155
2574,-264,1649824307.644479,203.205.253.150
2575,54,1649824307.644505,192.168.10.155
2576,-88,1649824307.644819,203.205.253.150
2577,54,1649824307.644826,192.168.10.155
2578,-264,1649824307.648806,203.205.253.150
2579,54,1649824307.648841,192.168.10.155
2580,-88,1649824307.649146,203.205.253.150
2581,54,1649824307.649156,192.168.10.155
2582,-264,1649824307.651898,203.205.253.150
2583,54,1649824307.651979,192.168.10.155
2584,-88,1649824307.652568,203.205.253.150
2585,54,1649824307.652582,192.168.10.155
2586,54,1649824307.670936,192.168.10.155
2587,-264,1649824307.723631,203.205.253.150
2588,54,1649824307.723683,192.168.10.155
2589,-88,1649824307.723867,203.205.253.150
2590,54,1649824307.723886,192.168.10.155
2591,-1158,1649824307.841024,163.181.39.210
2592,722,1649824307.842887,192.168.10.155
2593,147,1649824307.849796,192.168.10.155
2594,74,1649824307.863921,192.168.10.155
2595,54,1649824307.882959,192.168.10.155
2596,-1514,1649824307.918253,203.205.136.160
2597,54,1649824307.918303,192.168.10.155
2598,-9429,1649824307.918870,203.205.136.160
2599,-92,1649824307.918872,203.205.136.160
2600,54,1649824307.918899,192.168.10.155
2601,54,1649824307.918936,192.168.10.155
2602,-66,1649824307.927358,203.205.239.246
2603,54,1649824307.927382,192.168.10.155
2604,-264,1649824307.929001,203.205.253.150
2605,54,1649824307.929011,192.168.10.155
2606,-88,1649824307.929368,203.205.253.150
2607,54,1649824307.929374,192.168.10.155
2608,571,1649824307.929693,192.168.10.155
2609,74,1649824307.953764,192.168.10.155
2610,-60,1649824307.993423,203.205.239.246
2611,-1494,1649824307.995318,203.205.239.246
2612,54,1649824307.995345,192.168.10.155
2613,-2172,1649824307.995700,203.205.239.246
2614,54,1649824307.995709,192.168.10.155
2615,147,1649824307.997531,192.168.10.155
2616,484,1649824307.999887,192.168.10.155
2617,-60,1649824308.011456,163.181.39.210
2618,-66,1649824308.013162,129.226.107.251
2619,54,1649824308.013206,192.168.10.155
2620,571,1649824308.020778,192.168.10.155
2621,-328,1649824308.061674,203.205.239.246
2622,54,1649824308.061694,192.168.10.155
2623,-60,1649824308.082754,129.226.107.251
2624,-4150,1649824308.082757,129.226.107.251
2625,-522,1649824308.082757,129.226.107.251
2626,54,1649824308.082824,192.168.10.155
2627,54,1649824308.082857,192.168.10.155
2628,147,1649824308.088218,192.168.10.155
2629,519,1649824308.089868,192.168.10.155
2630,-66,1649824308.102085,151.101.230.133
2631,-328,1649824308.147690,129.226.107.251
2632,54,1649824308.147727,192.168.10.155
2633,-1514,1649824308.172544,151.101.230.133
2634,66,1649824308.172564,192.168.10.155
2635,-633,1649824308.172746,151.101.230.133
2636,66,1649824308.172749,192.168.10.155
2637,674,1649824308.174045,192.168.10.155
2638,140,1649824308.234212,192.168.10.155
2639,-1486,1649824308.258258,129.226.107.251
2640,54,1649824308.258306,192.168.10.155
2641,-1436,1649824308.259301,129.226.107.251
2642,-2748,1649824308.259304,129.226.107.251
2643,54,1649824308.259332,192.168.10.155
2644,54,1649824308.259381,192.168.10.155
2645,-1514,1649824308.295879,203.205.136.160
2646,54,1649824308.295906,192.168.10.155
2647,-2475,1649824308.297051,203.205.136.160
2648,-92,1649824308.297053,203.205.136.160
2649,54,1649824308.297066,192.168.10.155
2650,54,1649824308.297086,192.168.10.155
2651,74,1649824308.371174,192.168.10.155
2652,74,1649824308.373373,192.168.10.155
2653,-1160,1649824308.418137,163.181.39.210
2654,54,1649824308.418159,192.168.10.155
2655,548,1649824308.419791,192.168.10.155
2656,-66,1649824308.437446,203.205.239.246
2657,54,1649824308.437484,192.168.10.155
2658,-66,1649824308.438615,203.205.235.39
2659,54,1649824308.438631,192.168.10.155
2660,571,1649824308.439590,192.168.10.155
2661,571,1649824308.441885,192.168.10.155
2662,166,1649824308.452859,192.168.10.155
2663,1494,1649824308.452906,192.168.10.155
2664,177,1649824308.452911,192.168.10.155
2665,994,1649824308.453331,192.168.10.155
2666,-638,1649824308.486001,203.205.239.246
2667,54,1649824308.486052,192.168.10.155
2668,-88,1649824308.486272,203.205.239.246
2669,54,1649824308.486293,192.168.10.155
2670,74,1649824308.494938,192.168.10.155
2671,-60,1649824308.507066,203.205.239.246
2672,-60,1649824308.507724,203.205.235.39
2673,-1494,1649824308.510046,203.205.239.246
2674,54,1649824308.510081,192.168.10.155
2675,-2172,1649824308.510435,203.205.239.246
2676,54,1649824308.510447,192.168.10.155
2677,147,1649824308.512399,192.168.10.155
2678,-96,1649824308.513933,129.226.103.123
2679,-60,1649824308.513935,129.226.103.123
2680,-3435,1649824308.515483,203.205.235.39
2681,54,1649824308.515509,192.168.10.155
2682,147,1649824308.518338,192.168.10.155
2683,-348,1649824308.521451,129.226.103.123
2684,-92,1649824308.521452,129.226.103.123
2685,54,1649824308.521754,192.168.10.155
2686,-66,1649824308.575047,14.22.9.242
2687,54,1649824308.575075,192.168.10.155
2688,571,1649824308.576964,192.168.10.155
2689,-328,1649824308.579236,203.205.239.246
2690,54,1649824308.579247,192.168.10.155
2691,548,1649824308.579643,192.168.10.155
2692,-328,1649824308.583652,203.205.235.39
2693,54,1649824308.583668,192.168.10.155
2694,1494,1649824308.584118,192.168.10.155
2695,363,1649824308.584125,192.168.10.155
2696,-638,1649824308.649426,203.205.239.246
2697,-88,1649824308.649428,203.205.239.246
2698,54,1649824308.649506,192.168.10.155
2699,54,1649824308.649548,192.168.10.155
2700,-60,1649824308.649886,203.205.235.39
2701,-430,1649824308.664338,203.205.235.39
2702,54,1649824308.664354,192.168.10.155
2703,97,1649824308.838602,192.168.10.155
2704,66,1649824308.838663,192.168.10.155
2705,-66,1649824308.841925,54.230.130.22
2706,-66,1649824308.841927,54.230.130.22
2707,66,1649824308.841978,192.168.10.155
2708,571,1649824308.846978,192.168.10.155
2709,-60,1649824308.927931,14.22.9.242
2710,-3523,1649824308.929926,14.22.9.242
2711,54,1649824308.929984,192.168.10.155
2712,147,1649824308.933436,192.168.10.155
2713,147,1649824309.238930,192.168.10.155
2714,-344,1649824309.325516,14.22.9.242
2715,54,1649824309.325532,192.168.10.155
2716,-344,1649824309.599131,14.22.9.242
2717,66,1649824309.599153,192.168.10.155
2718,74,1649824310.119063,192.168.10.155
2719,-66,1649824310.181384,203.205.235.67
2720,54,1649824310.181441,192.168.10.155
2721,571,1649824310.186308,192.168.10.155
2722,-60,1649824310.248896,203.205.235.67
2723,-3542,1649824310.250253,203.205.235.67
2724,54,1649824310.250301,192.168.10.155
2725,147,1649824310.253047,192.168.10.155
2726,-328,1649824310.315501,203.205.235.67
2727,54,1649824310.315515,192.168.10.155
2728,744,1649824310.315941,192.168.10.155
2729,-60,1649824310.419429,203.205.235.67
2730,-308,1649824310.434814,203.205.235.67
2731,54,1649824310.434840,192.168.10.155
2732,345,1649824310.460031,192.168.10.155
2733,347,1649824310.460266,192.168.10.155
2734,161,1649824310.494994,192.168.10.155
2735,1494,1649824310.495075,192.168.10.155
2736,177,1649824310.495086,192.168.10.155
2737,994,1649824310.495503,192.168.10.155
2738,-60,1649824310.521641,129.226.102.234
2739,-60,1649824310.522025,129.226.102.234
2740,-60,1649824310.554728,129.226.103.123
2741,-60,1649824310.554961,129.226.103.123
2742,-96,1649824310.554962,129.226.103.123
2743,-348,1649824310.564653,129.226.103.123
2744,-92,1649824310.564951,129.226.103.123
2745,54,1649824310.564958,192.168.10.155
2746,-156,1649824310.590225,129.226.102.234
2747,54,1649824310.590239,192.168.10.155
2748,-92,1649824310.590595,129.226.102.234
2749,54,1649824310.590605,192.168.10.155
2750,-156,1649824310.604016,129.226.102.234
2751,54,1649824310.604065,192.168.10.155
2752,-92,1649824310.604355,129.226.102.234
2753,54,1649824310.604389,192.168.10.155
2754,54,1649824310.610939,192.168.10.155
2755,85,1649824310.839816,192.168.10.155
2756,54,1649824310.839869,192.168.10.155
2757,-60,1649824310.913788,14.22.9.242
2758,54,1649824310.913835,192.168.10.155
2759,-60,1649824311.201703,14.22.9.242
2760,54,1649824311.201738,192.168.10.155
2761,-60,1649824311.485572,14.22.9.242
2762,54,1649824311.485591,192.168.10.155
2763,66,1649824311.840405,192.168.10.155
2764,-66,1649824311.852487,151.101.230.133
2765,-66,1649824311.852489,151.101.230.133
2766,66,1649824311.852552,192.168.10.155
2767,66,1649824313.155008,192.168.10.155
2768,-66,1649824313.158560,54.230.130.22
2769,161,1649824313.462469,192.168.10.155
2770,1494,1649824313.462524,192.168.10.155
2771,177,1649824313.462528,192.168.10.155
2772,994,1649824313.463329,192.168.10.155
2773,-60,1649824313.523244,129.226.103.123
2774,-96,1649824313.523244,129.226.103.123
2775,54,1649824313.523264,192.168.10.155
2776,-348,1649824313.534382,129.226.103.123
2777,-92,1649824313.534383,129.226.103.123
2778,54,1649824313.534409,192.168.10.155
2779,54,1649824313.534429,192.168.10.155
2780,100,1649824313.656542,192.168.10.155
2781,100,1649824313.656659,192.168.10.155
2782,100,1649824313.656735,192.168.10.155
2783,100,1649824313.656756,192.168.10.155
2784,100,1649824313.656920,192.168.10.155
2785,100,1649824313.656968,192.168.10.155
2786,92,1649824313.656993,192.168.10.155
2787,100,1649824313.657010,192.168.10.155
2788,100,1649824313.657054,192.168.10.155
2789,93,1649824313.657091,192.168.10.155
2790,105,1649824313.657133,192.168.10.155
2791,93,1649824313.657221,192.168.10.155
2792,85,1649824313.657323,192.168.10.155
2793,54,1649824313.657339,192.168.10.155
2794,85,1649824313.657424,192.168.10.155
2795,54,1649824313.657435,192.168.10.155
2796,85,1649824313.657544,192.168.10.155
2797,54,1649824313.657570,192.168.10.155
2798,85,1649824313.657638,192.168.10.155
2799,54,1649824313.657650,192.168.10.155
2800,85,1649824313.657890,192.168.10.155
2801,54,1649824313.657904,192.168.10.155
2802,85,1649824313.657971,192.168.10.155
2803,54,1649824313.657983,192.168.10.155
2804,85,1649824313.658047,192.168.10.155
2805,54,1649824313.658098,192.168.10.155
2806,85,1649824313.658162,192.168.10.155
2807,54,1649824313.658173,192.168.10.155
2808,85,1649824313.658243,192.168.10.155
2809,54,1649824313.658251,192.168.10.155
2810,85,1649824313.658311,192.168.10.155
2811,54,1649824313.658321,192.168.10.155
2812,77,1649824313.658615,192.168.10.155
2813,54,1649824313.658629,192.168.10.155
2814,85,1649824313.658723,192.168.10.155
2815,54,1649824313.658735,192.168.10.155
2816,66,1649824313.658800,192.168.10.155
2817,85,1649824313.658823,192.168.10.155
2818,54,1649824313.658833,192.168.10.155
2819,66,1649824313.658898,192.168.10.155
2820,85,1649824313.658963,192.168.10.155
2821,54,1649824313.658974,192.168.10.155
2822,85,1649824313.659056,192.168.10.155
2823,54,1649824313.659068,192.168.10.155
2824,85,1649824313.659147,192.168.10.155
2825,54,1649824313.659158,192.168.10.155
2826,85,1649824313.659526,192.168.10.155
2827,54,1649824313.659542,192.168.10.155
2828,85,1649824313.659624,192.168.10.155
2829,54,1649824313.659631,192.168.10.155
2830,54,1649824313.659714,192.168.10.155
2831,54,1649824313.659725,192.168.10.155
2832,54,1649824313.659733,192.168.10.155
2833,54,1649824313.659740,192.168.10.155
2834,66,1649824313.659748,192.168.10.155
2835,54,1649824313.659756,192.168.10.155
2836,85,1649824313.659774,192.168.10.155
2837,54,1649824313.659780,192.168.10.155
2838,85,1649824313.659874,192.168.10.155
2839,54,1649824313.659880,192.168.10.155
2840,97,1649824313.659943,192.168.10.155
2841,66,1649824313.659950,192.168.10.155
2842,85,1649824313.660074,192.168.10.155
2843,54,1649824313.660081,192.168.10.155
2844,85,1649824313.660456,192.168.10.155
2845,54,1649824313.660465,192.168.10.155
2846,78,1649824313.660559,192.168.10.155
2847,54,1649824313.660567,192.168.10.155
2848,85,1649824313.660669,192.168.10.155
2849,54,1649824313.660677,192.168.10.155
2850,77,1649824313.660801,192.168.10.155
2851,54,1649824313.660808,192.168.10.155
2852,85,1649824313.661077,192.168.10.155
2853,54,1649824313.661085,192.168.10.155
2854,85,1649824313.661215,192.168.10.155
2855,54,1649824313.661222,192.168.10.155
2856,85,1649824313.661333,192.168.10.155
2857,54,1649824313.661340,192.168.10.155
2858,85,1649824313.661592,192.168.10.155
2859,54,1649824313.661600,192.168.10.155
2860,78,1649824313.661703,192.168.10.155
2861,54,1649824313.661710,192.168.10.155
2862,85,1649824313.661832,192.168.10.155
2863,54,1649824313.661841,192.168.10.155
2864,90,1649824313.661932,192.168.10.155
2865,66,1649824313.661941,192.168.10.155
2866,85,1649824313.662055,192.168.10.155
2867,54,1649824313.662063,192.168.10.155
2868,74,1649824313.662508,192.168.10.155
2869,-66,1649824313.664388,54.230.130.22
2870,66,1649824313.664400,192.168.10.155
2871,-66,1649824313.665857,23.46.5.6
2872,-90,1649824313.665858,23.46.5.6
2873,-66,1649824313.665858,23.46.5.6
2874,54,1649824313.665874,192.168.10.155
2875,54,1649824313.665885,192.168.10.155
2876,-66,1649824313.671626,151.101.230.133
2877,-66,1649824313.671627,151.101.230.133
2878,-66,1649824313.671627,151.101.230.133
2879,-66,1649824313.671628,151.101.230.133
2880,-60,1649824313.671628,163.181.39.210
2881,-60,1649824313.671628,163.181.39.210
2882,-60,1649824313.671629,163.181.39.210
2883,-66,1649824313.671629,151.101.230.133
2884,66,1649824313.671667,192.168.10.155
2885,66,1649824313.671692,192.168.10.155
2886,54,1649824313.671702,192.168.10.155
2887,54,1649824313.671711,192.168.10.155
2888,54,1649824313.671718,192.168.10.155
2889,-60,1649824313.672643,163.181.39.210
2890,-66,1649824313.672644,151.101.230.133
2891,-60,1649824313.672645,163.181.39.210
2892,54,1649824313.672667,192.168.10.155
2893,66,1649824313.672695,192.168.10.155
2894,54,1649824313.672704,192.168.10.155
2895,-60,1649824313.716558,203.205.137.235
2896,-60,1649824313.717338,203.205.137.235
2897,-60,1649824313.719348,203.205.255.141
2898,-60,1649824313.719350,129.226.102.234
2899,-60,1649824313.719351,203.205.136.77
2900,-60,1649824313.719822,129.226.103.54
2901,54,1649824313.719859,192.168.10.155
2902,-60,1649824313.720427,129.226.103.54
2903,-60,1649824313.720429,129.226.106.167
2904,-60,1649824313.720430,129.226.106.167
2905,54,1649824313.720488,192.168.10.155
2906,-60,1649824313.721132,129.226.107.251
2907,-60,1649824313.721134,129.226.107.251
2908,-60,1649824313.721134,203.205.239.168
2909,-60,1649824313.721135,203.205.239.168
2910,-60,1649824313.721136,203.205.137.235
2911,-60,1649824313.721136,203.205.137.235
2912,-60,1649824313.721137,203.205.137.235
2913,-60,1649824313.721138,203.205.137.235
2914,54,1649824313.721205,192.168.10.155
2915,54,1649824313.721253,192.168.10.155
2916,-60,1649824313.721298,203.205.137.235
2917,54,1649824313.721307,192.168.10.155
2918,-60,1649824313.721832,203.205.137.235
2919,-60,1649824313.721834,129.226.103.123
2920,-60,1649824313.721834,129.226.103.123
2921,-60,1649824313.721835,129.226.103.123
2922,-60,1649824313.721836,129.226.102.147
2923,-60,1649824313.721836,129.226.102.147
2924,-60,1649824313.721837,203.205.235.67
2925,54,1649824313.721872,192.168.10.155
2926,54,1649824313.721948,192.168.10.155
2927,54,1649824313.721974,192.168.10.155
2928,-60,1649824313.722712,203.205.239.246
2929,-60,1649824313.722714,203.205.235.67
2930,-60,1649824313.722715,203.205.219.85
2931,54,1649824313.722758,192.168.10.155
2932,54,1649824313.722806,192.168.10.155
2933,-60,1649824313.723455,203.205.136.77
2934,-60,1649824313.723457,203.205.136.77
2935,-60,1649824313.723458,203.205.136.77
2936,-60,1649824313.723459,129.226.102.234
2937,-60,1649824313.723459,129.226.102.234
2938,-60,1649824313.723460,129.226.102.234
2939,-60,1649824313.723461,203.205.255.141
2940,-60,1649824313.723461,203.205.255.141
2941,54,1649824313.723533,192.168.10.155
2942,54,1649824313.723580,192.168.10.155
2943,54,1649824313.723605,192.168.10.155
2944,-60,1649824313.723625,203.205.253.150
2945,-60,1649824313.723626,203.205.253.150
2946,-60,1649824313.723627,203.205.255.141
2947,54,1649824313.723640,192.168.10.155
2948,-60,1649824313.723694,203.205.253.150
2949,-60,1649824313.723695,203.205.253.150
2950,54,1649824313.723706,192.168.10.155
2951,-60,1649824313.724416,203.205.136.84
2952,-60,1649824313.724847,203.205.136.84
2953,-60,1649824313.724848,129.226.102.234
2954,-60,1649824313.724849,129.226.102.234
2955,-60,1649824313.724850,129.226.102.234
2956,54,1649824313.724884,192.168.10.155
2957,54,1649824313.724963,192.168.10.155
2958,-60,1649824313.725126,203.205.239.246
2959,54,1649824313.725146,192.168.10.155
2960,-60,1649824313.725785,203.205.136.160
2961,-60,1649824313.725787,203.205.136.160
2962,-60,1649824313.725787,203.205.239.246
2963,-60,1649824313.725788,203.205.253.150
2964,-60,1649824313.725788,203.205.253.150
2965,54,1649824313.725836,192.168.10.155
2966,54,1649824313.725875,192.168.10.155
2967,-60,1649824313.726434,203.205.253.150
2968,-60,1649824313.726435,203.205.253.150
2969,-60,1649824313.726436,203.205.219.85
2970,-60,1649824313.726436,203.205.235.39
2971,-60,1649824313.726436,203.205.219.85
2972,54,1649824313.726486,192.168.10.155
2973,54,1649824313.726521,192.168.10.155
2974,54,1649824313.726532,192.168.10.155
2975,-60,1649824313.726683,203.205.253.150
2976,-60,1649824313.726683,203.205.254.177
2977,-60,1649824313.726684,203.205.254.177
2978,54,1649824313.726694,192.168.10.155
2979,54,1649824313.726710,192.168.10.155
2980,-60,1649824313.727438,203.205.253.150
2981,-60,1649824313.727439,203.205.137.234
2982,54,1649824313.727468,192.168.10.155
2983,54,1649824313.727498,192.168.10.155
2984,-66,1649824313.728506,203.205.253.150
2985,54,1649824313.728547,192.168.10.155
2986,-60,1649824313.728782,139.199.134.168
2987,54,1649824313.728800,192.168.10.155
2988,571,1649824313.732620,192.168.10.155
2989,-60,1649824313.736720,140.206.164.54
2990,54,1649824313.736740,192.168.10.155
2991,-60,1649824313.737959,14.22.9.242
2992,-60,1649824313.738310,14.22.9.242
2993,54,1649824313.738327,192.168.10.155
2994,-66,1649824313.740107,14.22.9.242
2995,85,1649824313.775041,192.168.10.155
2996,-60,1649824313.797984,203.205.253.150
2997,-1494,1649824313.806399,203.205.253.150
2998,54,1649824313.806444,192.168.10.155
2999,-2328,1649824313.807501,203.205.253.150
3000,54,1649824313.807526,192.168.10.155
3001,147,1649824313.811750,192.168.10.155
3002,54,1649824313.814947,192.168.10.155
3003,-60,1649824313.857344,14.22.9.242
3004,-60,1649824313.857758,14.22.9.242
3005,54,1649824313.857767,192.168.10.155
3006,-328,1649824313.876925,203.205.253.150
3007,54,1649824313.876930,192.168.10.155
3008,719,1649824313.877170,192.168.10.155
3009,-66,1649824313.890019,14.22.9.242
3010,85,1649824313.890035,192.168.10.155
3011,-264,1649824313.960544,203.205.253.150
3012,54,1649824313.960594,192.168.10.155
3013,-88,1649824313.960855,203.205.253.150
3014,54,1649824313.960874,192.168.10.155
3015,-60,1649824313.965031,14.22.9.242
3016,-60,1649824313.965377,14.22.9.242
3017,54,1649824313.965415,192.168.10.155
3018,85,1649824314.050251,192.168.10.155
3019,54,1649824314.050283,192.168.10.155
3020,-60,1649824314.115750,203.205.253.150
3021,54,1649824314.115781,192.168.10.155
3022,74,1649824314.145392,192.168.10.155
3023,-60,1649824314.174155,14.22.9.242
3024,54,1649824314.174185,192.168.10.155
3025,-66,1649824314.205007,129.226.103.123
3026,54,1649824314.205024,192.168.10.155
3027,-60,1649824314.269801,14.22.9.242
3028,54,1649824314.269821,192.168.10.155
