index,size,time,ip
0,583,1647445335.279410000,192.168.10.155
1,243,1647445335.279922000,192.168.10.155
2,675,1647445335.279940000,192.168.10.155
3,-66,1647445335.282769000,184.25.233.138
4,-66,1647445335.282770000,54.239.168.31
5,-2922,1647445335.284911000,54.239.168.31
6,66,1647445335.284919000,192.168.10.155
7,-1208,1647445335.286039000,54.239.168.31
8,66,1647445335.286047000,192.168.10.155
9,130,1647445335.289310000,192.168.10.155
10,501,1647445335.289505000,192.168.10.155
11,-66,1647445335.298048000,54.239.168.31
12,-675,1647445335.298049000,54.239.168.31
13,-90,1647445335.298049000,54.239.168.31
14,66,1647445335.298075000,192.168.10.155
15,90,1647445335.298271000,192.168.10.155
16,66,1647445335.298286000,192.168.10.155
17,74,1647445335.298555000,192.168.10.155
18,74,1647445335.300376000,192.168.10.155
19,-60,1647445335.301516000,54.239.168.31
20,-60,1647445335.301517000,54.239.168.31
21,-74,1647445335.301517000,54.230.130.7
22,66,1647445335.301541000,192.168.10.155
23,282,1647445335.301633000,192.168.10.155
24,-74,1647445335.303525000,54.239.168.31
25,66,1647445335.303549000,192.168.10.155
26,-66,1647445335.305264000,54.230.130.7
27,-66,1647445335.305266000,54.230.130.7
28,-2922,1647445335.305269000,54.230.130.7
29,66,1647445335.305374000,192.168.10.155
30,583,1647445335.308008000,192.168.10.155
31,-1109,1647445335.308054000,54.230.130.7
32,66,1647445335.308076000,192.168.10.155
33,159,1647445335.309252000,192.168.10.155
34,-66,1647445335.311711000,54.239.168.31
35,-143,1647445335.311712000,184.25.233.138
36,-66,1647445335.311712000,54.230.130.7
37,-2922,1647445335.311713000,54.239.168.31
38,66,1647445335.311735000,192.168.10.155
39,66,1647445335.311753000,192.168.10.155
40,104,1647445335.311955000,192.168.10.155
41,-237,1647445335.313027000,54.230.130.7
42,-135,1647445335.313028000,54.230.130.7
43,66,1647445335.313043000,192.168.10.155
44,66,1647445335.313062000,192.168.10.155
45,243,1647445335.313413000,192.168.10.155
46,104,1647445335.314065000,192.168.10.155
47,-1208,1647445335.314591000,54.239.168.31
48,-66,1647445335.314591000,184.25.233.138
49,66,1647445335.314618000,192.168.10.155
50,130,1647445335.316806000,192.168.10.155
51,508,1647445335.316943000,192.168.10.155
52,-66,1647445335.317041000,54.230.130.7
53,-66,1647445335.317042000,54.230.130.7
54,-66,1647445335.320239000,54.239.168.31
55,-4101,1647445335.320241000,54.239.168.31
56,-90,1647445335.320245000,54.239.168.31
57,66,1647445335.320284000,192.168.10.155
58,90,1647445335.321133000,192.168.10.155
59,66,1647445335.321176000,192.168.10.155
60,-60,1647445335.324147000,54.239.168.31
61,-60,1647445335.324148000,54.239.168.31
62,-66,1647445335.326048000,34.208.118.238
63,74,1647445335.340902000,192.168.10.155
64,-74,1647445335.344169000,54.239.168.31
65,66,1647445335.344199000,192.168.10.155
66,583,1647445335.346069000,192.168.10.155
67,-66,1647445335.354906000,54.239.168.31
68,-2922,1647445335.354909000,54.239.168.31
69,-1208,1647445335.354910000,54.239.168.31
70,66,1647445335.354950000,192.168.10.155
71,66,1647445335.354985000,192.168.10.155
72,130,1647445335.360857000,192.168.10.155
73,506,1647445335.361010000,192.168.10.155
74,-66,1647445335.364112000,54.239.168.31
75,-2822,1647445335.364113000,54.239.168.31
76,66,1647445335.364132000,192.168.10.155
77,90,1647445335.364323000,192.168.10.155
78,66,1647445335.364340000,192.168.10.155
79,-90,1647445335.365743000,54.239.168.31
80,54,1647445335.365761000,192.168.10.155
81,74,1647445335.366107000,192.168.10.155
82,-60,1647445335.367496000,54.239.168.31
83,-60,1647445335.367497000,54.239.168.31
84,-74,1647445335.369336000,54.239.168.31
85,66,1647445335.369370000,192.168.10.155
86,583,1647445335.372903000,192.168.10.155
87,-66,1647445335.376551000,54.239.168.31
88,-2922,1647445335.376552000,54.239.168.31
89,66,1647445335.376575000,192.168.10.155
90,-1208,1647445335.379321000,54.239.168.31
91,66,1647445335.379334000,192.168.10.155
92,130,1647445335.382693000,192.168.10.155
93,518,1647445335.382873000,192.168.10.155
94,-66,1647445335.385720000,54.239.168.31
95,-996,1647445335.385721000,54.239.168.31
96,66,1647445335.385742000,192.168.10.155
97,90,1647445335.385980000,192.168.10.155
98,66,1647445335.386010000,192.168.10.155
99,-90,1647445335.386782000,54.239.168.31
100,54,1647445335.386812000,192.168.10.155
101,74,1647445335.389290000,192.168.10.155
102,-60,1647445335.390553000,54.239.168.31
103,-60,1647445335.390554000,54.239.168.31
104,-74,1647445335.395457000,54.239.168.31
105,66,1647445335.395497000,192.168.10.155
106,583,1647445335.398328000,192.168.10.155
107,-66,1647445335.401970000,54.239.168.31
108,-2922,1647445335.401972000,54.239.168.31
109,66,1647445335.401995000,192.168.10.155
110,-1208,1647445335.404537000,54.239.168.31
111,66,1647445335.404571000,192.168.10.155
112,130,1647445335.409051000,192.168.10.155
113,518,1647445335.409270000,192.168.10.155
114,-66,1647445335.415607000,54.239.168.31
115,-675,1647445335.415608000,54.239.168.31
116,-90,1647445335.415609000,54.239.168.31
117,66,1647445335.415639000,192.168.10.155
118,90,1647445335.415991000,192.168.10.155
119,66,1647445335.416016000,192.168.10.155
120,74,1647445335.418327000,192.168.10.155
121,-60,1647445335.426709000,54.239.168.31
122,-60,1647445335.426710000,54.239.168.31
123,-74,1647445335.426711000,54.239.168.31
124,66,1647445335.426770000,192.168.10.155
125,583,1647445335.430621000,192.168.10.155
126,-66,1647445335.435129000,54.239.168.31
127,-2922,1647445335.436402000,54.239.168.31
128,66,1647445335.436417000,192.168.10.155
129,-1208,1647445335.437991000,54.239.168.31
130,66,1647445335.438021000,192.168.10.155
131,130,1647445335.441915000,192.168.10.155
132,517,1647445335.442123000,192.168.10.155
133,-66,1647445335.448432000,54.239.168.31
134,-771,1647445335.448433000,54.239.168.31
135,-90,1647445335.448434000,54.239.168.31
136,66,1647445335.448463000,192.168.10.155
137,90,1647445335.448869000,192.168.10.155
138,66,1647445335.448901000,192.168.10.155
139,-60,1647445335.452636000,54.239.168.31
140,-60,1647445335.452637000,54.239.168.31
141,-915,1647445335.534019000,184.25.233.138
142,-2954,1647445335.534020000,184.25.233.138
143,-2042,1647445335.534020000,184.25.233.138
144,66,1647445335.534103000,192.168.10.155
145,-104,1647445335.538399000,54.230.130.7
146,66,1647445335.538495000,192.168.10.155
147,-2954,1647445335.542981000,184.25.233.138
148,-2954,1647445335.542983000,184.25.233.138
149,-1252,1647445335.542984000,184.25.233.138
150,66,1647445335.543005000,192.168.10.155
151,66,1647445335.543100000,192.168.10.155
152,74,1647445335.629236000,192.168.10.155
153,74,1647445335.629341000,192.168.10.155
154,74,1647445335.629478000,192.168.10.155
155,74,1647445335.630869000,192.168.10.155
156,74,1647445335.631222000,192.168.10.155
157,-74,1647445335.633014000,54.230.129.136
158,-74,1647445335.633016000,54.230.129.136
159,-74,1647445335.633016000,54.230.129.136
160,66,1647445335.633060000,192.168.10.155
161,66,1647445335.633087000,192.168.10.155
162,66,1647445335.633097000,192.168.10.155
163,-74,1647445335.634008000,54.230.129.136
164,-74,1647445335.634010000,54.230.129.136
165,66,1647445335.634037000,192.168.10.155
166,66,1647445335.634054000,192.168.10.155
167,583,1647445335.634879000,192.168.10.155
168,547,1647445335.635049000,192.168.10.155
169,583,1647445335.637344000,192.168.10.155
170,583,1647445335.642367000,192.168.10.155
171,583,1647445335.645462000,192.168.10.155
172,583,1647445335.647838000,192.168.10.155
173,-66,1647445335.648906000,54.230.130.93
174,-66,1647445335.648907000,54.230.129.136
175,-66,1647445335.648907000,54.230.129.136
176,-66,1647445335.648908000,54.230.129.136
177,-66,1647445335.648908000,54.230.129.136
178,-4350,1647445335.650429000,54.230.129.136
179,-4350,1647445335.650430000,54.230.129.136
180,-4350,1647445335.650431000,54.230.129.136
181,66,1647445335.650443000,192.168.10.155
182,66,1647445335.650453000,192.168.10.155
183,66,1647445335.650457000,192.168.10.155
184,-4350,1647445335.650469000,54.230.129.136
185,-1068,1647445335.650470000,54.230.130.93
186,66,1647445335.650473000,192.168.10.155
187,66,1647445335.650477000,192.168.10.155
188,-66,1647445335.651521000,54.230.129.136
189,-997,1647445335.651522000,54.230.129.136
190,-997,1647445335.651522000,54.230.129.136
191,-997,1647445335.651523000,54.230.129.136
192,-997,1647445335.651526000,54.230.129.136
193,-4350,1647445335.651527000,54.230.129.136
194,66,1647445335.651545000,192.168.10.155
195,66,1647445335.651559000,192.168.10.155
196,66,1647445335.651565000,192.168.10.155
197,66,1647445335.651582000,192.168.10.155
198,66,1647445335.651587000,192.168.10.155
199,-997,1647445335.654158000,54.230.129.136
200,66,1647445335.654181000,192.168.10.155
201,570,1647445335.658155000,192.168.10.155
202,-66,1647445335.661271000,54.230.130.93
203,-1831,1647445335.661273000,54.230.130.93
204,66,1647445335.661892000,192.168.10.155
205,130,1647445335.666418000,192.168.10.155
206,130,1647445335.667082000,192.168.10.155
207,130,1647445335.667279000,192.168.10.155
208,130,1647445335.667606000,192.168.10.155
209,236,1647445335.667804000,192.168.10.155
210,670,1647445335.667817000,192.168.10.155
211,130,1647445335.668072000,192.168.10.155
212,253,1647445335.668553000,192.168.10.155
213,236,1647445335.668699000,192.168.10.155
214,897,1647445335.668713000,192.168.10.155
215,253,1647445335.668757000,192.168.10.155
216,169,1647445335.668971000,192.168.10.155
217,178,1647445335.669304000,192.168.10.155
218,253,1647445335.669341000,192.168.10.155
219,325,1647445335.669670000,192.168.10.155
220,-66,1647445335.669975000,54.230.129.136
221,-128,1647445335.669976000,54.230.129.136
222,-66,1647445335.669976000,54.230.129.136
223,-128,1647445335.669976000,54.230.129.136
224,-66,1647445335.669977000,54.230.129.136
225,66,1647445335.669996000,192.168.10.155
226,66,1647445335.670013000,192.168.10.155
227,97,1647445335.670100000,192.168.10.155
228,90,1647445335.670141000,192.168.10.155
229,66,1647445335.670160000,192.168.10.155
230,-128,1647445335.670542000,54.230.129.136
231,-66,1647445335.670543000,54.230.129.136
232,-128,1647445335.670543000,54.230.129.136
233,-66,1647445335.670546000,54.230.129.136
234,-66,1647445335.670547000,54.230.129.136
235,-97,1647445335.670547000,54.230.129.136
236,-128,1647445335.670548000,54.230.129.136
237,66,1647445335.670559000,192.168.10.155
238,66,1647445335.670573000,192.168.10.155
239,66,1647445335.670582000,192.168.10.155
240,66,1647445335.670585000,192.168.10.155
241,97,1647445335.670617000,192.168.10.155
242,90,1647445335.670693000,192.168.10.155
243,66,1647445335.670706000,192.168.10.155
244,90,1647445335.670922000,192.168.10.155
245,66,1647445335.670939000,192.168.10.155
246,-66,1647445335.671873000,54.230.129.136
247,-97,1647445335.671874000,54.230.129.136
248,-5778,1647445335.671874000,54.230.129.136
249,-5778,1647445335.671875000,54.230.129.136
250,54,1647445335.671896000,192.168.10.155
251,66,1647445335.671914000,192.168.10.155
252,66,1647445335.671920000,192.168.10.155
253,-66,1647445335.671933000,54.230.129.136
254,-66,1647445335.671934000,54.230.129.136
255,-97,1647445335.671934000,54.230.129.136
256,-66,1647445335.671934000,54.230.129.136
257,-97,1647445335.671935000,54.230.129.136
258,-97,1647445335.671935000,54.230.129.136
259,54,1647445335.671947000,192.168.10.155
260,54,1647445335.671959000,192.168.10.155
261,66,1647445335.671965000,192.168.10.155
262,-16472,1647445335.673791000,54.230.129.136
263,66,1647445335.673808000,192.168.10.155
264,-5778,1647445335.673862000,54.230.129.136
265,-66,1647445335.673862000,54.230.129.136
266,-12062,1647445335.673864000,54.230.129.136
267,66,1647445335.673872000,192.168.10.155
268,66,1647445335.673885000,192.168.10.155
269,-8634,1647445335.673929000,54.230.129.136
270,-66,1647445335.673929000,54.230.129.136
271,-5778,1647445335.673931000,54.230.129.136
272,66,1647445335.673936000,192.168.10.155
273,54,1647445335.673948000,192.168.10.155
274,66,1647445335.673955000,192.168.10.155
275,-66,1647445335.673972000,54.230.129.136
276,-2922,1647445335.673973000,54.230.129.136
277,54,1647445335.673979000,192.168.10.155
278,66,1647445335.673986000,192.168.10.155
279,-66,1647445335.674066000,54.230.129.136
280,-66,1647445335.674066000,54.230.129.136
281,-66,1647445335.674066000,54.230.129.136
282,-66,1647445335.674067000,54.230.129.136
283,-5778,1647445335.674068000,54.230.129.136
284,54,1647445335.674077000,192.168.10.155
285,54,1647445335.674098000,192.168.10.155
286,66,1647445335.674107000,192.168.10.155
287,-2922,1647445335.675214000,54.230.129.136
288,-66,1647445335.675216000,54.230.129.136
289,-5778,1647445335.675219000,54.230.129.136
290,66,1647445335.675254000,192.168.10.155
291,66,1647445335.675323000,192.168.10.155
292,-5778,1647445335.677000000,54.230.129.136
293,-4350,1647445335.677002000,54.230.129.136
294,-11490,1647445335.677006000,54.230.129.136
295,66,1647445335.677040000,192.168.10.155
296,66,1647445335.677086000,192.168.10.155
297,-14346,1647445335.678127000,54.230.129.136
298,66,1647445335.678145000,192.168.10.155
299,-6417,1647445335.678195000,54.230.129.136
300,-4350,1647445335.678196000,54.230.129.136
301,66,1647445335.678203000,192.168.10.155
302,66,1647445335.678212000,192.168.10.155
303,-7206,1647445335.678231000,54.230.129.136
304,66,1647445335.678235000,192.168.10.155
305,-5778,1647445335.679515000,54.230.129.136
306,-11490,1647445335.679519000,54.230.129.136
307,66,1647445335.679541000,192.168.10.155
308,66,1647445335.679565000,192.168.10.155
309,-7206,1647445335.681049000,54.230.129.136
310,-15774,1647445335.681053000,54.230.129.136
311,66,1647445335.681071000,192.168.10.155
312,66,1647445335.681103000,192.168.10.155
313,-12786,1647445335.682676000,54.230.129.136
314,66,1647445335.682689000,192.168.10.155
315,-3054,1647445335.682726000,54.230.129.136
316,-8628,1647445335.682728000,54.230.129.136
317,66,1647445335.682737000,192.168.10.155
318,66,1647445335.682744000,192.168.10.155
319,-2962,1647445335.723724000,184.25.233.138
320,66,1647445335.723744000,192.168.10.155
321,-1506,1647445335.723839000,184.25.233.138
322,-4402,1647445335.723851000,184.25.233.138
323,-3243,1647445335.723852000,184.25.233.138
324,-4402,1647445335.723854000,184.25.233.138
325,66,1647445335.723903000,192.168.10.155
326,-4839,1647445335.724692000,184.25.233.138
327,66,1647445335.724705000,192.168.10.155
328,-7298,1647445335.855012000,184.25.233.138
329,-4410,1647445335.855016000,184.25.233.138
330,-2954,1647445335.855278000,184.25.233.138
331,-2111,1647445335.855281000,184.25.233.138
332,-7298,1647445335.855285000,184.25.233.138
333,66,1647445335.855389000,192.168.10.155
334,-325,1647445335.855491000,184.25.233.138
335,-7298,1647445335.858573000,184.25.233.138
336,-1514,1647445335.858577000,184.25.233.138
337,66,1647445335.858648000,192.168.10.155
338,-5850,1647445335.858796000,184.25.233.138
339,-3721,1647445335.858799000,184.25.233.138
340,-198,1647445335.858800000,184.25.233.138
341,66,1647445335.858818000,192.168.10.155
342,66,1647445335.858840000,192.168.10.155
343,66,1647445335.899551000,192.168.10.155
344,-8754,1647445335.997889000,184.25.233.138
345,66,1647445335.997920000,192.168.10.155
346,-2954,1647445335.999564000,184.25.233.138
347,-11642,1647445335.999567000,184.25.233.138
348,66,1647445335.999589000,192.168.10.155
349,66,1647445335.999622000,192.168.10.155
350,-15431,1647445335.999695000,184.25.233.138
351,66,1647445335.999700000,192.168.10.155
352,-2662,1647445335.999712000,184.25.233.138
353,66,1647445335.999715000,192.168.10.155
354,-11642,1647445335.999759000,184.25.233.138
355,66,1647445335.999764000,192.168.10.155
356,-17442,1647445336.000509000,184.25.233.138
357,66,1647445336.000523000,192.168.10.155
358,-5054,1647445336.000563000,184.25.233.138
359,66,1647445336.000568000,192.168.10.155
360,74,1647445336.015609000,192.168.10.155
361,-959,1647445336.025451000,184.25.233.138
362,66,1647445336.025465000,192.168.10.155
363,-1816,1647445336.036777000,184.25.233.138
364,66,1647445336.036797000,192.168.10.155
365,-547,1647445336.048319000,184.25.233.138
366,66,1647445336.048339000,192.168.10.155
367,211,1647445336.050019000,192.168.10.155
368,198,1647445336.050343000,192.168.10.155
369,-66,1647445336.053287000,54.230.129.136
370,-11316,1647445336.054618000,54.230.129.136
371,66,1647445336.054654000,192.168.10.155
372,-4949,1647445336.055922000,54.230.129.136
373,66,1647445336.055944000,192.168.10.155
374,-353,1647445336.068061000,184.25.233.138
375,66,1647445336.068088000,192.168.10.155
376,169,1647445336.078328000,192.168.10.155
377,200,1647445336.086196000,192.168.10.155
378,74,1647445336.086249000,192.168.10.155
379,-74,1647445336.094058000,54.230.129.136
380,66,1647445336.094091000,192.168.10.155
381,583,1647445336.095942000,192.168.10.155
382,-66,1647445336.100108000,54.230.129.136
383,-4350,1647445336.100109000,54.230.129.136
384,66,1647445336.100144000,192.168.10.155
385,-66,1647445336.101739000,54.230.129.136
386,-16472,1647445336.101745000,54.230.129.136
387,66,1647445336.101768000,192.168.10.155
388,-16472,1647445336.103007000,54.230.129.136
389,66,1647445336.103031000,192.168.10.155
390,-997,1647445336.103090000,54.230.129.136
391,-18813,1647445336.103093000,54.230.129.136
392,66,1647445336.103101000,192.168.10.155
393,66,1647445336.103111000,192.168.10.155
394,-3539,1647445336.103123000,54.230.129.136
395,66,1647445336.103126000,192.168.10.155
396,-1136,1647445336.104547000,54.230.129.136
397,66,1647445336.104615000,192.168.10.155
398,130,1647445336.110393000,192.168.10.155
399,253,1647445336.110581000,192.168.10.155
400,-66,1647445336.113365000,54.230.129.136
401,-137,1647445336.113366000,54.230.129.136
402,66,1647445336.113386000,192.168.10.155
403,90,1647445336.113522000,192.168.10.155
404,66,1647445336.113545000,192.168.10.155
405,-66,1647445336.116920000,54.230.129.136
406,66,1647445336.116944000,192.168.10.155
407,-74,1647445336.139317000,52.32.181.16
408,66,1647445336.139354000,192.168.10.155
409,583,1647445336.143406000,192.168.10.155
410,-399,1647445336.186936000,184.25.233.138
411,-1239,1647445336.186937000,184.25.233.138
412,66,1647445336.186956000,192.168.10.155
413,66,1647445336.186978000,192.168.10.155
414,-2962,1647445336.189906000,184.25.233.138
415,66,1647445336.189923000,192.168.10.155
416,-9175,1647445336.189968000,184.25.233.138
417,66,1647445336.189973000,192.168.10.155
418,202,1647445336.197461000,192.168.10.155
419,74,1647445336.197525000,192.168.10.155
420,-5858,1647445336.200346000,184.25.233.138
421,66,1647445336.200360000,192.168.10.155
422,-3334,1647445336.200507000,184.25.233.138
423,-14538,1647445336.200510000,184.25.233.138
424,66,1647445336.200517000,192.168.10.155
425,66,1647445336.200526000,192.168.10.155
426,-2231,1647445336.200536000,184.25.233.138
427,66,1647445336.200538000,192.168.10.155
428,-74,1647445336.201233000,54.230.129.136
429,-935,1647445336.201234000,54.230.129.136
430,66,1647445336.201256000,192.168.10.155
431,66,1647445336.201275000,192.168.10.155
432,583,1647445336.206997000,192.168.10.155
433,-2387,1647445336.209246000,184.25.233.138
434,66,1647445336.209291000,192.168.10.155
435,-66,1647445336.211102000,54.230.129.136
436,-4350,1647445336.211433000,54.230.129.136
437,66,1647445336.211452000,192.168.10.155
438,-997,1647445336.214325000,54.230.129.136
439,66,1647445336.214341000,192.168.10.155
440,-2047,1647445336.217047000,184.25.233.138
441,66,1647445336.217064000,192.168.10.155
442,156,1647445336.219127000,192.168.10.155
443,246,1647445336.219405000,192.168.10.155
444,157,1647445336.219691000,192.168.10.155
445,264,1647445336.219928000,192.168.10.155
446,154,1647445336.220365000,192.168.10.155
447,242,1647445336.220578000,192.168.10.155
448,189,1647445336.220942000,192.168.10.155
449,-66,1647445336.222646000,54.230.129.136
450,-66,1647445336.223878000,54.230.129.136
451,-1120,1647445336.223880000,54.230.129.136
452,-97,1647445336.223881000,54.230.129.136
453,-995,1647445336.223882000,54.230.129.136
454,-97,1647445336.223882000,54.230.129.136
455,-1220,1647445336.223883000,54.230.129.136
456,-97,1647445336.223883000,54.230.129.136
457,66,1647445336.223919000,192.168.10.155
458,-698,1647445336.225499000,54.230.129.136
459,66,1647445336.225544000,192.168.10.155
460,130,1647445336.226513000,192.168.10.155
461,-1233,1647445336.226643000,54.230.129.136
462,-97,1647445336.226644000,54.230.129.136
463,-417,1647445336.226645000,184.25.233.138
464,-1155,1647445336.226645000,54.230.129.136
465,-97,1647445336.226645000,54.230.129.136
466,-1057,1647445336.226646000,54.230.129.136
467,-97,1647445336.226646000,54.230.129.136
468,-1494,1647445336.226647000,54.230.129.136
469,66,1647445336.226664000,192.168.10.155
470,66,1647445336.226675000,192.168.10.155
471,66,1647445336.226682000,192.168.10.155
472,253,1647445336.227758000,192.168.10.155
473,-1131,1647445336.228034000,54.230.129.136
474,-1835,1647445336.229785000,54.230.129.136
475,-97,1647445336.229786000,54.230.129.136
476,-66,1647445336.229787000,54.230.129.136
477,-128,1647445336.229787000,54.230.129.136
478,66,1647445336.229807000,192.168.10.155
479,66,1647445336.229839000,192.168.10.155
480,90,1647445336.230211000,192.168.10.155
481,66,1647445336.230226000,192.168.10.155
482,-66,1647445336.231021000,54.230.129.136
483,-97,1647445336.231021000,54.230.129.136
484,54,1647445336.231053000,192.168.10.155
485,-66,1647445336.233144000,54.230.129.136
486,54,1647445336.233168000,192.168.10.155
487,155,1647445336.238279000,192.168.10.155
488,155,1647445336.238911000,192.168.10.155
489,155,1647445336.241746000,192.168.10.155
490,-981,1647445336.245096000,54.230.129.136
491,-1494,1647445336.245097000,54.230.129.136
492,66,1647445336.245130000,192.168.10.155
493,-7330,1647445336.245168000,54.230.129.136
494,66,1647445336.245173000,192.168.10.155
495,-2922,1647445336.249116000,54.230.129.136
496,66,1647445336.249136000,192.168.10.155
497,-13616,1647445336.249269000,54.230.129.136
498,66,1647445336.249275000,192.168.10.155
499,-5839,1647445336.249303000,54.230.129.136
500,66,1647445336.249309000,192.168.10.155
501,-513,1647445336.254371000,184.25.233.138
502,66,1647445336.254392000,192.168.10.155
503,-66,1647445336.267494000,52.32.181.16
504,155,1647445336.268919000,192.168.10.155
505,-2922,1647445336.272952000,54.230.129.136
506,66,1647445336.272978000,192.168.10.155
507,-13616,1647445336.273095000,54.230.129.136
508,66,1647445336.273100000,192.168.10.155
509,-519,1647445336.273125000,54.230.129.136
510,-5511,1647445336.273126000,52.32.181.16
511,66,1647445336.273135000,192.168.10.155
512,-594,1647445336.278447000,54.230.129.136
513,-97,1647445336.278448000,54.230.129.136
514,192,1647445336.280822000,192.168.10.155
515,66,1647445336.281091000,192.168.10.155
516,174,1647445336.362213000,192.168.10.155
517,-66,1647445336.365385000,54.230.129.136
518,-844,1647445336.365387000,54.230.129.136
519,66,1647445336.365413000,192.168.10.155
520,621,1647445336.366391000,192.168.10.155
521,207,1647445336.366715000,192.168.10.155
522,1179,1647445336.366745000,192.168.10.155
523,183,1647445336.368562000,192.168.10.155
524,177,1647445336.370065000,192.168.10.155
525,-66,1647445336.370464000,54.230.129.136
526,-16472,1647445336.370469000,54.230.129.136
527,177,1647445336.370489000,192.168.10.155
528,66,1647445336.370511000,192.168.10.155
529,-32878,1647445336.370595000,54.230.129.136
530,66,1647445336.370603000,192.168.10.155
531,-66,1647445336.371894000,54.230.129.136
532,-37194,1647445336.371908000,54.230.129.136
533,66,1647445336.371932000,192.168.10.155
534,-8634,1647445336.371977000,54.230.129.136
535,66,1647445336.371983000,192.168.10.155
536,-28626,1647445336.373218000,54.230.129.136
537,66,1647445336.373238000,192.168.10.155
538,-18630,1647445336.373303000,54.230.129.136
539,66,1647445336.373310000,192.168.10.155
540,-7206,1647445336.373956000,54.230.129.136
541,-66,1647445336.373958000,54.230.129.136
542,-15775,1647445336.373963000,54.230.129.136
543,66,1647445336.374015000,192.168.10.155
544,66,1647445336.374088000,192.168.10.155
545,-3411,1647445336.375407000,54.230.129.136
546,-16472,1647445336.375423000,54.230.129.136
547,66,1647445336.375488000,192.168.10.155
548,66,1647445336.375523000,192.168.10.155
549,-32878,1647445336.375606000,54.230.129.136
550,66,1647445336.375614000,192.168.10.155
551,-28626,1647445336.376117000,54.230.129.136
552,66,1647445336.376132000,192.168.10.155
553,-48618,1647445336.377964000,54.230.129.136
554,66,1647445336.378034000,192.168.10.155
555,-7206,1647445336.378169000,54.230.129.136
556,66,1647445336.378219000,192.168.10.155
557,-8634,1647445336.378934000,54.230.129.136
558,-52902,1647445336.378953000,54.230.129.136
559,66,1647445336.378975000,192.168.10.155
560,66,1647445336.379019000,192.168.10.155
561,-11490,1647445336.380807000,54.230.129.136
562,66,1647445336.380820000,192.168.10.155
563,-8634,1647445336.380913000,54.230.129.136
564,66,1647445336.380919000,192.168.10.155
565,-55758,1647445336.381050000,54.230.129.136
566,66,1647445336.381056000,192.168.10.155
567,-21486,1647445336.381079000,54.230.129.136
568,66,1647445336.381083000,192.168.10.155
569,-28105,1647445336.382431000,54.230.129.136
570,66,1647445336.382446000,192.168.10.155
571,177,1647445336.383867000,192.168.10.155
572,-66,1647445336.388487000,54.230.129.136
573,-1835,1647445336.388489000,54.230.129.136
574,66,1647445336.388518000,192.168.10.155
575,174,1647445336.397332000,192.168.10.155
576,169,1647445336.397782000,192.168.10.155
577,183,1647445336.397929000,192.168.10.155
578,284,1647445336.398376000,192.168.10.155
579,191,1647445336.399746000,192.168.10.155
580,-8484,1647445336.401170000,54.230.129.136
581,-5535,1647445336.401172000,54.230.129.136
582,66,1647445336.401194000,192.168.10.155
583,66,1647445336.401224000,192.168.10.155
584,-5009,1647445336.403086000,54.230.129.136
585,-16472,1647445336.403090000,54.230.129.136
586,66,1647445336.403121000,192.168.10.155
587,66,1647445336.403143000,192.168.10.155
588,-31482,1647445336.403212000,54.230.129.136
589,66,1647445336.403216000,192.168.10.155
590,-1462,1647445336.403802000,54.230.129.136
591,-1679,1647445336.403803000,54.230.129.136
592,-4699,1647445336.403804000,54.230.129.136
593,66,1647445336.403821000,192.168.10.155
594,66,1647445336.403842000,192.168.10.155
595,-16472,1647445336.406150000,54.230.129.136
596,66,1647445336.406168000,192.168.10.155
597,-2360,1647445336.406197000,54.230.129.136
598,-324,1647445336.406198000,52.32.181.16
599,-135,1647445336.406198000,52.32.181.16
600,66,1647445336.406205000,192.168.10.155
601,66,1647445336.406215000,192.168.10.155
602,66,1647445336.406221000,192.168.10.155
603,243,1647445336.460854000,192.168.10.155
604,506,1647445336.460892000,192.168.10.155
605,104,1647445336.462235000,192.168.10.155
606,-66,1647445336.585639000,52.32.181.16
607,-104,1647445336.585639000,52.32.181.16
608,66,1647445336.585666000,192.168.10.155
609,-236,1647445336.587895000,52.32.181.16
610,-104,1647445336.587898000,52.32.181.16
611,66,1647445336.587999000,192.168.10.155
612,66,1647445336.588096000,192.168.10.155
613,194,1647445336.652236000,192.168.10.155
614,181,1647445336.652695000,192.168.10.155
615,-2922,1647445336.657623000,54.230.129.136
616,66,1647445336.657659000,192.168.10.155
617,-2922,1647445336.657774000,54.230.129.136
618,66,1647445336.657795000,192.168.10.155
619,-10760,1647445336.658154000,54.230.129.136
620,66,1647445336.658190000,192.168.10.155
621,-32878,1647445336.658455000,54.230.129.136
622,66,1647445336.658470000,192.168.10.155
623,-4214,1647445336.658498000,54.230.129.136
624,-4914,1647445336.659040000,54.230.129.136
625,66,1647445336.659548000,192.168.10.155
626,-560,1647445336.685686000,184.25.233.138
627,66,1647445336.685704000,192.168.10.155
628,-6334,1647445336.686988000,184.25.233.138
629,-1627,1647445336.686989000,184.25.233.138
630,66,1647445336.687018000,192.168.10.155
631,66,1647445336.687044000,192.168.10.155
632,-6343,1647445336.688032000,184.25.233.138
633,66,1647445336.688048000,192.168.10.155
634,-11650,1647445336.693654000,184.25.233.138
635,66,1647445336.693704000,192.168.10.155
636,-2954,1647445336.693800000,184.25.233.138
637,-3693,1647445336.693802000,184.25.233.138
638,-9123,1647445336.693804000,184.25.233.138
639,66,1647445336.693816000,192.168.10.155
640,66,1647445336.693833000,192.168.10.155
641,66,1647445336.693840000,192.168.10.155
642,157,1647445336.738708000,192.168.10.155
643,157,1647445336.739882000,192.168.10.155
644,164,1647445336.740492000,192.168.10.155
645,165,1647445336.742482000,192.168.10.155
646,165,1647445336.743672000,192.168.10.155
647,-2780,1647445336.743820000,54.230.129.136
648,-97,1647445336.743821000,54.230.129.136
649,66,1647445336.743846000,192.168.10.155
650,159,1647445336.744977000,192.168.10.155
651,-2522,1647445336.745622000,54.230.129.136
652,-97,1647445336.745623000,54.230.129.136
653,-3010,1647445336.745624000,54.230.129.136
654,-97,1647445336.745625000,54.230.129.136
655,161,1647445336.745634000,192.168.10.155
656,66,1647445336.745659000,192.168.10.155
657,66,1647445336.745683000,192.168.10.155
658,159,1647445336.746612000,192.168.10.155
659,159,1647445336.746957000,192.168.10.155
660,253,1647445336.747444000,192.168.10.155
661,-2095,1647445336.747621000,54.230.129.136
662,-98,1647445336.747622000,54.230.129.136
663,-97,1647445336.747622000,54.230.129.136
664,66,1647445336.747641000,192.168.10.155
665,348,1647445336.747955000,192.168.10.155
666,-66,1647445336.749230000,54.230.129.136
667,-2006,1647445336.749232000,54.230.129.136
668,-97,1647445336.749233000,54.230.129.136
669,-4963,1647445336.749234000,54.230.129.136
670,66,1647445336.749261000,192.168.10.155
671,66,1647445336.749285000,192.168.10.155
672,-97,1647445336.749295000,54.230.129.136
673,159,1647445336.749702000,192.168.10.155
674,-2811,1647445336.750013000,54.230.129.136
675,-2795,1647445336.750014000,54.230.129.136
676,-66,1647445336.751080000,54.230.129.136
677,-5138,1647445336.753506000,54.230.129.136
678,-97,1647445336.753507000,54.230.129.136
679,-5702,1647445336.753600000,54.230.129.136
680,-97,1647445336.753601000,54.230.129.136
681,-3301,1647445336.753602000,54.230.129.136
682,-97,1647445336.753625000,54.230.129.136
683,-2955,1647445336.753627000,54.230.129.136
684,-97,1647445336.753635000,54.230.129.136
685,-2350,1647445336.754600000,54.230.129.136
686,-97,1647445336.754602000,54.230.129.136
687,-2809,1647445336.754603000,54.230.129.136
688,-1298,1647445336.755682000,54.230.129.136
689,-6393,1647445336.755684000,54.230.129.136
690,-97,1647445336.755685000,54.230.129.136
691,-1494,1647445336.755686000,54.230.129.136
692,-1896,1647445336.756759000,54.230.129.136
693,-97,1647445336.756761000,54.230.129.136
694,66,1647445336.757367000,192.168.10.155
695,164,1647445336.757562000,192.168.10.155
696,160,1647445336.757978000,192.168.10.155
697,-864,1647445336.760798000,54.230.129.136
698,-677,1647445336.760800000,54.230.129.136
699,66,1647445336.765466000,192.168.10.155
700,152,1647445336.768614000,192.168.10.155
701,-2597,1647445336.772045000,54.230.129.136
702,66,1647445336.772082000,192.168.10.155
703,251,1647445336.811473000,192.168.10.155
704,-16472,1647445336.815717000,54.230.129.136
705,-951,1647445336.815753000,54.230.129.136
706,66,1647445336.815819000,192.168.10.155
707,-198,1647445336.820391000,184.25.233.138
708,66,1647445336.820425000,192.168.10.155
709,-14538,1647445336.822432000,184.25.233.138
710,66,1647445336.822455000,192.168.10.155
711,-13708,1647445336.822516000,184.25.233.138
712,66,1647445336.822521000,192.168.10.155
713,-11316,1647445336.827329000,184.25.233.138
714,66,1647445336.827368000,192.168.10.155
715,161,1647445336.885283000,192.168.10.155
716,-777,1647445336.885769000,184.25.233.138
717,66,1647445336.885787000,192.168.10.155
718,160,1647445336.886733000,192.168.10.155
719,160,1647445336.887054000,192.168.10.155
720,178,1647445336.887635000,192.168.10.155
721,239,1647445336.887966000,192.168.10.155
722,166,1647445336.888279000,192.168.10.155
723,167,1647445336.889033000,192.168.10.155
724,267,1647445336.889280000,192.168.10.155
725,153,1647445336.889658000,192.168.10.155
726,-2812,1647445336.889947000,54.230.129.136
727,-2420,1647445336.889949000,54.230.129.136
728,-66,1647445336.889950000,54.230.129.136
729,66,1647445336.889975000,192.168.10.155
730,66,1647445336.889999000,192.168.10.155
731,-2808,1647445336.892713000,54.230.129.136
732,-8117,1647445336.892716000,54.230.129.136
733,66,1647445336.892745000,192.168.10.155
734,66,1647445336.892778000,192.168.10.155
735,-4092,1647445336.892798000,54.230.129.136
736,-3405,1647445336.892799000,54.230.129.136
737,-4538,1647445336.892801000,54.230.129.136
738,66,1647445336.892918000,192.168.10.155
739,-97,1647445336.892970000,54.230.129.136
740,165,1647445336.893392000,192.168.10.155
741,-7909,1647445336.894527000,54.230.129.136
742,-97,1647445336.894528000,54.230.129.136
743,66,1647445336.894554000,192.168.10.155
744,-5988,1647445336.895702000,54.230.129.136
745,-97,1647445336.895705000,54.230.129.136
746,-4089,1647445336.895706000,54.230.129.136
747,-185,1647445336.895730000,54.230.129.136
748,66,1647445336.895872000,192.168.10.155
749,-4441,1647445336.896599000,54.230.129.136
750,-407,1647445336.896601000,54.230.129.136
751,-1444,1647445336.896602000,54.230.129.136
752,66,1647445336.896620000,192.168.10.155
753,-3396,1647445336.899074000,184.25.233.138
754,66,1647445336.899092000,192.168.10.155
755,-9117,1647445336.904882000,184.25.233.138
756,-1514,1647445336.904885000,184.25.233.138
757,66,1647445336.904955000,192.168.10.155
758,66,1647445336.905046000,192.168.10.155
759,-7675,1647445336.905274000,184.25.233.138
760,-14538,1647445336.905287000,184.25.233.138
761,66,1647445336.905313000,192.168.10.155
762,66,1647445336.905343000,192.168.10.155
763,-864,1647445336.906270000,184.25.233.138
764,66,1647445336.906279000,192.168.10.155
765,177,1647445336.914876000,192.168.10.155
766,166,1647445336.915144000,192.168.10.155
767,74,1647445336.917685000,192.168.10.155
768,-9501,1647445336.919718000,54.230.129.136
769,-16472,1647445336.919724000,54.230.129.136
770,66,1647445336.919765000,192.168.10.155
771,-24342,1647445336.919852000,54.230.129.136
772,66,1647445336.919862000,192.168.10.155
773,-8602,1647445336.919938000,54.230.129.136
774,-18152,1647445336.919946000,54.230.129.136
775,66,1647445336.919954000,192.168.10.155
776,66,1647445336.919963000,192.168.10.155
777,66,1647445336.920499000,192.168.10.155
778,184,1647445336.928127000,192.168.10.155
779,180,1647445336.928436000,192.168.10.155
780,-2922,1647445336.931776000,54.230.129.136
781,66,1647445336.931795000,192.168.10.155
782,-13616,1647445336.931877000,54.230.129.136
783,66,1647445336.931884000,192.168.10.155
784,-6731,1647445336.932901000,54.230.129.136
785,-1739,1647445336.932904000,54.230.129.136
786,66,1647445336.932924000,192.168.10.155
787,66,1647445336.932945000,192.168.10.155
788,240,1647445336.933958000,192.168.10.155
789,-4441,1647445336.937489000,54.230.129.136
790,-3947,1647445336.937494000,54.230.129.136
791,-97,1647445336.937495000,54.230.129.136
792,66,1647445336.937559000,192.168.10.155
793,-14672,1647445336.937812000,54.230.129.136
794,66,1647445336.937811000,192.168.10.155
795,66,1647445336.937848000,192.168.10.155
796,171,1647445336.982466000,192.168.10.155
797,-675,1647445336.986149000,54.230.129.136
798,-66,1647445337.020901000,52.119.171.205
799,54,1647445337.021015000,192.168.10.155
800,571,1647445337.025018000,192.168.10.155
801,155,1647445337.026533000,192.168.10.155
802,-1728,1647445337.029998000,54.230.129.136
803,66,1647445337.030017000,192.168.10.155
804,-60,1647445337.124675000,52.119.171.205
805,-60,1647445337.129192000,52.119.171.205
806,-5967,1647445337.130831000,52.119.171.205
807,54,1647445337.130845000,192.168.10.155
808,180,1647445337.133852000,192.168.10.155
809,178,1647445337.214228000,192.168.10.155
810,-1298,1647445337.218286000,54.230.129.136
811,-105,1647445337.237215000,52.119.171.205
812,54,1647445337.237254000,192.168.10.155
813,524,1647445337.238419000,192.168.10.155
814,66,1647445337.259539000,192.168.10.155
815,157,1647445337.291146000,192.168.10.155
816,-3540,1647445337.296851000,54.230.129.136
817,-1494,1647445337.296852000,54.230.129.136
818,66,1647445337.296924000,192.168.10.155
819,-10262,1647445337.297007000,54.230.129.136
820,-11308,1647445337.297044000,54.230.129.136
821,-97,1647445337.297052000,54.230.129.136
822,66,1647445337.297204000,192.168.10.155
823,-503,1647445337.367221000,52.119.171.205
824,54,1647445337.367246000,192.168.10.155
825,593,1647445337.371745000,192.168.10.155
826,-66,1647445337.374325000,184.25.233.138
827,222,1647445337.376126000,192.168.10.155
828,351,1647445337.377783000,192.168.10.155
829,-4925,1647445337.381559000,54.230.129.136
830,66,1647445337.381583000,192.168.10.155
831,-2841,1647445337.385352000,184.25.233.138
832,66,1647445337.385386000,192.168.10.155
833,-5778,1647445337.388502000,54.230.129.136
834,66,1647445337.388530000,192.168.10.155
835,-10760,1647445337.389461000,54.230.129.136
836,66,1647445337.389478000,192.168.10.155
837,-32878,1647445337.389551000,54.230.129.136
838,66,1647445337.389557000,192.168.10.155
839,-16472,1647445337.389599000,54.230.129.136
840,66,1647445337.389603000,192.168.10.155
841,-31482,1647445337.389660000,54.230.129.136
842,66,1647445337.389665000,192.168.10.155
843,-1462,1647445337.390097000,54.230.129.136
844,-13995,1647445337.390105000,54.230.129.136
845,66,1647445337.390123000,192.168.10.155
846,188,1647445337.399574000,192.168.10.155
847,-2041,1647445337.403918000,54.230.129.136
848,66,1647445337.404014000,192.168.10.155
849,155,1647445337.412601000,192.168.10.155
850,-1411,1647445337.417212000,54.230.129.136
851,66,1647445337.417288000,192.168.10.155
852,158,1647445337.419137000,192.168.10.155
853,-3540,1647445337.426997000,54.230.129.136
854,-16472,1647445337.427001000,54.230.129.136
855,66,1647445337.427080000,192.168.10.155
856,-32878,1647445337.427105000,54.230.129.136
857,66,1647445337.427368000,192.168.10.155
858,-1411,1647445337.427803000,54.230.129.136
859,66,1647445337.427877000,192.168.10.155
860,1514,1647445337.631621000,192.168.10.155
861,430,1647445337.631642000,192.168.10.155
862,1514,1647445337.633683000,192.168.10.155
863,831,1647445337.633705000,192.168.10.155
864,984,1647445337.634040000,192.168.10.155
865,-66,1647445337.634783000,184.25.233.138
866,74,1647445337.638925000,192.168.10.155
867,149,1647445337.651167000,192.168.10.155
868,74,1647445337.654098000,192.168.10.155
869,-4983,1647445337.654908000,54.230.129.136
870,66,1647445337.654943000,192.168.10.155
871,-74,1647445337.657282000,54.239.163.138
872,66,1647445337.657337000,192.168.10.155
873,583,1647445337.664905000,192.168.10.155
874,-66,1647445337.668569000,54.239.163.138
875,-1494,1647445337.668570000,54.239.163.138
876,66,1647445337.668611000,192.168.10.155
877,-2922,1647445337.669629000,54.239.163.138
878,66,1647445337.669670000,192.168.10.155
879,-1756,1647445337.671055000,54.239.163.138
880,66,1647445337.671075000,192.168.10.155
881,130,1647445337.683589000,192.168.10.155
882,236,1647445337.684020000,192.168.10.155
883,385,1647445337.684053000,192.168.10.155
884,-66,1647445337.686879000,54.239.163.138
885,-128,1647445337.686881000,54.239.163.138
886,66,1647445337.686907000,192.168.10.155
887,97,1647445337.687364000,192.168.10.155
888,-66,1647445337.688887000,54.239.163.138
889,-97,1647445337.688891000,54.239.163.138
890,66,1647445337.689007000,192.168.10.155
891,105,1647445337.689339000,192.168.10.155
892,105,1647445337.689747000,192.168.10.155
893,112,1647445337.689883000,192.168.10.155
894,85,1647445337.690079000,192.168.10.155
895,54,1647445337.690102000,192.168.10.155
896,97,1647445337.690258000,192.168.10.155
897,66,1647445337.690270000,192.168.10.155
898,-9758,1647445337.691483000,54.239.163.138
899,66,1647445337.691507000,192.168.10.155
900,90,1647445337.691645000,192.168.10.155
901,66,1647445337.691669000,192.168.10.155
902,-66,1647445337.691722000,54.239.163.138
903,90,1647445337.691966000,192.168.10.155
904,66,1647445337.691993000,192.168.10.155
905,97,1647445337.692849000,192.168.10.155
906,66,1647445337.692907000,192.168.10.155
907,-66,1647445337.693477000,54.230.130.7
908,-66,1647445337.693478000,54.230.130.93
909,66,1647445337.693513000,192.168.10.155
910,-66,1647445337.694644000,54.230.129.136
911,66,1647445337.694675000,192.168.10.155
912,-66,1647445337.695878000,54.230.129.136
913,-66,1647445337.695879000,54.230.130.7
914,-66,1647445337.695879000,54.230.129.136
915,-66,1647445337.695880000,54.230.130.7
916,105,1647445337.695902000,192.168.10.155
917,66,1647445337.695932000,192.168.10.155
918,66,1647445337.695949000,192.168.10.155
919,90,1647445337.696006000,192.168.10.155
920,-66,1647445337.699503000,54.239.163.138
921,-66,1647445337.699504000,54.239.163.138
922,66,1647445337.699552000,192.168.10.155
923,-66,1647445337.758698000,52.32.181.16
924,-66,1647445337.758699000,52.94.176.92
925,54,1647445337.758742000,192.168.10.155
926,-235,1647445337.759636000,52.32.181.16
927,-104,1647445337.759638000,52.32.181.16
928,66,1647445337.759702000,192.168.10.155
929,66,1647445337.759746000,192.168.10.155
930,571,1647445337.762435000,192.168.10.155
931,-477,1647445337.768785000,184.25.233.138
932,66,1647445337.768818000,192.168.10.155
933,112,1647445337.769101000,192.168.10.155
934,97,1647445337.769245000,192.168.10.155
935,-66,1647445337.772278000,184.25.233.138
936,-97,1647445337.772284000,184.25.233.138
937,-66,1647445337.772287000,184.25.233.138
938,54,1647445337.772500000,192.168.10.155
939,54,1647445337.772614000,192.168.10.155
940,-235,1647445337.781342000,52.32.181.16
941,-104,1647445337.781343000,52.32.181.16
942,66,1647445337.781359000,192.168.10.155
943,66,1647445337.781378000,192.168.10.155
944,112,1647445337.781681000,192.168.10.155
945,97,1647445337.781828000,192.168.10.155
946,-60,1647445337.793462000,52.119.171.205
947,-60,1647445337.793463000,52.119.171.205
948,54,1647445337.793528000,192.168.10.155
949,74,1647445337.834407000,192.168.10.155
950,74,1647445337.835139000,192.168.10.155
951,-74,1647445337.837924000,184.25.233.138
952,66,1647445337.838014000,192.168.10.155
953,583,1647445337.841875000,192.168.10.155
954,-66,1647445337.845135000,184.25.233.138
955,-2962,1647445337.845136000,184.25.233.138
956,-1266,1647445337.845137000,184.25.233.138
957,66,1647445337.845164000,192.168.10.155
958,66,1647445337.845199000,192.168.10.155
959,-1188,1647445337.847262000,184.25.233.138
960,66,1647445337.847270000,192.168.10.155
961,192,1647445337.850480000,192.168.10.155
962,-66,1647445337.853126000,184.25.233.138
963,-324,1647445337.853128000,184.25.233.138
964,66,1647445337.853157000,192.168.10.155
965,243,1647445337.853937000,192.168.10.155
966,768,1647445337.853983000,192.168.10.155
967,-66,1647445337.856756000,184.25.233.138
968,279,1647445337.864170000,192.168.10.155
969,-143,1647445337.868884000,184.25.233.138
970,66,1647445337.868910000,192.168.10.155
971,104,1647445337.870341000,192.168.10.155
972,275,1647445337.872576000,192.168.10.155
973,-66,1647445337.872837000,184.25.233.138
974,-66,1647445337.875321000,184.25.233.138
975,-60,1647445337.877423000,52.94.176.92
976,-60,1647445337.881269000,52.94.176.92
977,272,1647445337.881796000,192.168.10.155
978,-6090,1647445337.882978000,52.94.176.92
979,54,1647445337.882998000,192.168.10.155
980,-66,1647445337.884411000,184.25.233.138
981,180,1647445337.893417000,192.168.10.155
982,274,1647445337.895311000,192.168.10.155
983,276,1647445337.897772000,192.168.10.155
984,-66,1647445337.897852000,184.25.233.138
985,-66,1647445337.900377000,184.25.233.138
986,-66,1647445337.905680000,52.32.181.16
987,-66,1647445337.905681000,52.32.181.16
988,66,1647445337.905722000,192.168.10.155
989,-74,1647445337.948497000,52.32.181.16
990,66,1647445337.948540000,192.168.10.155
991,-477,1647445337.977689000,184.25.233.138
992,583,1647445337.979442000,192.168.10.155
993,269,1647445337.986849000,192.168.10.155
994,74,1647445337.987200000,192.168.10.155
995,-66,1647445337.989872000,184.25.233.138
996,273,1647445337.996097000,192.168.10.155
997,-66,1647445337.998825000,184.25.233.138
998,-105,1647445338.012153000,52.94.176.92
999,-859,1647445338.012155000,184.25.233.138
1000,54,1647445338.012179000,192.168.10.155
1001,1514,1647445338.012830000,192.168.10.155
1002,1514,1647445338.012843000,192.168.10.155
1003,1514,1647445338.012853000,192.168.10.155
1004,1514,1647445338.012857000,192.168.10.155
1005,1514,1647445338.013208000,192.168.10.155
1006,1514,1647445338.013215000,192.168.10.155
1007,639,1647445338.013543000,192.168.10.155
1008,-477,1647445338.015325000,184.25.233.138
1009,66,1647445338.015414000,192.168.10.155
1010,-477,1647445338.032025000,184.25.233.138
1011,-477,1647445338.039254000,184.25.233.138
1012,66,1647445338.039327000,192.168.10.155
1013,74,1647445338.050263000,192.168.10.155
1014,-66,1647445338.093488000,52.32.181.16
1015,-66,1647445338.094749000,52.94.176.92
1016,54,1647445338.094827000,192.168.10.155
1017,-2962,1647445338.095534000,52.32.181.16
1018,66,1647445338.095577000,192.168.10.155
1019,-2615,1647445338.097751000,52.32.181.16
1020,66,1647445338.097787000,192.168.10.155
1021,571,1647445338.098843000,192.168.10.155
1022,-477,1647445338.109459000,184.25.233.138
1023,192,1647445338.109988000,192.168.10.155
1024,-477,1647445338.122538000,184.25.233.138
1025,66,1647445338.122570000,192.168.10.155
1026,-60,1647445338.131504000,52.94.176.92
1027,-659,1647445338.142444000,52.94.176.92
1028,-105,1647445338.142446000,52.94.176.92
1029,54,1647445338.142520000,192.168.10.155
1030,54,1647445338.142579000,192.168.10.155
1031,-66,1647445338.169456000,52.94.176.92
1032,54,1647445338.169489000,192.168.10.155
1033,571,1647445338.175024000,192.168.10.155
1034,339,1647445338.177656000,192.168.10.155
1035,-60,1647445338.204937000,52.94.176.92
1036,-2974,1647445338.208561000,52.94.176.92
1037,54,1647445338.208579000,192.168.10.155
1038,-3170,1647445338.208729000,52.94.176.92
1039,54,1647445338.208737000,192.168.10.155
1040,180,1647445338.214066000,192.168.10.155
1041,-66,1647445338.220654000,184.25.233.138
1042,-324,1647445338.223615000,52.32.181.16
1043,-135,1647445338.223616000,52.32.181.16
1044,66,1647445338.223638000,192.168.10.155
1045,66,1647445338.223659000,192.168.10.155
1046,243,1647445338.224469000,192.168.10.155
1047,604,1647445338.224505000,192.168.10.155
1048,378,1647445338.224794000,192.168.10.155
1049,690,1647445338.224913000,192.168.10.155
1050,384,1647445338.225071000,192.168.10.155
1051,692,1647445338.225433000,192.168.10.155
1052,416,1647445338.225712000,192.168.10.155
1053,764,1647445338.225835000,192.168.10.155
1054,1514,1647445338.225993000,192.168.10.155
1055,1514,1647445338.225998000,192.168.10.155
1056,85,1647445338.284589000,192.168.10.155
1057,54,1647445338.284619000,192.168.10.155
1058,-60,1647445338.286933000,52.94.176.92
1059,-60,1647445338.292381000,52.94.176.92
1060,-6090,1647445338.294990000,52.94.176.92
1061,54,1647445338.295010000,192.168.10.155
1062,180,1647445338.301162000,192.168.10.155
1063,-477,1647445338.301850000,184.25.233.138
1064,112,1647445338.302911000,192.168.10.155
1065,97,1647445338.303070000,192.168.10.155
1066,-66,1647445338.317981000,184.25.233.138
1067,-105,1647445338.321048000,52.94.176.92
1068,54,1647445338.321069000,192.168.10.155
1069,1514,1647445338.321532000,192.168.10.155
1070,1514,1647445338.321547000,192.168.10.155
1071,1514,1647445338.321558000,192.168.10.155
1072,1514,1647445338.321561000,192.168.10.155
1073,1514,1647445338.321920000,192.168.10.155
1074,1514,1647445338.321929000,192.168.10.155
1075,1514,1647445338.321939000,192.168.10.155
1076,1514,1647445338.321943000,192.168.10.155
1077,-97,1647445338.322136000,184.25.233.138
1078,-66,1647445338.322137000,184.25.233.138
1079,54,1647445338.322162000,192.168.10.155
1080,54,1647445338.322179000,192.168.10.155
1081,1514,1647445338.322543000,192.168.10.155
1082,1514,1647445338.322550000,192.168.10.155
1083,-66,1647445338.337299000,52.32.181.16
1084,-66,1647445338.337301000,52.32.181.16
1085,1514,1647445338.337345000,192.168.10.155
1086,1514,1647445338.337364000,192.168.10.155
1087,1514,1647445338.337376000,192.168.10.155
1088,1514,1647445338.337383000,192.168.10.155
1089,1514,1647445338.337892000,192.168.10.155
1090,1514,1647445338.337907000,192.168.10.155
1091,961,1647445338.338224000,192.168.10.155
1092,-66,1647445338.338999000,52.32.181.16
1093,-1102,1647445338.340662000,52.32.181.16
1094,78,1647445338.340684000,192.168.10.155
1095,-442,1647445338.342653000,52.32.181.16
1096,-311,1647445338.342653000,52.32.181.16
1097,-235,1647445338.342653000,52.32.181.16
1098,-104,1647445338.342654000,52.32.181.16
1099,-235,1647445338.342654000,52.32.181.16
1100,-104,1647445338.342654000,52.32.181.16
1101,78,1647445338.342673000,192.168.10.155
1102,78,1647445338.342693000,192.168.10.155
1103,78,1647445338.342801000,192.168.10.155
1104,74,1647445338.371902000,192.168.10.155
1105,74,1647445338.385790000,192.168.10.155
1106,74,1647445338.386779000,192.168.10.155
1107,74,1647445338.389435000,192.168.10.155
1108,74,1647445338.389680000,192.168.10.155
1109,74,1647445338.389970000,192.168.10.155
1110,-74,1647445338.395803000,54.230.129.136
1111,-74,1647445338.395804000,54.230.129.136
1112,-74,1647445338.395805000,54.230.129.136
1113,66,1647445338.395829000,192.168.10.155
1114,66,1647445338.395851000,192.168.10.155
1115,66,1647445338.395860000,192.168.10.155
1116,583,1647445338.399035000,192.168.10.155
1117,583,1647445338.402619000,192.168.10.155
1118,-66,1647445338.402684000,54.230.129.136
1119,-60,1647445338.402685000,52.94.176.92
1120,54,1647445338.402710000,192.168.10.155
1121,-4350,1647445338.402762000,54.230.129.136
1122,66,1647445338.402769000,192.168.10.155
1123,583,1647445338.407389000,192.168.10.155
1124,-997,1647445338.407903000,54.230.129.136
1125,-66,1647445338.407905000,54.230.129.136
1126,66,1647445338.407926000,192.168.10.155
1127,-4350,1647445338.407970000,54.230.129.136
1128,66,1647445338.407976000,192.168.10.155
1129,-997,1647445338.408920000,54.230.129.136
1130,66,1647445338.408936000,192.168.10.155
1131,-66,1647445338.411589000,54.230.129.136
1132,-4350,1647445338.411592000,54.230.129.136
1133,66,1647445338.411622000,192.168.10.155
1134,-997,1647445338.413880000,54.230.129.136
1135,66,1647445338.413905000,192.168.10.155
1136,66,1647445338.416300000,192.168.10.155
1137,66,1647445338.416466000,192.168.10.155
1138,66,1647445338.416691000,192.168.10.155
1139,74,1647445338.417054000,192.168.10.155
1140,-105,1647445338.418199000,52.94.176.92
1141,54,1647445338.418222000,192.168.10.155
1142,-66,1647445338.419852000,54.230.129.136
1143,-66,1647445338.419854000,54.230.129.136
1144,-66,1647445338.419855000,54.230.129.136
1145,66,1647445338.419883000,192.168.10.155
1146,66,1647445338.419915000,192.168.10.155
1147,66,1647445338.419926000,192.168.10.155
1148,1473,1647445338.424499000,192.168.10.155
1149,-60,1647445338.428316000,52.94.176.92
1150,-60,1647445338.428317000,52.94.176.92
1151,1514,1647445338.428352000,192.168.10.155
1152,1514,1647445338.428365000,192.168.10.155
1153,1514,1647445338.428373000,192.168.10.155
1154,1514,1647445338.428376000,192.168.10.155
1155,1514,1647445338.428718000,192.168.10.155
1156,1514,1647445338.428731000,192.168.10.155
1157,1514,1647445338.428734000,192.168.10.155
1158,1514,1647445338.428740000,192.168.10.155
1159,1514,1647445338.428742000,192.168.10.155
1160,1514,1647445338.429099000,192.168.10.155
1161,1514,1647445338.429105000,192.168.10.155
1162,1514,1647445338.429111000,192.168.10.155
1163,1514,1647445338.429113000,192.168.10.155
1164,-60,1647445338.429301000,52.94.176.92
1165,1514,1647445338.429707000,192.168.10.155
1166,1514,1647445338.429724000,192.168.10.155
1167,1514,1647445338.429727000,192.168.10.155
1168,1514,1647445338.429733000,192.168.10.155
1169,1514,1647445338.429735000,192.168.10.155
1170,1514,1647445338.430108000,192.168.10.155
1171,1514,1647445338.430120000,192.168.10.155
1172,124,1647445338.431003000,192.168.10.155
1173,109,1647445338.434437000,192.168.10.155
1174,78,1647445338.434464000,192.168.10.155
1175,85,1647445338.435088000,192.168.10.155
1176,54,1647445338.435513000,192.168.10.155
1177,-66,1647445338.452105000,52.32.181.16
1178,-104,1647445338.457087000,52.32.181.16
1179,54,1647445338.457118000,192.168.10.155
1180,-66,1647445338.488303000,52.94.215.169
1181,54,1647445338.488320000,192.168.10.155
1182,-66,1647445338.511670000,52.94.176.92
1183,54,1647445338.511693000,192.168.10.155
1184,-60,1647445338.535303000,52.94.176.92
1185,-60,1647445338.535304000,52.94.176.92
1186,1514,1647445338.535332000,192.168.10.155
1187,1514,1647445338.535344000,192.168.10.155
1188,1514,1647445338.535346000,192.168.10.155
1189,1514,1647445338.535355000,192.168.10.155
1190,1514,1647445338.535357000,192.168.10.155
1191,1514,1647445338.535359000,192.168.10.155
1192,1514,1647445338.535847000,192.168.10.155
1193,1514,1647445338.535851000,192.168.10.155
1194,1514,1647445338.535852000,192.168.10.155
1195,1514,1647445338.535856000,192.168.10.155
1196,1514,1647445338.535858000,192.168.10.155
1197,1514,1647445338.535859000,192.168.10.155
1198,1514,1647445338.536249000,192.168.10.155
1199,1514,1647445338.536251000,192.168.10.155
1200,1514,1647445338.536253000,192.168.10.155
1201,362,1647445338.536254000,192.168.10.155
1202,-60,1647445338.537055000,52.94.176.92
1203,-74,1647445338.542040000,52.32.181.16
1204,54,1647445338.542058000,192.168.10.155
1205,-78,1647445338.543678000,52.32.181.16
1206,54,1647445338.543682000,192.168.10.155
1207,-78,1647445338.549563000,52.32.181.16
1208,-78,1647445338.549564000,52.32.181.16
1209,54,1647445338.549568000,192.168.10.155
1210,54,1647445338.549573000,192.168.10.155
1211,-659,1647445338.553141000,52.94.176.92
1212,54,1647445338.553169000,192.168.10.155
1213,-105,1647445338.553887000,52.94.176.92
1214,-60,1647445338.553888000,52.94.176.92
1215,54,1647445338.553893000,192.168.10.155
1216,54,1647445338.553900000,192.168.10.155
1217,-66,1647445338.556369000,52.94.234.174
1218,54,1647445338.556375000,192.168.10.155
1219,-60,1647445338.643118000,52.94.176.92
1220,-60,1647445338.643118000,52.94.176.92
1221,-85,1647445338.644320000,52.94.176.92
1222,-60,1647445338.644321000,52.94.176.92
1223,54,1647445338.644347000,192.168.10.155
1224,54,1647445338.644367000,192.168.10.155
