index,size,time,ip
0,-2802,1649351493.358610000,18.65.123.10
1,-9642,1649351493.360726000,18.65.123.10
2,-4170,1649351493.360728000,18.65.123.10
3,-4170,1649351493.360773000,18.65.123.10
4,-4170,1649351493.360774000,18.65.123.10
5,-4170,1649351493.360776000,18.65.123.10
6,-4170,1649351493.360784000,18.65.123.10
7,-4170,1649351493.360786000,18.65.123.10
8,-2802,1649351493.360787000,18.65.123.10
9,-4170,1649351493.360836000,18.65.123.10
10,-4170,1649351493.360837000,18.65.123.10
11,-4170,1649351493.360839000,18.65.123.10
12,-4170,1649351493.360868000,18.65.123.10
13,-2802,1649351493.360869000,18.65.123.10
14,-1434,1649351493.361094000,18.65.123.10
15,-4170,1649351493.361096000,18.65.123.10
16,-4170,1649351493.361098000,18.65.123.10
17,583,1649351493.361210000,10.11.219.6
18,66,1649351493.361662000,10.11.219.6
19,549,1649351493.361798000,10.11.219.6
20,-4170,1649351493.363635000,18.65.123.10
21,-4170,1649351493.363637000,18.65.123.10
22,66,1649351493.363652000,10.11.219.6
23,66,1649351493.363692000,10.11.219.6
24,-4170,1649351493.366211000,18.65.123.10
25,-2802,1649351493.366212000,18.65.123.10
26,66,1649351493.366306000,10.11.219.6
27,-1434,1649351493.366387000,18.65.123.10
28,-4170,1649351493.366388000,18.65.123.10
29,-4170,1649351493.366389000,18.65.123.10
30,-4170,1649351493.366389000,18.65.123.10
31,66,1649351493.366397000,10.11.219.6
32,66,1649351493.366424000,10.11.219.6
33,-4170,1649351493.366436000,18.65.123.10
34,66,1649351493.366449000,10.11.219.6
35,-2802,1649351493.368106000,18.65.123.10
36,-4170,1649351493.368107000,18.65.123.10
37,-4170,1649351493.368108000,18.65.123.10
38,66,1649351493.368113000,10.11.219.6
39,-4170,1649351493.368134000,18.65.123.10
40,-4170,1649351493.368134000,18.65.123.10
41,-4170,1649351493.368135000,18.65.123.10
42,-4170,1649351493.368154000,18.65.123.10
43,-4170,1649351493.368155000,18.65.123.10
44,-4170,1649351493.368156000,18.65.123.10
45,-66,1649351493.368161000,184.25.233.138
46,66,1649351493.368166000,10.11.219.6
47,66,1649351493.368207000,10.11.219.6
48,-4170,1649351493.369460000,18.65.123.10
49,-2802,1649351493.369461000,184.25.233.138
50,-1426,1649351493.369461000,184.25.233.138
51,-4170,1649351493.369462000,18.65.123.10
52,66,1649351493.369468000,10.11.219.6
53,66,1649351493.369477000,10.11.219.6
54,66,1649351493.369484000,10.11.219.6
55,66,1649351493.369513000,10.11.219.6
56,-1188,1649351493.371700000,184.25.233.138
57,-4170,1649351493.371702000,18.65.123.10
58,-66,1649351493.371702000,18.65.116.118
59,-4170,1649351493.371703000,18.65.123.10
60,66,1649351493.371723000,10.11.219.6
61,-2802,1649351493.371768000,18.65.116.118
62,-1058,1649351493.371768000,18.65.116.118
63,-4170,1649351493.371769000,18.65.123.10
64,66,1649351493.371773000,10.11.219.6
65,66,1649351493.371778000,10.11.219.6
66,66,1649351493.371789000,10.11.219.6
67,66,1649351493.371865000,10.11.219.6
68,-4170,1649351493.374002000,18.65.123.10
69,-4170,1649351493.374003000,18.65.123.10
70,66,1649351493.374022000,10.11.219.6
71,-2802,1649351493.375640000,18.65.123.10
72,-12378,1649351493.375643000,18.65.123.10
73,-2802,1649351493.375670000,18.65.123.10
74,-9642,1649351493.376078000,18.65.123.10
75,-6906,1649351493.376082000,18.65.123.10
76,-5538,1649351493.377098000,18.65.123.10
77,-3651,1649351493.377100000,18.65.123.10
78,192,1649351493.377217000,10.11.219.6
79,66,1649351493.377759000,10.11.219.6
80,90,1649351493.378593000,10.11.219.6
81,66,1649351493.378635000,10.11.219.6
82,-66,1649351493.382475000,184.25.233.138
83,-54,1649351493.382476000,18.65.123.10
84,-324,1649351493.382477000,184.25.233.138
85,66,1649351493.382522000,10.11.219.6
86,243,1649351493.426453000,10.11.219.6
87,612,1649351493.426483000,10.11.219.6
88,74,1649351493.426817000,10.11.219.6
89,74,1649351493.426885000,10.11.219.6
90,-66,1649351493.429562000,184.25.233.138
91,-66,1649351493.429563000,184.25.233.138
92,-74,1649351493.430662000,18.65.116.40
93,-74,1649351493.430662000,18.65.123.10
94,66,1649351493.430677000,10.11.219.6
95,66,1649351493.430690000,10.11.219.6
96,282,1649351493.430769000,10.11.219.6
97,583,1649351493.432617000,10.11.219.6
98,-66,1649351493.433854000,18.65.116.40
99,-2802,1649351493.437520000,18.65.116.40
100,-143,1649351493.437521000,184.25.233.138
101,-66,1649351493.437522000,18.65.123.10
102,66,1649351493.437548000,10.11.219.6
103,66,1649351493.437580000,10.11.219.6
104,104,1649351493.437684000,10.11.219.6
105,-1229,1649351493.440456000,18.65.116.40
106,-2802,1649351493.440458000,18.65.123.10
107,-1328,1649351493.440459000,18.65.123.10
108,66,1649351493.440480000,10.11.219.6
109,66,1649351493.440506000,10.11.219.6
110,66,1649351493.440516000,10.11.219.6
111,-66,1649351493.441362000,184.25.233.138
112,159,1649351493.443076000,10.11.219.6
113,-66,1649351493.445640000,18.65.116.40
114,-237,1649351493.446729000,18.65.116.40
115,-135,1649351493.446730000,18.65.116.40
116,66,1649351493.446750000,10.11.219.6
117,66,1649351493.446774000,10.11.219.6
118,243,1649351493.449097000,10.11.219.6
119,427,1649351493.449130000,10.11.219.6
120,130,1649351493.449523000,10.11.219.6
121,104,1649351493.449613000,10.11.219.6
122,499,1649351493.449654000,10.11.219.6
123,-66,1649351493.452141000,18.65.116.40
124,-66,1649351493.452142000,18.65.116.40
125,-104,1649351493.452142000,18.65.116.40
126,-66,1649351493.452142000,18.65.123.10
127,-396,1649351493.452143000,18.65.116.40
128,-66,1649351493.452143000,18.65.123.10
129,-66,1649351493.452143000,18.65.116.40
130,66,1649351493.452164000,10.11.219.6
131,66,1649351493.452187000,10.11.219.6
132,-610,1649351493.453151000,18.65.123.10
133,-90,1649351493.453151000,18.65.123.10
134,66,1649351493.453162000,10.11.219.6
135,90,1649351493.453330000,10.11.219.6
136,66,1649351493.453343000,10.11.219.6
137,74,1649351493.456364000,10.11.219.6
138,-54,1649351493.456529000,18.65.123.10
139,-74,1649351493.459860000,18.65.123.10
140,66,1649351493.459895000,10.11.219.6
141,583,1649351493.462713000,10.11.219.6
142,-66,1649351493.471898000,18.65.123.10
143,-2802,1649351493.471900000,18.65.123.10
144,-1328,1649351493.471901000,18.65.123.10
145,66,1649351493.471932000,10.11.219.6
146,66,1649351493.471960000,10.11.219.6
147,130,1649351493.475922000,10.11.219.6
148,500,1649351493.476089000,10.11.219.6
149,538,1649351493.477062000,10.11.219.6
150,-97,1649351493.477996000,44.241.185.165
151,-66,1649351493.477997000,44.241.185.165
152,54,1649351493.478017000,10.11.219.6
153,54,1649351493.478031000,10.11.219.6
154,-66,1649351493.479126000,18.65.123.10
155,-66,1649351493.479127000,18.65.123.10
156,-610,1649351493.479127000,18.65.123.10
157,-90,1649351493.479128000,18.65.123.10
158,66,1649351493.479140000,10.11.219.6
159,90,1649351493.479336000,10.11.219.6
160,66,1649351493.479357000,10.11.219.6
161,-66,1649351493.480193000,18.65.116.118
162,-1059,1649351493.480194000,18.65.116.118
163,66,1649351493.480209000,10.11.219.6
164,74,1649351493.480747000,10.11.219.6
165,-54,1649351493.482265000,18.65.123.10
166,561,1649351493.482728000,10.11.219.6
167,-74,1649351493.485489000,18.65.123.10
168,66,1649351493.485513000,10.11.219.6
169,-83,1649351493.486683000,18.65.116.118
170,-1434,1649351493.486684000,18.65.116.118
171,78,1649351493.486699000,10.11.219.6
172,66,1649351493.486715000,10.11.219.6
173,583,1649351493.489856000,10.11.219.6
174,-66,1649351493.493052000,18.65.123.10
175,-2802,1649351493.494236000,18.65.123.10
176,66,1649351493.494248000,10.11.219.6
177,-1328,1649351493.495224000,18.65.123.10
178,66,1649351493.495238000,10.11.219.6
179,130,1649351493.499344000,10.11.219.6
180,494,1649351493.499501000,10.11.219.6
181,-66,1649351493.502069000,18.65.123.10
182,-66,1649351493.502906000,18.65.123.10
183,-4170,1649351493.502907000,18.65.123.10
184,66,1649351493.502926000,10.11.219.6
185,-366,1649351493.503917000,18.65.123.10
186,-1434,1649351493.503918000,18.65.123.10
187,78,1649351493.503929000,10.11.219.6
188,78,1649351493.503941000,10.11.219.6
189,-1434,1649351493.505977000,18.65.123.10
190,-90,1649351493.505978000,18.65.123.10
191,66,1649351493.506003000,10.11.219.6
192,90,1649351493.506241000,10.11.219.6
193,66,1649351493.506263000,10.11.219.6
194,-54,1649351493.509257000,18.65.123.10
195,74,1649351493.540406000,10.11.219.6
196,-74,1649351493.543333000,18.65.123.10
197,66,1649351493.543365000,10.11.219.6
198,583,1649351493.545920000,10.11.219.6
199,-66,1649351493.549913000,18.65.123.10
200,-2802,1649351493.549915000,18.65.123.10
201,66,1649351493.549933000,10.11.219.6
202,-1328,1649351493.551987000,18.65.123.10
203,66,1649351493.551997000,10.11.219.6
204,130,1649351493.556983000,10.11.219.6
205,495,1649351493.557342000,10.11.219.6
206,-66,1649351493.559664000,18.65.123.10
207,-66,1649351493.559664000,18.65.123.10
208,-642,1649351493.561859000,18.65.123.10
209,-90,1649351493.561860000,18.65.123.10
210,66,1649351493.561869000,10.11.219.6
211,90,1649351493.562094000,10.11.219.6
212,66,1649351493.562114000,10.11.219.6
213,74,1649351493.563572000,10.11.219.6
214,-54,1649351493.565029000,18.65.123.10
215,-74,1649351493.566266000,18.65.123.10
216,66,1649351493.566301000,10.11.219.6
217,583,1649351493.569075000,10.11.219.6
218,-66,1649351493.574902000,18.65.123.10
219,-2802,1649351493.574905000,18.65.123.10
220,-1328,1649351493.574906000,18.65.123.10
221,66,1649351493.574966000,10.11.219.6
222,66,1649351493.575033000,10.11.219.6
223,130,1649351493.579305000,10.11.219.6
224,500,1649351493.579442000,10.11.219.6
225,-66,1649351493.582870000,18.65.123.10
226,-66,1649351493.582870000,18.65.123.10
227,-8274,1649351493.582872000,18.65.123.10
228,66,1649351493.582897000,10.11.219.6
229,-2802,1649351493.584678000,18.65.123.10
230,66,1649351493.584695000,10.11.219.6
231,-5528,1649351493.587239000,18.65.123.10
232,66,1649351493.587253000,10.11.219.6
233,-15114,1649351493.587406000,18.65.123.10
234,66,1649351493.587417000,10.11.219.6
235,-6906,1649351493.587455000,18.65.123.10
236,66,1649351493.587463000,10.11.219.6
237,-16482,1649351493.589129000,18.65.123.10
238,66,1649351493.589174000,10.11.219.6
239,-12378,1649351493.590551000,18.65.123.10
240,66,1649351493.590568000,10.11.219.6
241,-2802,1649351493.591247000,18.65.123.10
242,66,1649351493.591255000,10.11.219.6
243,-4314,1649351493.593361000,18.65.123.10
244,66,1649351493.593382000,10.11.219.6
245,90,1649351493.593650000,10.11.219.6
246,66,1649351493.593682000,10.11.219.6
247,74,1649351493.595972000,10.11.219.6
248,-54,1649351493.596503000,18.65.123.10
249,-74,1649351493.599931000,18.65.123.10
250,66,1649351493.599972000,10.11.219.6
251,583,1649351493.603931000,10.11.219.6
252,-66,1649351493.606627000,18.65.123.10
253,-2802,1649351493.607836000,18.65.123.10
254,66,1649351493.607848000,10.11.219.6
255,-1328,1649351493.611027000,18.65.123.10
256,66,1649351493.611060000,10.11.219.6
257,130,1649351493.614189000,10.11.219.6
258,501,1649351493.614405000,10.11.219.6
259,-66,1649351493.616434000,18.65.123.10
260,-66,1649351493.618626000,18.65.123.10
261,-675,1649351493.618627000,18.65.123.10
262,-90,1649351493.618627000,18.65.123.10
263,66,1649351493.618647000,10.11.219.6
264,90,1649351493.618994000,10.11.219.6
265,66,1649351493.619029000,10.11.219.6
266,-54,1649351493.621669000,18.65.123.10
267,74,1649351493.621888000,10.11.219.6
268,-74,1649351493.624843000,18.65.123.10
269,66,1649351493.624872000,10.11.219.6
270,583,1649351493.628347000,10.11.219.6
271,-66,1649351493.631380000,18.65.123.10
272,-2802,1649351493.637046000,18.65.123.10
273,-1328,1649351493.637047000,18.65.123.10
274,66,1649351493.637063000,10.11.219.6
275,66,1649351493.637091000,10.11.219.6
276,130,1649351493.643781000,10.11.219.6
277,508,1649351493.644118000,10.11.219.6
278,-66,1649351493.646358000,18.65.123.10
279,-66,1649351493.647869000,18.65.123.10
280,-4102,1649351493.647871000,18.65.123.10
281,-90,1649351493.647871000,18.65.123.10
282,66,1649351493.647887000,10.11.219.6
283,90,1649351493.648201000,10.11.219.6
284,66,1649351493.648226000,10.11.219.6
285,74,1649351493.650002000,10.11.219.6
286,-914,1649351493.651152000,184.25.233.138
287,-54,1649351493.651153000,18.65.123.10
288,66,1649351493.651169000,10.11.219.6
289,-74,1649351493.653186000,18.65.123.10
290,66,1649351493.653225000,10.11.219.6
291,-207,1649351493.657395000,184.25.233.138
292,66,1649351493.657424000,10.11.219.6
293,583,1649351493.658656000,10.11.219.6
294,-1426,1649351493.658817000,184.25.233.138
295,78,1649351493.658850000,10.11.219.6
296,-1434,1649351493.661103000,184.25.233.138
297,-1426,1649351493.661104000,184.25.233.138
298,66,1649351493.661130000,10.11.219.6
299,78,1649351493.661155000,10.11.219.6
300,-1434,1649351493.662620000,184.25.233.138
301,-2802,1649351493.662621000,184.25.233.138
302,-2786,1649351493.662622000,184.25.233.138
303,-935,1649351493.662622000,184.25.233.138
304,-66,1649351493.662622000,18.65.123.10
305,-2802,1649351493.662623000,18.65.123.10
306,66,1649351493.662643000,10.11.219.6
307,66,1649351493.662660000,10.11.219.6
308,66,1649351493.662671000,10.11.219.6
309,66,1649351493.662679000,10.11.219.6
310,-1328,1649351493.666733000,18.65.123.10
311,66,1649351493.666818000,10.11.219.6
312,130,1649351493.671777000,10.11.219.6
313,506,1649351493.671988000,10.11.219.6
314,-66,1649351493.673932000,18.65.123.10
315,-66,1649351493.675218000,18.65.123.10
316,-1434,1649351493.675220000,18.65.123.10
317,-86,1649351493.675221000,18.65.123.10
318,-1434,1649351493.675221000,18.65.123.10
319,-90,1649351493.675221000,18.65.123.10
320,66,1649351493.675271000,10.11.219.6
321,78,1649351493.675313000,10.11.219.6
322,66,1649351493.675318000,10.11.219.6
323,90,1649351493.675701000,10.11.219.6
324,66,1649351493.675719000,10.11.219.6
325,-54,1649351493.678170000,18.65.123.10
326,74,1649351493.680385000,10.11.219.6
327,-74,1649351493.684726000,18.65.123.10
328,66,1649351493.684753000,10.11.219.6
329,583,1649351493.686795000,10.11.219.6
330,-66,1649351493.691446000,18.65.123.10
331,-2802,1649351493.691447000,18.65.123.10
332,66,1649351493.691485000,10.11.219.6
333,-1328,1649351493.695630000,18.65.123.10
334,66,1649351493.695649000,10.11.219.6
335,130,1649351493.697703000,10.11.219.6
336,518,1649351493.697833000,10.11.219.6
337,-66,1649351493.699987000,18.65.123.10
338,-66,1649351493.701127000,18.65.123.10
339,-996,1649351493.701128000,18.65.123.10
340,-90,1649351493.701128000,18.65.123.10
341,66,1649351493.701146000,10.11.219.6
342,90,1649351493.701342000,10.11.219.6
343,66,1649351493.701358000,10.11.219.6
344,-54,1649351493.704532000,18.65.123.10
345,74,1649351493.734301000,10.11.219.6
346,-74,1649351493.737793000,18.65.123.10
347,66,1649351493.737823000,10.11.219.6
348,583,1649351493.741021000,10.11.219.6
349,74,1649351493.741260000,10.11.219.6
350,74,1649351493.741458000,10.11.219.6
351,74,1649351493.741579000,10.11.219.6
352,74,1649351493.741671000,10.11.219.6
353,74,1649351493.742129000,10.11.219.6
354,-66,1649351493.744262000,18.65.123.10
355,547,1649351493.744263000,10.11.219.6
356,-2802,1649351493.746673000,18.65.123.10
357,66,1649351493.746683000,10.11.219.6
358,-1328,1649351493.748715000,18.65.123.10
359,-1069,1649351493.748716000,18.65.116.118
360,66,1649351493.748725000,10.11.219.6
361,130,1649351493.751850000,10.11.219.6
362,518,1649351493.752053000,10.11.219.6
363,570,1649351493.752690000,10.11.219.6
364,-74,1649351493.752971000,151.101.109.16
365,-74,1649351493.752972000,151.101.109.16
366,-74,1649351493.752972000,151.101.109.16
367,-74,1649351493.752972000,151.101.109.16
368,66,1649351493.752992000,10.11.219.6
369,66,1649351493.753004000,10.11.219.6
370,66,1649351493.753008000,10.11.219.6
371,66,1649351493.753012000,10.11.219.6
372,-74,1649351493.754055000,151.101.109.16
373,66,1649351493.754071000,10.11.219.6
374,-66,1649351493.755226000,18.65.123.10
375,-66,1649351493.755227000,18.65.123.10
376,-675,1649351493.755227000,18.65.123.10
377,-90,1649351493.755227000,18.65.123.10
378,66,1649351493.755268000,10.11.219.6
379,583,1649351493.757369000,10.11.219.6
380,-468,1649351493.758877000,18.65.116.118
381,-1434,1649351493.758878000,18.65.116.118
382,78,1649351493.758904000,10.11.219.6
383,66,1649351493.758923000,10.11.219.6
384,583,1649351493.762637000,10.11.219.6
385,583,1649351493.764389000,10.11.219.6
386,583,1649351493.766072000,10.11.219.6
387,90,1649351493.766354000,10.11.219.6
388,66,1649351493.766378000,10.11.219.6
389,583,1649351493.769339000,10.11.219.6
390,-54,1649351493.769540000,18.65.123.10
391,-66,1649351493.769541000,151.101.109.16
392,74,1649351493.769747000,10.11.219.6
393,192,1649351493.770140000,10.11.219.6
394,-2802,1649351493.774088000,151.101.109.16
395,-914,1649351493.774089000,151.101.109.16
396,-1434,1649351493.774090000,151.101.109.16
397,-66,1649351493.774094000,18.65.116.40
398,-74,1649351493.774094000,18.65.123.10
399,-396,1649351493.774094000,18.65.116.40
400,-66,1649351493.774094000,151.101.109.16
401,66,1649351493.774149000,10.11.219.6
402,78,1649351493.774211000,10.11.219.6
403,66,1649351493.774224000,10.11.219.6
404,66,1649351493.774259000,10.11.219.6
405,66,1649351493.774267000,10.11.219.6
406,-66,1649351493.777332000,151.101.109.16
407,-2802,1649351493.777333000,151.101.109.16
408,-914,1649351493.777333000,151.101.109.16
409,-1434,1649351493.777333000,151.101.109.16
410,66,1649351493.777354000,10.11.219.6
411,78,1649351493.777369000,10.11.219.6
412,66,1649351493.777372000,10.11.219.6
413,583,1649351493.778206000,10.11.219.6
414,-66,1649351493.779797000,151.101.109.16
415,-2802,1649351493.779798000,151.101.109.16
416,-914,1649351493.779798000,151.101.109.16
417,-2802,1649351493.779799000,151.101.109.16
418,-1434,1649351493.779799000,151.101.109.16
419,-1434,1649351493.779800000,151.101.109.16
420,66,1649351493.779816000,10.11.219.6
421,78,1649351493.779826000,10.11.219.6
422,66,1649351493.779830000,10.11.219.6
423,66,1649351493.779835000,10.11.219.6
424,66,1649351493.779839000,10.11.219.6
425,-914,1649351493.780936000,151.101.109.16
426,-4162,1649351493.780938000,184.25.233.138
427,-2802,1649351493.780938000,184.25.233.138
428,66,1649351493.780951000,10.11.219.6
429,66,1649351493.780963000,10.11.219.6
430,-1434,1649351493.781835000,184.25.233.138
431,-66,1649351493.781835000,151.101.109.16
432,-4170,1649351493.781836000,184.25.233.138
433,-66,1649351493.781837000,18.65.123.10
434,-2802,1649351493.783858000,184.25.233.138
435,66,1649351493.783949000,10.11.219.6
436,-1410,1649351493.785037000,184.25.233.138
437,-2802,1649351493.785038000,18.65.123.10
438,-2802,1649351493.785039000,151.101.109.16
439,-914,1649351493.785040000,151.101.109.16
440,-1328,1649351493.785040000,18.65.123.10
441,-815,1649351493.785041000,184.25.233.138
442,66,1649351493.785056000,10.11.219.6
443,66,1649351493.785069000,10.11.219.6
444,66,1649351493.785075000,10.11.219.6
445,78,1649351493.785082000,10.11.219.6
446,66,1649351493.785090000,10.11.219.6
447,66,1649351493.785096000,10.11.219.6
448,-1434,1649351493.785103000,151.101.109.16
449,66,1649351493.785109000,10.11.219.6
450,-2802,1649351493.790507000,184.25.233.138
451,66,1649351493.790535000,10.11.219.6
452,-1426,1649351493.790578000,184.25.233.138
453,-1434,1649351493.790579000,184.25.233.138
454,-2802,1649351493.790584000,184.25.233.138
455,78,1649351493.790592000,10.11.219.6
456,66,1649351493.790600000,10.11.219.6
457,66,1649351493.790604000,10.11.219.6
458,-2794,1649351493.792030000,184.25.233.138
459,-2802,1649351493.792031000,184.25.233.138
460,66,1649351493.792063000,10.11.219.6
461,-5538,1649351493.792900000,184.25.233.138
462,-1434,1649351493.792901000,184.25.233.138
463,66,1649351493.793279000,10.11.219.6
464,-6882,1649351493.793890000,184.25.233.138
465,66,1649351493.793897000,10.11.219.6
466,-2316,1649351493.795763000,184.25.233.138
467,66,1649351493.795774000,10.11.219.6
468,130,1649351493.803242000,10.11.219.6
469,130,1649351493.803651000,10.11.219.6
470,236,1649351493.804231000,10.11.219.6
471,546,1649351493.804264000,10.11.219.6
472,236,1649351493.805091000,10.11.219.6
473,668,1649351493.805122000,10.11.219.6
474,-2802,1649351493.807472000,184.25.233.138
475,-2802,1649351493.807571000,184.25.233.138
476,-1426,1649351493.807572000,184.25.233.138
477,-1434,1649351493.807573000,184.25.233.138
478,-8266,1649351493.807575000,184.25.233.138
479,78,1649351493.807601000,10.11.219.6
480,66,1649351493.807628000,10.11.219.6
481,130,1649351493.808065000,10.11.219.6
482,66,1649351493.809393000,10.11.219.6
483,130,1649351493.809965000,10.11.219.6
484,130,1649351493.810499000,10.11.219.6
485,253,1649351493.811013000,10.11.219.6
486,178,1649351493.811408000,10.11.219.6
487,253,1649351493.812006000,10.11.219.6
488,253,1649351493.812285000,10.11.219.6
489,90,1649351493.812320000,10.11.219.6
490,66,1649351493.812334000,10.11.219.6
491,684,1649351493.812740000,10.11.219.6
492,169,1649351493.813020000,10.11.219.6
493,-12378,1649351493.813114000,184.25.233.138
494,66,1649351493.813128000,10.11.219.6
495,-1434,1649351493.813146000,184.25.233.138
496,90,1649351493.813569000,10.11.219.6
497,66,1649351493.813585000,10.11.219.6
498,90,1649351493.813653000,10.11.219.6
499,66,1649351493.813661000,10.11.219.6
500,130,1649351493.813840000,10.11.219.6
501,517,1649351493.814036000,10.11.219.6
502,-10986,1649351493.815799000,184.25.233.138
503,66,1649351493.815807000,10.11.219.6
504,-2802,1649351493.815841000,184.25.233.138
505,-310,1649351493.815842000,184.25.233.138
506,-1434,1649351493.815843000,184.25.233.138
507,66,1649351493.815856000,10.11.219.6
508,78,1649351493.815866000,10.11.219.6
509,66,1649351493.815871000,10.11.219.6
510,-8266,1649351493.816048000,184.25.233.138
511,-8266,1649351493.816050000,184.25.233.138
512,66,1649351493.816057000,10.11.219.6
513,-66,1649351493.816076000,151.101.109.16
514,66,1649351493.816092000,10.11.219.6
515,-66,1649351493.816663000,151.101.109.16
516,-66,1649351493.816663000,18.65.123.10
517,-66,1649351493.816663000,151.101.109.16
518,-66,1649351493.816663000,151.101.109.16
519,-125,1649351493.816664000,151.101.109.16
520,66,1649351493.816678000,10.11.219.6
521,97,1649351493.816727000,10.11.219.6
522,-66,1649351493.817458000,151.101.109.16
523,-66,1649351493.817459000,151.101.109.16
524,-2802,1649351493.817459000,151.101.109.16
525,-2802,1649351493.817460000,151.101.109.16
526,-2802,1649351493.817460000,151.101.109.16
527,66,1649351493.817470000,10.11.219.6
528,66,1649351493.817479000,10.11.219.6
529,66,1649351493.817484000,10.11.219.6
530,-125,1649351493.817487000,151.101.109.16
531,66,1649351493.817492000,10.11.219.6
532,97,1649351493.817761000,10.11.219.6
533,-4170,1649351493.820973000,151.101.109.16
534,-4170,1649351493.820976000,151.101.109.16
535,-2802,1649351493.820977000,151.101.109.16
536,66,1649351493.820997000,10.11.219.6
537,66,1649351493.821021000,10.11.219.6
538,66,1649351493.821025000,10.11.219.6
539,-4170,1649351493.821046000,151.101.109.16
540,-2802,1649351493.821049000,151.101.109.16
541,-66,1649351493.821049000,18.65.123.10
542,-1434,1649351493.821050000,151.101.109.16
543,66,1649351493.821057000,10.11.219.6
544,66,1649351493.821073000,10.11.219.6
545,66,1649351493.821077000,10.11.219.6
546,-2802,1649351493.821107000,151.101.109.16
547,-772,1649351493.821108000,18.65.123.10
548,-2802,1649351493.821109000,184.25.233.138
549,-803,1649351493.821109000,184.25.233.138
550,-2802,1649351493.821109000,151.101.109.16
551,66,1649351493.821114000,10.11.219.6
552,66,1649351493.821119000,10.11.219.6
553,66,1649351493.821123000,10.11.219.6
554,78,1649351493.821134000,10.11.219.6
555,66,1649351493.821145000,10.11.219.6
556,-90,1649351493.821153000,18.65.123.10
557,-66,1649351493.821153000,151.101.109.16
558,-1434,1649351493.821154000,184.25.233.138
559,66,1649351493.821169000,10.11.219.6
560,90,1649351493.821744000,10.11.219.6
561,66,1649351493.821760000,10.11.219.6
562,-2802,1649351493.822710000,151.101.109.16
563,-4170,1649351493.822712000,151.101.109.16
564,-2802,1649351493.822712000,151.101.109.16
565,-2802,1649351493.822713000,151.101.109.16
566,66,1649351493.822725000,10.11.219.6
567,66,1649351493.822739000,10.11.219.6
568,66,1649351493.822744000,10.11.219.6
569,66,1649351493.822766000,10.11.219.6
570,-1434,1649351493.823883000,151.101.109.16
571,-2802,1649351493.823885000,151.101.109.16
572,-4170,1649351493.823886000,151.101.109.16
573,-2802,1649351493.823886000,151.101.109.16
574,66,1649351493.823915000,10.11.219.6
575,66,1649351493.823945000,10.11.219.6
576,66,1649351493.824638000,10.11.219.6
577,-66,1649351493.825365000,151.101.109.16
578,-66,1649351493.825367000,151.101.109.16
579,-2802,1649351493.825368000,151.101.109.16
580,66,1649351493.825409000,10.11.219.6
581,-1434,1649351493.826687000,151.101.109.16
582,-66,1649351493.826689000,151.101.109.16
583,-2802,1649351493.826690000,151.101.109.16
584,-4170,1649351493.826693000,151.101.109.16
585,-2802,1649351493.826694000,151.101.109.16
586,66,1649351493.826767000,10.11.219.6
587,66,1649351493.826827000,10.11.219.6
588,-2350,1649351493.826872000,151.101.109.16
589,-66,1649351493.826873000,151.101.109.16
590,-125,1649351493.826873000,151.101.109.16
591,-2802,1649351493.826874000,151.101.109.16
592,-66,1649351493.826875000,151.101.109.16
593,-66,1649351493.826875000,151.101.109.16
594,54,1649351493.826931000,10.11.219.6
595,66,1649351493.826965000,10.11.219.6
596,66,1649351493.826974000,10.11.219.6
597,54,1649351493.826987000,10.11.219.6
598,-66,1649351493.827022000,151.101.109.16
599,-90,1649351493.827022000,151.101.109.16
600,54,1649351493.827042000,10.11.219.6
601,54,1649351493.827053000,10.11.219.6
602,-66,1649351493.827116000,151.101.109.16
603,-66,1649351493.827116000,151.101.109.16
604,-125,1649351493.827116000,151.101.109.16
605,-66,1649351493.827117000,151.101.109.16
606,54,1649351493.827126000,10.11.219.6
607,54,1649351493.827153000,10.11.219.6
608,-2802,1649351493.827309000,151.101.109.16
609,-66,1649351493.827310000,151.101.109.16
610,-66,1649351493.827310000,151.101.109.16
611,-66,1649351493.827311000,151.101.109.16
612,-90,1649351493.827311000,151.101.109.16
613,54,1649351493.827344000,10.11.219.6
614,66,1649351493.827353000,10.11.219.6
615,54,1649351493.827364000,10.11.219.6
616,-66,1649351493.828675000,151.101.109.16
617,-66,1649351493.828675000,151.101.109.16
618,-54,1649351493.828676000,18.65.123.10
619,-1434,1649351493.828676000,151.101.109.16
620,-66,1649351493.828677000,151.101.109.16
621,-2802,1649351493.828678000,151.101.109.16
622,-66,1649351493.828678000,151.101.109.16
623,54,1649351493.828695000,10.11.219.6
624,54,1649351493.828711000,10.11.219.6
625,66,1649351493.828743000,10.11.219.6
626,-4170,1649351493.832643000,151.101.109.16
627,-2802,1649351493.832645000,151.101.109.16
628,-66,1649351493.832645000,151.101.109.16
629,-4170,1649351493.832646000,151.101.109.16
630,66,1649351493.832670000,10.11.219.6
631,66,1649351493.832698000,10.11.219.6
632,66,1649351493.832715000,10.11.219.6
633,-5538,1649351493.832754000,151.101.109.16
634,66,1649351493.832760000,10.11.219.6
635,-5538,1649351493.834281000,151.101.109.16
636,-5538,1649351493.834283000,151.101.109.16
637,66,1649351493.834299000,10.11.219.6
638,66,1649351493.834317000,10.11.219.6
639,-90,1649351493.834339000,151.101.109.16
640,-66,1649351493.834340000,151.101.109.16
641,-5538,1649351493.834341000,151.101.109.16
642,54,1649351493.834356000,10.11.219.6
643,54,1649351493.834366000,10.11.219.6
644,66,1649351493.834372000,10.11.219.6
645,-5538,1649351493.834391000,151.101.109.16
646,66,1649351493.834403000,10.11.219.6
647,-5538,1649351493.838675000,151.101.109.16
648,-6906,1649351493.838686000,151.101.109.16
649,66,1649351493.838762000,10.11.219.6
650,66,1649351493.838853000,10.11.219.6
651,-1434,1649351493.838883000,151.101.109.16
652,66,1649351493.838895000,10.11.219.6
653,-3660,1649351493.839008000,151.101.109.16
654,-6906,1649351493.839013000,151.101.109.16
655,66,1649351493.839033000,10.11.219.6
656,66,1649351493.839050000,10.11.219.6
657,-6906,1649351493.839087000,151.101.109.16
658,66,1649351493.839113000,10.11.219.6
659,-9642,1649351493.840468000,151.101.109.16
660,66,1649351493.840481000,10.11.219.6
661,174,1649351493.842941000,10.11.219.6
662,190,1649351493.843798000,10.11.219.6
663,-8066,1649351493.844114000,151.101.109.16
664,66,1649351493.844125000,10.11.219.6
665,-233,1649351493.845740000,151.101.109.16
666,169,1649351493.845796000,10.11.219.6
667,621,1649351493.847893000,10.11.219.6
668,207,1649351493.848507000,10.11.219.6
669,1180,1649351493.848910000,10.11.219.6
670,302,1649351493.849242000,10.11.219.6
671,297,1649351493.849535000,10.11.219.6
672,304,1649351493.849705000,10.11.219.6
673,177,1649351493.849891000,10.11.219.6
674,-2802,1649351493.854686000,184.25.233.138
675,66,1649351493.854701000,10.11.219.6
676,-8266,1649351493.854855000,184.25.233.138
677,-11002,1649351493.854857000,184.25.233.138
678,66,1649351493.854865000,10.11.219.6
679,66,1649351493.854875000,10.11.219.6
680,-5426,1649351493.854889000,184.25.233.138
681,66,1649351493.854892000,10.11.219.6
682,-66,1649351493.856265000,151.101.109.16
683,-2802,1649351493.856266000,151.101.109.16
684,294,1649351493.856287000,10.11.219.6
685,66,1649351493.856299000,10.11.219.6
686,-2802,1649351493.857555000,151.101.109.16
687,-477,1649351493.857556000,151.101.109.16
688,-1434,1649351493.857556000,151.101.109.16
689,-66,1649351493.857556000,151.101.109.16
690,-600,1649351493.857557000,151.101.109.16
691,-66,1649351493.857557000,151.101.109.16
692,-2802,1649351493.857558000,151.101.109.16
693,66,1649351493.857573000,10.11.219.6
694,78,1649351493.857588000,10.11.219.6
695,66,1649351493.857593000,10.11.219.6
696,66,1649351493.857603000,10.11.219.6
697,-585,1649351493.857608000,151.101.109.16
698,-1434,1649351493.857609000,151.101.109.16
699,78,1649351493.857612000,10.11.219.6
700,66,1649351493.857617000,10.11.219.6
701,-66,1649351493.861935000,151.101.109.16
702,-66,1649351493.861936000,151.101.109.16
703,-11010,1649351493.861939000,151.101.109.16
704,66,1649351493.861964000,10.11.219.6
705,-5036,1649351493.862033000,151.101.109.16
706,66,1649351493.862037000,10.11.219.6
707,-2802,1649351493.864020000,151.101.109.16
708,66,1649351493.864035000,10.11.219.6
709,-12378,1649351493.864321000,151.101.109.16
710,66,1649351493.864327000,10.11.219.6
711,-87,1649351493.864369000,151.101.109.16
712,-1434,1649351493.864369000,151.101.109.16
713,-11010,1649351493.864371000,151.101.109.16
714,78,1649351493.864380000,10.11.219.6
715,66,1649351493.864389000,10.11.219.6
716,66,1649351493.864394000,10.11.219.6
717,-6906,1649351493.866587000,151.101.109.16
718,-6906,1649351493.866589000,151.101.109.16
719,66,1649351493.866602000,10.11.219.6
720,66,1649351493.866620000,10.11.219.6
721,-11010,1649351493.867736000,151.101.109.16
722,66,1649351493.867748000,10.11.219.6
723,-69,1649351493.867803000,184.25.233.138
724,-66,1649351493.867804000,151.101.109.16
725,-66,1649351493.867804000,151.101.109.16
726,-66,1649351493.867804000,151.101.109.16
727,-66,1649351493.867805000,151.101.109.16
728,-66,1649351493.867805000,151.101.109.16
729,-17850,1649351493.867817000,151.101.109.16
730,78,1649351493.867826000,10.11.219.6
731,66,1649351493.867847000,10.11.219.6
732,-1434,1649351493.867854000,184.25.233.138
733,-1434,1649351493.867854000,151.101.109.16
734,66,1649351493.867858000,10.11.219.6
735,211,1649351493.869288000,10.11.219.6
736,-16482,1649351493.869589000,151.101.109.16
737,66,1649351493.869609000,10.11.219.6
738,198,1649351493.869859000,10.11.219.6
739,-66,1649351493.871785000,151.101.109.16
740,-17850,1649351493.871807000,151.101.109.16
741,66,1649351493.871917000,10.11.219.6
742,-5538,1649351493.875796000,151.101.109.16
743,66,1649351493.875871000,10.11.219.6
744,-16482,1649351493.879699000,151.101.109.16
745,66,1649351493.879718000,10.11.219.6
746,-6906,1649351493.879773000,151.101.109.16
747,-11010,1649351493.879781000,151.101.109.16
748,66,1649351493.879792000,10.11.219.6
749,66,1649351493.879801000,10.11.219.6
750,-11010,1649351493.880123000,151.101.109.16
751,66,1649351493.880130000,10.11.219.6
752,-13746,1649351493.880176000,151.101.109.16
753,66,1649351493.880180000,10.11.219.6
754,-9642,1649351493.882777000,151.101.109.16
755,-8274,1649351493.882780000,151.101.109.16
756,66,1649351493.882797000,10.11.219.6
757,66,1649351493.882823000,10.11.219.6
758,-11010,1649351493.883272000,151.101.109.16
759,66,1649351493.883281000,10.11.219.6
760,-608,1649351493.883318000,184.25.233.138
761,-4170,1649351493.883319000,151.101.109.16
762,66,1649351493.883327000,10.11.219.6
763,66,1649351493.883337000,10.11.219.6
764,-5538,1649351493.885231000,151.101.109.16
765,66,1649351493.885244000,10.11.219.6
766,-15114,1649351493.885700000,151.101.109.16
767,66,1649351493.885706000,10.11.219.6
768,-12378,1649351493.885754000,151.101.109.16
769,66,1649351493.885759000,10.11.219.6
770,-13746,1649351493.893298000,151.101.109.16
771,66,1649351493.893314000,10.11.219.6
772,-13746,1649351493.893345000,151.101.109.16
773,66,1649351493.893370000,10.11.219.6
774,-66,1649351493.893443000,151.101.109.16
775,-66,1649351493.893444000,151.101.109.16
776,-28794,1649351493.893451000,151.101.109.16
777,66,1649351493.893471000,10.11.219.6
778,-2802,1649351493.893483000,151.101.109.16
779,66,1649351493.893486000,10.11.219.6
780,74,1649351493.894117000,10.11.219.6
781,-8180,1649351493.895580000,151.101.109.16
782,66,1649351493.895595000,10.11.219.6
783,-2802,1649351493.896257000,151.101.109.16
784,-419,1649351493.896258000,151.101.109.16
785,-1434,1649351493.896258000,151.101.109.16
786,-21954,1649351493.896263000,151.101.109.16
787,66,1649351493.896279000,10.11.219.6
788,78,1649351493.896301000,10.11.219.6
789,66,1649351493.896310000,10.11.219.6
790,66,1649351493.896315000,10.11.219.6
791,-2802,1649351493.898148000,151.101.109.16
792,66,1649351493.898165000,10.11.219.6
793,-5538,1649351493.898640000,151.101.109.16
794,-5538,1649351493.898641000,151.101.109.16
795,66,1649351493.898648000,10.11.219.6
796,66,1649351493.898657000,10.11.219.6
797,-19218,1649351493.898697000,151.101.109.16
798,66,1649351493.898699000,10.11.219.6
799,-8274,1649351493.900581000,151.101.109.16
800,66,1649351493.900590000,10.11.219.6
801,-5538,1649351493.901144000,151.101.109.16
802,-20586,1649351493.901154000,151.101.109.16
803,66,1649351493.901316000,10.11.219.6
804,-11010,1649351493.905805000,151.101.109.16
805,66,1649351493.905858000,10.11.219.6
806,-21954,1649351493.905949000,151.101.109.16
807,66,1649351493.905998000,10.11.219.6
808,-13746,1649351493.906083000,151.101.109.16
809,-8274,1649351493.906096000,151.101.109.16
810,66,1649351493.906203000,10.11.219.6
811,-5538,1649351493.908070000,151.101.109.16
812,66,1649351493.908089000,10.11.219.6
813,-15114,1649351493.908651000,151.101.109.16
814,-12378,1649351493.908737000,151.101.109.16
815,66,1649351493.909514000,10.11.219.6
816,-2802,1649351493.910496000,151.101.109.16
817,66,1649351493.910515000,10.11.219.6
818,-8274,1649351493.913314000,151.101.109.16
819,66,1649351493.913433000,10.11.219.6
820,-16482,1649351493.913481000,151.101.109.16
821,-24690,1649351493.913507000,151.101.109.16
822,-2802,1649351493.913512000,151.101.109.16
823,66,1649351493.913525000,10.11.219.6
824,-2802,1649351493.916159000,151.101.109.16
825,66,1649351493.916171000,10.11.219.6
826,-24690,1649351493.918433000,151.101.109.16
827,66,1649351493.918478000,10.11.219.6
828,-11010,1649351493.918910000,151.101.109.16
829,66,1649351493.918916000,10.11.219.6
830,-19218,1649351493.918960000,151.101.109.16
831,66,1649351493.918963000,10.11.219.6
832,-4170,1649351493.923412000,151.101.109.16
833,-358,1649351493.923413000,184.25.233.138
834,-20483,1649351493.923415000,151.101.109.16
835,66,1649351493.923431000,10.11.219.6
836,78,1649351493.923452000,10.11.219.6
837,66,1649351493.923457000,10.11.219.6
838,-1434,1649351493.923465000,184.25.233.138
839,-358,1649351493.923465000,184.25.233.138
840,-907,1649351493.923465000,184.25.233.138
841,66,1649351493.923472000,10.11.219.6
842,78,1649351493.923477000,10.11.219.6
843,66,1649351493.923482000,10.11.219.6
844,-1434,1649351493.927787000,184.25.233.138
845,78,1649351493.927805000,10.11.219.6
846,169,1649351493.982220000,10.11.219.6
847,74,1649351493.991590000,10.11.219.6
848,200,1649351493.992068000,10.11.219.6
849,-66,1649351493.993338000,151.101.109.16
850,-6521,1649351493.996916000,151.101.109.16
851,66,1649351493.996939000,10.11.219.6
852,-66,1649351494.002981000,151.101.109.16
853,-74,1649351494.002982000,151.101.109.16
854,66,1649351494.003018000,10.11.219.6
855,-5538,1649351494.005697000,151.101.109.16
856,66,1649351494.005762000,10.11.219.6
857,-2802,1649351494.007109000,151.101.109.16
858,-5538,1649351494.007116000,151.101.109.16
859,-1033,1649351494.007117000,151.101.109.16
860,-1434,1649351494.007118000,151.101.109.16
861,66,1649351494.007178000,10.11.219.6
862,583,1649351494.007234000,10.11.219.6
863,66,1649351494.007259000,10.11.219.6
864,78,1649351494.007282000,10.11.219.6
865,66,1649351494.007291000,10.11.219.6
866,-5538,1649351494.008051000,151.101.109.16
867,66,1649351494.008067000,10.11.219.6
868,-2802,1649351494.009649000,151.101.109.16
869,-8274,1649351494.009653000,151.101.109.16
870,66,1649351494.009702000,10.11.219.6
871,66,1649351494.009760000,10.11.219.6
872,-8274,1649351494.009826000,151.101.109.16
873,66,1649351494.009835000,10.11.219.6
874,-8274,1649351494.011222000,151.101.109.16
875,-2444,1649351494.011223000,151.101.109.16
876,66,1649351494.011236000,10.11.219.6
877,66,1649351494.011253000,10.11.219.6
878,-66,1649351494.020121000,151.101.109.16
879,-4170,1649351494.021544000,151.101.109.16
880,-898,1649351494.021545000,151.101.109.16
881,66,1649351494.021575000,10.11.219.6
882,66,1649351494.021600000,10.11.219.6
883,130,1649351494.031482000,10.11.219.6
884,253,1649351494.031808000,10.11.219.6
885,90,1649351494.032437000,10.11.219.6
886,66,1649351494.032462000,10.11.219.6
887,-74,1649351494.036193000,34.213.237.248
888,66,1649351494.036227000,10.11.219.6
889,583,1649351494.039521000,10.11.219.6
890,-66,1649351494.042660000,151.101.109.16
891,-66,1649351494.042661000,151.101.109.16
892,-125,1649351494.042661000,151.101.109.16
893,54,1649351494.042702000,10.11.219.6
894,-66,1649351494.043750000,151.101.109.16
895,-90,1649351494.043750000,151.101.109.16
896,-66,1649351494.043751000,151.101.109.16
897,-66,1649351494.043751000,151.101.109.16
898,54,1649351494.043763000,10.11.219.6
899,54,1649351494.043776000,10.11.219.6
900,54,1649351494.043780000,10.11.219.6
901,54,1649351494.043783000,10.11.219.6
902,-66,1649351494.179877000,34.213.237.248
903,-2802,1649351494.183474000,34.213.237.248
904,66,1649351494.183490000,10.11.219.6
905,-2775,1649351494.187491000,34.213.237.248
906,66,1649351494.187518000,10.11.219.6
907,192,1649351494.193222000,10.11.219.6
908,-324,1649351494.335054000,34.213.237.248
909,-135,1649351494.335055000,34.213.237.248
910,66,1649351494.335072000,10.11.219.6
911,66,1649351494.335086000,10.11.219.6
912,243,1649351494.349924000,10.11.219.6
913,506,1649351494.349949000,10.11.219.6
914,104,1649351494.350402000,10.11.219.6
915,-66,1649351494.489955000,34.213.237.248
916,-104,1649351494.489956000,34.213.237.248
917,66,1649351494.489988000,10.11.219.6
918,-236,1649351494.492147000,34.213.237.248
919,-104,1649351494.492149000,34.213.237.248
920,66,1649351494.492197000,10.11.219.6
921,66,1649351494.492257000,10.11.219.6
922,-345,1649351494.541371000,184.25.233.138
923,66,1649351494.541393000,10.11.219.6
924,-735,1649351494.545033000,184.25.233.138
925,-6906,1649351494.545035000,184.25.233.138
926,66,1649351494.545055000,10.11.219.6
927,66,1649351494.545082000,10.11.219.6
928,-262,1649351494.545096000,184.25.233.138
929,-1434,1649351494.545096000,184.25.233.138
930,78,1649351494.545101000,10.11.219.6
931,66,1649351494.545108000,10.11.219.6
932,-1434,1649351494.553939000,184.25.233.138
933,66,1649351494.553971000,10.11.219.6
934,-11002,1649351494.554043000,184.25.233.138
935,66,1649351494.554050000,10.11.219.6
936,74,1649351494.555472000,10.11.219.6
937,-2802,1649351494.556495000,184.25.233.138
938,-694,1649351494.556497000,184.25.233.138
939,-1434,1649351494.556498000,184.25.233.138
940,-207,1649351494.556498000,184.25.233.138
941,66,1649351494.556520000,10.11.219.6
942,78,1649351494.556550000,10.11.219.6
943,66,1649351494.556560000,10.11.219.6
944,66,1649351494.556566000,10.11.219.6
945,-2802,1649351494.558533000,184.25.233.138
946,66,1649351494.558550000,10.11.219.6
947,157,1649351494.563603000,10.11.219.6
948,156,1649351494.564981000,10.11.219.6
949,156,1649351494.566474000,10.11.219.6
950,74,1649351494.567400000,10.11.219.6
951,156,1649351494.567580000,10.11.219.6
952,246,1649351494.567883000,10.11.219.6
953,156,1649351494.568201000,10.11.219.6
954,-6906,1649351494.569268000,184.25.233.138
955,-1426,1649351494.569269000,184.25.233.138
956,-1434,1649351494.569269000,184.25.233.138
957,-9579,1649351494.569271000,184.25.233.138
958,66,1649351494.569287000,10.11.219.6
959,78,1649351494.569305000,10.11.219.6
960,66,1649351494.569313000,10.11.219.6
961,66,1649351494.569318000,10.11.219.6
962,-396,1649351494.569330000,184.25.233.138
963,-74,1649351494.569330000,151.101.229.16
964,-1434,1649351494.569331000,184.25.233.138
965,78,1649351494.569338000,10.11.219.6
966,66,1649351494.569343000,10.11.219.6
967,66,1649351494.569349000,10.11.219.6
968,583,1649351494.573199000,10.11.219.6
969,-424,1649351494.574731000,184.25.233.138
970,-1434,1649351494.574734000,184.25.233.138
971,78,1649351494.574796000,10.11.219.6
972,66,1649351494.574851000,10.11.219.6
973,-66,1649351494.575634000,151.101.109.16
974,-66,1649351494.577877000,151.101.109.16
975,-1023,1649351494.577878000,151.101.109.16
976,-1098,1649351494.577878000,151.101.109.16
977,-66,1649351494.577878000,151.101.109.16
978,66,1649351494.577910000,10.11.219.6
979,-74,1649351494.580139000,151.101.229.16
980,-1133,1649351494.580140000,151.101.109.16
981,-66,1649351494.580141000,151.101.109.16
982,-66,1649351494.580141000,151.101.109.16
983,-1132,1649351494.580141000,151.101.109.16
984,-1016,1649351494.580142000,151.101.109.16
985,-940,1649351494.580142000,151.101.109.16
986,66,1649351494.580172000,10.11.219.6
987,66,1649351494.580201000,10.11.219.6
988,66,1649351494.580207000,10.11.219.6
989,-66,1649351494.581014000,151.101.109.16
990,-964,1649351494.581015000,151.101.109.16
991,583,1649351494.583764000,10.11.219.6
992,-299,1649351494.584339000,184.25.233.138
993,66,1649351494.584352000,10.11.219.6
994,-66,1649351494.585243000,151.101.229.16
995,155,1649351494.586084000,10.11.219.6
996,-4170,1649351494.589711000,151.101.229.16
997,-914,1649351494.589712000,151.101.229.16
998,66,1649351494.589736000,10.11.219.6
999,66,1649351494.589759000,10.11.219.6
1000,155,1649351494.593492000,10.11.219.6
1001,155,1649351494.594315000,10.11.219.6
1002,155,1649351494.594628000,10.11.219.6
1003,130,1649351494.594791000,10.11.219.6
1004,-66,1649351494.594882000,151.101.229.16
1005,236,1649351494.595352000,10.11.219.6
1006,396,1649351494.595373000,10.11.219.6
1007,-4170,1649351494.598347000,151.101.229.16
1008,-914,1649351494.598348000,151.101.229.16
1009,-66,1649351494.598348000,151.101.109.16
1010,-547,1649351494.598348000,151.101.109.16
1011,66,1649351494.598365000,10.11.219.6
1012,66,1649351494.598376000,10.11.219.6
1013,130,1649351494.602239000,10.11.219.6
1014,253,1649351494.602499000,10.11.219.6
1015,174,1649351494.602807000,10.11.219.6
1016,90,1649351494.603164000,10.11.219.6
1017,66,1649351494.603182000,10.11.219.6
1018,-66,1649351494.606935000,151.101.109.16
1019,-2802,1649351494.606936000,151.101.109.16
1020,66,1649351494.606962000,10.11.219.6
1021,-4170,1649351494.608683000,151.101.109.16
1022,-135,1649351494.608687000,151.101.109.16
1023,-1434,1649351494.608688000,151.101.109.16
1024,-66,1649351494.608688000,151.101.109.16
1025,-66,1649351494.608689000,151.101.229.16
1026,-13746,1649351494.608693000,151.101.109.16
1027,66,1649351494.608739000,10.11.219.6
1028,78,1649351494.608784000,10.11.219.6
1029,66,1649351494.608795000,10.11.219.6
1030,66,1649351494.608810000,10.11.219.6
1031,-1434,1649351494.608903000,151.101.109.16
1032,-66,1649351494.608905000,151.101.229.16
1033,-66,1649351494.608905000,151.101.229.16
1034,-125,1649351494.608906000,151.101.229.16
1035,-1050,1649351494.608906000,151.101.109.16
1036,-66,1649351494.608907000,151.101.109.16
1037,-6906,1649351494.608910000,151.101.109.16
1038,66,1649351494.608932000,10.11.219.6
1039,66,1649351494.608940000,10.11.219.6
1040,66,1649351494.608946000,10.11.219.6
1041,97,1649351494.609845000,10.11.219.6
1042,-5538,1649351494.610788000,151.101.109.16
1043,66,1649351494.610805000,10.11.219.6
1044,-2802,1649351494.610864000,151.101.109.16
1045,-672,1649351494.610864000,151.101.229.16
1046,-5538,1649351494.610866000,151.101.109.16
1047,-486,1649351494.610866000,151.101.109.16
1048,66,1649351494.610874000,10.11.219.6
1049,66,1649351494.610882000,10.11.219.6
1050,66,1649351494.610887000,10.11.219.6
1051,78,1649351494.610893000,10.11.219.6
1052,-1434,1649351494.610906000,151.101.109.16
1053,66,1649351494.610911000,10.11.219.6
1054,-66,1649351494.613534000,151.101.229.16
1055,-66,1649351494.613535000,151.101.229.16
1056,-125,1649351494.613535000,151.101.229.16
1057,-66,1649351494.613535000,151.101.229.16
1058,-66,1649351494.613536000,151.101.229.16
1059,-90,1649351494.613536000,151.101.229.16
1060,54,1649351494.613563000,10.11.219.6
1061,54,1649351494.613585000,10.11.219.6
1062,54,1649351494.613588000,10.11.219.6
1063,-66,1649351494.614588000,151.101.229.16
1064,-66,1649351494.614589000,151.101.229.16
1065,-326,1649351494.614589000,151.101.229.16
1066,54,1649351494.614610000,10.11.219.6
1067,54,1649351494.614626000,10.11.219.6
1068,66,1649351494.614634000,10.11.219.6
1069,-458,1649351494.616736000,184.25.233.138
1070,66,1649351494.616755000,10.11.219.6
1071,154,1649351494.617723000,10.11.219.6
1072,194,1649351494.618148000,10.11.219.6
1073,169,1649351494.618313000,10.11.219.6
1074,176,1649351494.618435000,10.11.219.6
1075,181,1649351494.618801000,10.11.219.6
1076,169,1649351494.620048000,10.11.219.6
1077,-66,1649351494.623110000,151.101.229.16
1078,-66,1649351494.628577000,151.101.109.16
1079,-66,1649351494.633783000,151.101.109.16
1080,-66,1649351494.633787000,151.101.109.16
1081,-66,1649351494.633787000,151.101.109.16
1082,-4170,1649351494.633788000,151.101.109.16
1083,66,1649351494.633817000,10.11.219.6
1084,-6613,1649351494.634823000,151.101.109.16
1085,-66,1649351494.634824000,151.101.109.16
1086,-2014,1649351494.634825000,151.101.109.16
1087,66,1649351494.634836000,10.11.219.6
1088,66,1649351494.634870000,10.11.219.6
1089,-15987,1649351494.634890000,151.101.109.16
1090,66,1649351494.634896000,10.11.219.6
1091,-12378,1649351494.634918000,151.101.109.16
1092,66,1649351494.634923000,10.11.219.6
1093,-5538,1649351494.637978000,151.101.109.16
1094,66,1649351494.638004000,10.11.219.6
1095,-2802,1649351494.638071000,151.101.109.16
1096,66,1649351494.638086000,10.11.219.6
1097,-1434,1649351494.639610000,151.101.109.16
1098,-12378,1649351494.639614000,151.101.109.16
1099,66,1649351494.639641000,10.11.219.6
1100,-539,1649351494.639676000,151.101.109.16
1101,-1434,1649351494.639676000,151.101.109.16
1102,-66,1649351494.639677000,151.101.109.16
1103,-3963,1649351494.639678000,151.101.109.16
1104,78,1649351494.639687000,10.11.219.6
1105,66,1649351494.639702000,10.11.219.6
1106,66,1649351494.639719000,10.11.219.6
1107,-384,1649351494.648574000,184.25.233.138
1108,66,1649351494.648588000,10.11.219.6
1109,760,1649351494.879363000,10.11.219.6
1110,-66,1649351494.882825000,184.25.233.138
1111,194,1649351494.975409000,10.11.219.6
1112,203,1649351494.975816000,10.11.219.6
1113,-66,1649351494.988290000,151.101.229.16
1114,-66,1649351494.988293000,151.101.229.16
1115,-4025,1649351494.989430000,151.101.229.16
1116,-4170,1649351494.989432000,151.101.229.16
1117,-4170,1649351494.989432000,151.101.229.16
1118,66,1649351494.989450000,10.11.219.6
1119,66,1649351494.989470000,10.11.219.6
1120,66,1649351494.989476000,10.11.219.6
1121,-4170,1649351494.991357000,151.101.229.16
1122,-4170,1649351494.991362000,151.101.229.16
1123,-4170,1649351494.991365000,151.101.229.16
1124,66,1649351494.991417000,10.11.219.6
1125,66,1649351494.991497000,10.11.219.6
1126,66,1649351494.991524000,10.11.219.6
1127,-4170,1649351494.993656000,151.101.229.16
1128,66,1649351494.993676000,10.11.219.6
1129,-4170,1649351494.994643000,151.101.229.16
1130,-4170,1649351494.994645000,151.101.229.16
1131,-4170,1649351494.994646000,151.101.229.16
1132,66,1649351494.994659000,10.11.219.6
1133,66,1649351494.994675000,10.11.219.6
1134,66,1649351494.994693000,10.11.219.6
1135,-2802,1649351495.002067000,151.101.229.16
1136,66,1649351495.002083000,10.11.219.6
1137,-2802,1649351495.002117000,151.101.229.16
1138,66,1649351495.002120000,10.11.219.6
1139,-4944,1649351495.002830000,151.101.229.16
1140,66,1649351495.002839000,10.11.219.6
1141,157,1649351495.043523000,10.11.219.6
1142,-2802,1649351495.105955000,184.25.233.138
1143,66,1649351495.105972000,10.11.219.6
1144,-396,1649351495.106891000,184.25.233.138
1145,-1434,1649351495.106892000,184.25.233.138
1146,-104,1649351495.106892000,184.25.233.138
1147,-104,1649351495.106893000,184.25.233.138
1148,78,1649351495.106907000,10.11.219.6
1149,66,1649351495.106922000,10.11.219.6
1150,66,1649351495.106930000,10.11.219.6
1151,78,1649351495.106935000,10.11.219.6
1152,-66,1649351495.116985000,151.101.109.16
1153,-12378,1649351495.119966000,151.101.109.16
1154,66,1649351495.119997000,10.11.219.6
1155,-1434,1649351495.120034000,151.101.109.16
1156,-995,1649351495.120035000,151.101.109.16
1157,-1434,1649351495.120035000,151.101.109.16
1158,-2620,1649351495.120036000,151.101.109.16
1159,78,1649351495.120053000,10.11.219.6
1160,66,1649351495.120064000,10.11.219.6
1161,66,1649351495.120071000,10.11.219.6
1162,188,1649351495.131814000,10.11.219.6
1163,-66,1649351495.142494000,151.101.229.16
1164,155,1649351495.143383000,10.11.219.6
1165,-427,1649351495.143728000,151.101.229.16
1166,-1434,1649351495.143729000,151.101.229.16
1167,78,1649351495.143740000,10.11.219.6
1168,66,1649351495.143751000,10.11.219.6
1169,-66,1649351495.178159000,151.101.109.16
1170,-1079,1649351495.178160000,151.101.109.16
1171,-547,1649351495.178160000,184.25.233.138
1172,-207,1649351495.178160000,184.25.233.138
1173,-5538,1649351495.178161000,184.25.233.138
1174,66,1649351495.178193000,10.11.219.6
1175,66,1649351495.178217000,10.11.219.6
1176,66,1649351495.178229000,10.11.219.6
1177,-1042,1649351495.178243000,184.25.233.138
1178,-1434,1649351495.178244000,184.25.233.138
1179,-207,1649351495.178244000,184.25.233.138
1180,-6906,1649351495.178246000,184.25.233.138
1181,78,1649351495.178253000,10.11.219.6
1182,66,1649351495.178259000,10.11.219.6
1183,66,1649351495.178264000,10.11.219.6
1184,66,1649351495.178269000,10.11.219.6
1185,-929,1649351495.178286000,184.25.233.138
1186,-1434,1649351495.178287000,184.25.233.138
1187,78,1649351495.178292000,10.11.219.6
1188,66,1649351495.178301000,10.11.219.6
1189,164,1649351495.184725000,10.11.219.6
1190,165,1649351495.185685000,10.11.219.6
1191,165,1649351495.186634000,10.11.219.6
1192,-207,1649351495.188833000,184.25.233.138
1193,66,1649351495.188851000,10.11.219.6
1194,160,1649351495.189093000,10.11.219.6
1195,160,1649351495.189517000,10.11.219.6
1196,160,1649351495.190128000,10.11.219.6
1197,-8274,1649351495.191665000,184.25.233.138
1198,-1122,1649351495.191669000,184.25.233.138
1199,-1434,1649351495.191672000,184.25.233.138
1200,66,1649351495.191764000,10.11.219.6
1201,78,1649351495.191839000,10.11.219.6
1202,66,1649351495.191850000,10.11.219.6
1203,160,1649351495.195489000,10.11.219.6
1204,160,1649351495.195848000,10.11.219.6
1205,160,1649351495.196156000,10.11.219.6
1206,-66,1649351495.196628000,151.101.109.16
1207,-2761,1649351495.196631000,151.101.109.16
1208,66,1649351495.196689000,10.11.219.6
1209,-66,1649351495.197569000,151.101.109.16
1210,-542,1649351495.197570000,151.101.109.16
1211,-1434,1649351495.197571000,151.101.109.16
1212,78,1649351495.197626000,10.11.219.6
1213,66,1649351495.197665000,10.11.219.6
1214,160,1649351495.198305000,10.11.219.6
1215,-66,1649351495.198746000,151.101.109.16
1216,-2020,1649351495.198747000,151.101.109.16
1217,66,1649351495.198764000,10.11.219.6
1218,-1030,1649351495.199710000,184.25.233.138
1219,-1434,1649351495.199711000,184.25.233.138
1220,78,1649351495.199726000,10.11.219.6
1221,66,1649351495.199745000,10.11.219.6
1222,-66,1649351495.200740000,151.101.109.16
1223,-66,1649351495.200740000,151.101.109.16
1224,-1434,1649351495.200741000,151.101.109.16
1225,152,1649351495.200749000,10.11.219.6
1226,-1434,1649351495.203267000,151.101.109.16
1227,-491,1649351495.203268000,151.101.109.16
1228,-1434,1649351495.203269000,151.101.109.16
1229,-1434,1649351495.203269000,151.101.109.16
1230,-710,1649351495.203270000,151.101.109.16
1231,-1434,1649351495.203270000,151.101.109.16
1232,-66,1649351495.203273000,151.101.109.16
1233,-5409,1649351495.203274000,151.101.109.16
1234,66,1649351495.203299000,10.11.219.6
1235,78,1649351495.203326000,10.11.219.6
1236,66,1649351495.203338000,10.11.219.6
1237,78,1649351495.203349000,10.11.219.6
1238,66,1649351495.203356000,10.11.219.6
1239,66,1649351495.203365000,10.11.219.6
1240,164,1649351495.203739000,10.11.219.6
1241,-66,1649351495.207304000,151.101.109.16
1242,-66,1649351495.207305000,151.101.109.16
1243,-2802,1649351495.207306000,151.101.109.16
1244,-259,1649351495.207307000,151.101.109.16
1245,-1434,1649351495.207307000,151.101.109.16
1246,66,1649351495.207335000,10.11.219.6
1247,78,1649351495.207364000,10.11.219.6
1248,66,1649351495.207368000,10.11.219.6
1249,160,1649351495.209532000,10.11.219.6
1250,-5538,1649351495.209677000,151.101.109.16
1251,-187,1649351495.209677000,151.101.109.16
1252,-1434,1649351495.209678000,151.101.109.16
1253,-66,1649351495.209678000,151.101.109.16
1254,-2802,1649351495.209679000,151.101.109.16
1255,66,1649351495.209691000,10.11.219.6
1256,78,1649351495.209706000,10.11.219.6
1257,66,1649351495.209712000,10.11.219.6
1258,66,1649351495.209719000,10.11.219.6
1259,-838,1649351495.209731000,151.101.109.16
1260,-1434,1649351495.209731000,151.101.109.16
1261,78,1649351495.209738000,10.11.219.6
1262,66,1649351495.209743000,10.11.219.6
1263,-66,1649351495.210726000,151.101.109.16
1264,-2802,1649351495.210727000,151.101.109.16
1265,-328,1649351495.210728000,151.101.109.16
1266,-1434,1649351495.210728000,151.101.109.16
1267,66,1649351495.210754000,10.11.219.6
1268,78,1649351495.210783000,10.11.219.6
1269,66,1649351495.210790000,10.11.219.6
1270,-66,1649351495.214747000,151.101.109.16
1271,-2410,1649351495.214748000,151.101.109.16
1272,-66,1649351495.214748000,151.101.109.16
1273,66,1649351495.214769000,10.11.219.6
1274,-484,1649351495.215692000,151.101.109.16
1275,-66,1649351495.221035000,151.101.229.16
1276,-406,1649351495.221036000,151.101.229.16
1277,66,1649351495.221057000,10.11.219.6
1278,251,1649351495.237365000,10.11.219.6
1279,-66,1649351495.248352000,151.101.109.16
1280,-2802,1649351495.250671000,151.101.109.16
1281,66,1649351495.250686000,10.11.219.6
1282,-2802,1649351495.250724000,151.101.109.16
1283,66,1649351495.250727000,10.11.219.6
1284,-8274,1649351495.253063000,151.101.109.16
1285,-2357,1649351495.253064000,151.101.109.16
1286,66,1649351495.253088000,10.11.219.6
1287,66,1649351495.253121000,10.11.219.6
1288,-1002,1649351495.253131000,151.101.109.16
1289,-1197,1649351495.275191000,184.25.233.138
1290,66,1649351495.275209000,10.11.219.6
1291,-2391,1649351495.282837000,184.25.233.138
1292,66,1649351495.282863000,10.11.219.6
1293,-2802,1649351495.290457000,184.25.233.138
1294,-607,1649351495.290458000,184.25.233.138
1295,-1434,1649351495.290458000,184.25.233.138
1296,66,1649351495.290478000,10.11.219.6
1297,78,1649351495.290504000,10.11.219.6
1298,66,1649351495.290511000,10.11.219.6
1299,66,1649351495.293422000,10.11.219.6
1300,166,1649351495.294700000,10.11.219.6
1301,-1235,1649351495.302635000,184.25.233.138
1302,66,1649351495.302648000,10.11.219.6
1303,-66,1649351495.307289000,151.101.109.16
1304,-897,1649351495.307292000,151.101.109.16
1305,155,1649351495.321613000,10.11.219.6
1306,-1434,1649351495.325645000,184.25.233.138
1307,-243,1649351495.325646000,184.25.233.138
1308,-1434,1649351495.325646000,184.25.233.138
1309,66,1649351495.325662000,10.11.219.6
1310,78,1649351495.325688000,10.11.219.6
1311,66,1649351495.325696000,10.11.219.6
1312,-66,1649351495.336743000,151.101.109.16
1313,-2802,1649351495.336744000,184.25.233.138
1314,-717,1649351495.336745000,184.25.233.138
1315,-1348,1649351495.336745000,151.101.109.16
1316,-1434,1649351495.336745000,184.25.233.138
1317,66,1649351495.336777000,10.11.219.6
1318,78,1649351495.336799000,10.11.219.6
1319,66,1649351495.336806000,10.11.219.6
1320,66,1649351495.336811000,10.11.219.6
1321,-207,1649351495.344197000,184.25.233.138
1322,66,1649351495.344216000,10.11.219.6
1323,-9017,1649351495.346671000,184.25.233.138
1324,66,1649351495.346678000,10.11.219.6
1325,-734,1649351495.348650000,184.25.233.138
1326,-433,1649351495.348651000,184.25.233.138
1327,-1434,1649351495.348651000,184.25.233.138
1328,66,1649351495.348688000,10.11.219.6
1329,78,1649351495.348709000,10.11.219.6
1330,66,1649351495.348715000,10.11.219.6
1331,66,1649351495.349412000,10.11.219.6
1332,-207,1649351495.350865000,184.25.233.138
1333,66,1649351495.350881000,10.11.219.6
1334,159,1649351495.351739000,10.11.219.6
1335,-8274,1649351495.352535000,184.25.233.138
1336,66,1649351495.352549000,10.11.219.6
1337,160,1649351495.352736000,10.11.219.6
1338,161,1649351495.353947000,10.11.219.6
1339,160,1649351495.355797000,10.11.219.6
1340,-1434,1649351495.360057000,184.25.233.138
1341,-675,1649351495.360061000,184.25.233.138
1342,-1434,1649351495.360062000,184.25.233.138
1343,66,1649351495.360127000,10.11.219.6
1344,78,1649351495.360217000,10.11.219.6
1345,66,1649351495.360239000,10.11.219.6
1346,-66,1649351495.364369000,151.101.109.16
1347,-66,1649351495.364370000,151.101.109.16
1348,-2802,1649351495.364371000,151.101.109.16
1349,66,1649351495.364431000,10.11.219.6
1350,-327,1649351495.365588000,151.101.109.16
1351,-1434,1649351495.365589000,151.101.109.16
1352,-2802,1649351495.365590000,151.101.109.16
1353,-948,1649351495.365590000,151.101.109.16
1354,-1434,1649351495.365590000,151.101.109.16
1355,-66,1649351495.365591000,151.101.109.16
1356,78,1649351495.365607000,10.11.219.6
1357,66,1649351495.365621000,10.11.219.6
1358,78,1649351495.365628000,10.11.219.6
1359,66,1649351495.365633000,10.11.219.6
1360,-2802,1649351495.366524000,151.101.109.16
1361,-421,1649351495.366525000,151.101.109.16
1362,-1434,1649351495.366525000,151.101.109.16
1363,66,1649351495.366537000,10.11.219.6
1364,78,1649351495.366557000,10.11.219.6
1365,66,1649351495.366564000,10.11.219.6
1366,-66,1649351495.368889000,151.101.109.16
1367,-1434,1649351495.368890000,151.101.109.16
1368,-1416,1649351495.368891000,151.101.109.16
1369,-1434,1649351495.368891000,151.101.109.16
1370,66,1649351495.368915000,10.11.219.6
1371,78,1649351495.368940000,10.11.219.6
1372,66,1649351495.368951000,10.11.219.6
1373,-2802,1649351495.371483000,184.25.233.138
1374,66,1649351495.371552000,10.11.219.6
1375,184,1649351495.373516000,10.11.219.6
1376,-7977,1649351495.376604000,184.25.233.138
1377,66,1649351495.376624000,10.11.219.6
1378,178,1649351495.376698000,10.11.219.6
1379,239,1649351495.379015000,10.11.219.6
1380,167,1649351495.379343000,10.11.219.6
1381,167,1649351495.380039000,10.11.219.6
1382,168,1649351495.380221000,10.11.219.6
1383,168,1649351495.380667000,10.11.219.6
1384,-66,1649351495.385924000,151.101.109.16
1385,-2802,1649351495.385925000,151.101.109.16
1386,66,1649351495.385944000,10.11.219.6
1387,-13381,1649351495.386018000,151.101.109.16
1388,66,1649351495.386023000,10.11.219.6
1389,-2802,1649351495.387425000,151.101.109.16
1390,-276,1649351495.387426000,151.101.109.16
1391,-1434,1649351495.387427000,151.101.109.16
1392,66,1649351495.387455000,10.11.219.6
1393,78,1649351495.387483000,10.11.219.6
1394,66,1649351495.387489000,10.11.219.6
1395,-66,1649351495.388739000,151.101.109.16
1396,-7762,1649351495.388743000,151.101.109.16
1397,66,1649351495.389859000,10.11.219.6
1398,-66,1649351495.390631000,151.101.109.16
1399,-2698,1649351495.390634000,151.101.109.16
1400,-66,1649351495.390635000,151.101.109.16
1401,66,1649351495.390695000,10.11.219.6
1402,-2802,1649351495.391772000,151.101.109.16
1403,-926,1649351495.391772000,151.101.109.16
1404,-1434,1649351495.391772000,151.101.109.16
1405,-66,1649351495.391773000,151.101.109.16
1406,-66,1649351495.391773000,151.101.109.16
1407,-66,1649351495.391773000,151.101.109.16
1408,66,1649351495.391788000,10.11.219.6
1409,78,1649351495.391804000,10.11.219.6
1410,66,1649351495.391810000,10.11.219.6
1411,-1434,1649351495.393324000,151.101.109.16
1412,-412,1649351495.393325000,151.101.109.16
1413,-1434,1649351495.393325000,151.101.109.16
1414,-6147,1649351495.393326000,151.101.109.16
1415,78,1649351495.393342000,10.11.219.6
1416,66,1649351495.393353000,10.11.219.6
1417,66,1649351495.393363000,10.11.219.6
1418,-1434,1649351495.393365000,151.101.109.16
1419,-206,1649351495.393365000,151.101.109.16
1420,-1434,1649351495.393366000,151.101.109.16
1421,78,1649351495.393372000,10.11.219.6
1422,66,1649351495.393377000,10.11.219.6
1423,180,1649351495.395043000,10.11.219.6
1424,-66,1649351495.406453000,151.101.109.16
1425,-1202,1649351495.407631000,151.101.109.16
1426,66,1649351495.407666000,10.11.219.6
1427,153,1649351495.485652000,10.11.219.6
1428,153,1649351495.492925000,10.11.219.6
1429,153,1649351495.493085000,10.11.219.6
1430,241,1649351495.493206000,10.11.219.6
1431,154,1649351495.493299000,10.11.219.6
1432,153,1649351495.493386000,10.11.219.6
1433,153,1649351495.494069000,10.11.219.6
1434,222,1649351495.494279000,10.11.219.6
1435,-66,1649351495.496314000,151.101.229.16
1436,240,1649351495.497150000,10.11.219.6
1437,-2416,1649351495.498599000,151.101.229.16
1438,66,1649351495.498612000,10.11.219.6
1439,-66,1649351495.503963000,151.101.229.16
1440,-66,1649351495.505434000,151.101.109.16
1441,-66,1649351495.505435000,151.101.229.16
1442,-66,1649351495.505436000,151.101.109.16
1443,-66,1649351495.505436000,151.101.109.16
1444,-329,1649351495.505436000,151.101.229.16
1445,-2037,1649351495.505437000,151.101.109.16
1446,-1434,1649351495.505438000,151.101.229.16
1447,78,1649351495.505480000,10.11.219.6
1448,66,1649351495.505506000,10.11.219.6
1449,66,1649351495.505568000,10.11.219.6
1450,-2802,1649351495.506794000,151.101.109.16
1451,-759,1649351495.506796000,151.101.109.16
1452,-66,1649351495.506797000,151.101.109.16
1453,-1434,1649351495.506797000,151.101.109.16
1454,-66,1649351495.506798000,151.101.109.16
1455,-924,1649351495.506799000,151.101.229.16
1456,-1434,1649351495.506801000,151.101.109.16
1457,78,1649351495.506861000,10.11.219.6
1458,66,1649351495.506922000,10.11.219.6
1459,78,1649351495.506951000,10.11.219.6
1460,-656,1649351495.506971000,151.101.109.16
1461,-1434,1649351495.506972000,151.101.229.16
1462,78,1649351495.506987000,10.11.219.6
1463,66,1649351495.506998000,10.11.219.6
1464,-1434,1649351495.509087000,151.101.109.16
1465,-1054,1649351495.509090000,151.101.109.16
1466,-1434,1649351495.509093000,151.101.109.16
1467,-2789,1649351495.509096000,151.101.109.16
1468,-4022,1649351495.509100000,151.101.109.16
1469,66,1649351495.509190000,10.11.219.6
1470,78,1649351495.509271000,10.11.219.6
1471,66,1649351495.509292000,10.11.219.6
1472,66,1649351495.509306000,10.11.219.6
1473,-66,1649351495.509368000,151.101.109.16
1474,-12837,1649351495.511311000,151.101.109.16
1475,66,1649351495.511328000,10.11.219.6
1476,66,1649351495.512294000,10.11.219.6
1477,74,1649351495.619015000,10.11.219.6
1478,-74,1649351495.622615000,18.65.121.44
1479,66,1649351495.622643000,10.11.219.6
1480,583,1649351495.626130000,10.11.219.6
1481,-66,1649351495.630106000,18.65.121.44
1482,-5538,1649351495.631526000,18.65.121.44
1483,66,1649351495.631542000,10.11.219.6
1484,-567,1649351495.632286000,18.65.121.44
1485,66,1649351495.632292000,10.11.219.6
1486,130,1649351495.636408000,10.11.219.6
1487,501,1649351495.636738000,10.11.219.6
1488,-66,1649351495.639725000,18.65.121.44
1489,-66,1649351495.639727000,18.65.121.44
1490,-2802,1649351495.643406000,18.65.121.44
1491,66,1649351495.643422000,10.11.219.6
1492,-8274,1649351495.643826000,18.65.121.44
1493,66,1649351495.643831000,10.11.219.6
1494,-5528,1649351495.645835000,18.65.121.44
1495,-15114,1649351495.645837000,18.65.121.44
1496,66,1649351495.645845000,10.11.219.6
1497,66,1649351495.645860000,10.11.219.6
1498,-1434,1649351495.645864000,18.65.121.44
1499,66,1649351495.645866000,10.11.219.6
1500,-2802,1649351495.645886000,18.65.121.44
1501,66,1649351495.645889000,10.11.219.6
1502,-5538,1649351495.646769000,18.65.121.44
1503,66,1649351495.646781000,10.11.219.6
1504,-5538,1649351495.647654000,18.65.121.44
1505,66,1649351495.647659000,10.11.219.6
1506,-5241,1649351495.649713000,18.65.121.44
1507,66,1649351495.649725000,10.11.219.6
1508,74,1649351495.711101000,10.11.219.6
1509,-74,1649351495.715202000,18.65.106.101
1510,66,1649351495.715243000,10.11.219.6
1511,583,1649351495.718969000,10.11.219.6
1512,-66,1649351495.722618000,18.65.106.101
1513,-5538,1649351495.724067000,18.65.106.101
1514,-567,1649351495.724076000,18.65.106.101
1515,66,1649351495.724116000,10.11.219.6
1516,66,1649351495.724155000,10.11.219.6
1517,130,1649351495.728469000,10.11.219.6
1518,531,1649351495.728662000,10.11.219.6
1519,-66,1649351495.732587000,18.65.106.101
1520,-66,1649351495.734810000,18.65.106.101
1521,-2802,1649351495.734811000,18.65.106.101
1522,-542,1649351495.734811000,18.65.106.101
1523,-553,1649351495.734812000,184.25.233.138
1524,-1434,1649351495.734812000,18.65.106.101
1525,66,1649351495.734833000,10.11.219.6
1526,78,1649351495.734861000,10.11.219.6
1527,66,1649351495.734866000,10.11.219.6
1528,66,1649351495.734871000,10.11.219.6
1529,-9642,1649351495.773588000,184.25.233.138
1530,-1426,1649351495.773591000,184.25.233.138
1531,66,1649351495.773652000,10.11.219.6
1532,78,1649351495.773702000,10.11.219.6
1533,-1434,1649351495.773770000,184.25.233.138
1534,-12370,1649351495.773777000,184.25.233.138
1535,66,1649351495.773799000,10.11.219.6
1536,66,1649351495.773849000,10.11.219.6
1537,-11010,1649351495.773878000,184.25.233.138
1538,66,1649351495.773896000,10.11.219.6
1539,-849,1649351495.773918000,184.25.233.138
1540,-1434,1649351495.773920000,184.25.233.138
1541,78,1649351495.773933000,10.11.219.6
1542,66,1649351495.773957000,10.11.219.6
1543,177,1649351495.781899000,10.11.219.6
1544,166,1649351495.782709000,10.11.219.6
1545,74,1649351495.788047000,10.11.219.6
1546,-66,1649351495.793238000,151.101.109.16
1547,-2802,1649351495.796229000,151.101.109.16
1548,66,1649351495.796256000,10.11.219.6
1549,-4170,1649351495.798450000,151.101.109.16
1550,-965,1649351495.798451000,151.101.109.16
1551,-66,1649351495.798451000,151.101.109.16
1552,-1434,1649351495.798451000,151.101.109.16
1553,-4170,1649351495.798452000,151.101.109.16
1554,66,1649351495.798466000,10.11.219.6
1555,78,1649351495.798475000,10.11.219.6
1556,66,1649351495.798485000,10.11.219.6
1557,66,1649351495.798491000,10.11.219.6
1558,-9642,1649351495.798975000,151.101.109.16
1559,-916,1649351495.798975000,151.101.109.16
1560,66,1649351495.798985000,10.11.219.6
1561,78,1649351495.798992000,10.11.219.6
1562,-1434,1649351495.799023000,151.101.109.16
1563,-15114,1649351495.799025000,151.101.109.16
1564,66,1649351495.799033000,10.11.219.6
1565,66,1649351495.799038000,10.11.219.6
1566,-87,1649351495.799046000,151.101.109.16
1567,-1434,1649351495.799046000,151.101.109.16
1568,78,1649351495.799050000,10.11.219.6
1569,66,1649351495.799055000,10.11.219.6
1570,-2802,1649351495.802036000,151.101.109.16
1571,66,1649351495.802047000,10.11.219.6
1572,-20520,1649351495.802203000,151.101.109.16
1573,66,1649351495.802207000,10.11.219.6
1574,176,1649351495.829987000,10.11.219.6
1575,-66,1649351495.841466000,151.101.109.16
1576,-423,1649351495.841467000,151.101.109.16
1577,157,1649351495.881386000,10.11.219.6
1578,-66,1649351495.892751000,151.101.109.16
1579,-11010,1649351495.897333000,151.101.109.16
1580,-2802,1649351495.897352000,151.101.109.16
1581,-1049,1649351495.897352000,151.101.109.16
1582,-1434,1649351495.897353000,151.101.109.16
1583,78,1649351495.897371000,10.11.219.6
1584,66,1649351495.897395000,10.11.219.6
1585,-5538,1649351495.899471000,151.101.109.16
1586,66,1649351495.899485000,10.11.219.6
1587,-5538,1649351495.900049000,151.101.109.16
1588,-11010,1649351495.900051000,151.101.109.16
1589,66,1649351495.900061000,10.11.219.6
1590,-11010,1649351495.900096000,151.101.109.16
1591,-6906,1649351495.900119000,151.101.109.16
1592,66,1649351495.900150000,10.11.219.6
1593,-4170,1649351495.902301000,151.101.109.16
1594,-4170,1649351495.902302000,151.101.109.16
1595,66,1649351495.902317000,10.11.219.6
1596,66,1649351495.902375000,10.11.219.6
1597,-6906,1649351495.902780000,151.101.109.16
1598,-11010,1649351495.902782000,151.101.109.16
1599,-6906,1649351495.902807000,151.101.109.16
1600,66,1649351495.902838000,10.11.219.6
1601,-4170,1649351495.904735000,151.101.109.16
1602,-11010,1649351495.904740000,151.101.109.16
1603,66,1649351495.904802000,10.11.219.6
1604,-5283,1649351495.904897000,151.101.109.16
1605,66,1649351495.905216000,10.11.219.6
1606,-66,1649351495.921638000,52.119.167.229
1607,54,1649351495.921668000,10.11.219.6
1608,571,1649351495.924727000,10.11.219.6
1609,157,1649351495.951905000,10.11.219.6
1610,269,1649351495.952286000,10.11.219.6
1611,197,1649351495.953868000,10.11.219.6
1612,-66,1649351495.963358000,151.101.109.16
1613,-66,1649351495.963358000,151.101.109.16
1614,-960,1649351495.969263000,151.101.109.16
1615,-9642,1649351495.969265000,151.101.109.16
1616,66,1649351495.969387000,10.11.219.6
1617,-4170,1649351495.969643000,151.101.109.16
1618,-1000,1649351495.969644000,151.101.109.16
1619,-1434,1649351495.969645000,151.101.109.16
1620,-4170,1649351495.969646000,151.101.109.16
1621,66,1649351495.969660000,10.11.219.6
1622,78,1649351495.969677000,10.11.219.6
1623,66,1649351495.969683000,10.11.219.6
1624,66,1649351495.969687000,10.11.219.6
1625,-904,1649351495.969714000,151.101.109.16
1626,-1434,1649351495.969715000,151.101.109.16
1627,-13746,1649351495.969723000,151.101.109.16
1628,78,1649351495.969728000,10.11.219.6
1629,66,1649351495.969737000,10.11.219.6
1630,66,1649351495.969742000,10.11.219.6
1631,-971,1649351495.969760000,151.101.109.16
1632,-1434,1649351495.969761000,151.101.109.16
1633,-2696,1649351495.969761000,151.101.109.16
1634,-66,1649351495.969762000,151.101.109.16
1635,-166,1649351495.969762000,151.101.109.16
1636,-1434,1649351495.969763000,151.101.109.16
1637,78,1649351495.969768000,10.11.219.6
1638,66,1649351495.969775000,10.11.219.6
1639,66,1649351495.969780000,10.11.219.6
1640,78,1649351495.969789000,10.11.219.6
1641,66,1649351495.969793000,10.11.219.6
1642,172,1649351495.995027000,10.11.219.6
1643,351,1649351495.998215000,10.11.219.6
1644,-66,1649351496.005733000,151.101.229.16
1645,-13746,1649351496.011516000,151.101.229.16
1646,66,1649351496.011540000,10.11.219.6
1647,-1981,1649351496.011561000,151.101.229.16
1648,-66,1649351496.011562000,151.101.109.16
1649,66,1649351496.011571000,10.11.219.6
1650,-16169,1649351496.011984000,151.101.109.16
1651,66,1649351496.011992000,10.11.219.6
1652,-13746,1649351496.012040000,151.101.109.16
1653,66,1649351496.012046000,10.11.219.6
1654,-1434,1649351496.014049000,151.101.109.16
1655,-87,1649351496.014050000,151.101.109.16
1656,-1434,1649351496.014050000,151.101.109.16
1657,-2802,1649351496.014051000,151.101.109.16
1658,66,1649351496.014069000,10.11.219.6
1659,78,1649351496.014091000,10.11.219.6
1660,66,1649351496.014101000,10.11.219.6
1661,66,1649351496.014106000,10.11.219.6
1662,-28794,1649351496.014646000,151.101.109.16
1663,66,1649351496.014654000,10.11.219.6
1664,-108,1649351496.014669000,151.101.109.16
1665,78,1649351496.014673000,10.11.219.6
1666,-1434,1649351496.017081000,151.101.109.16
1667,-1434,1649351496.017082000,151.101.109.16
1668,66,1649351496.017103000,10.11.219.6
1669,66,1649351496.017117000,10.11.219.6
1670,-2802,1649351496.017222000,151.101.109.16
1671,66,1649351496.017228000,10.11.219.6
1672,-24690,1649351496.018343000,151.101.109.16
1673,66,1649351496.018353000,10.11.219.6
1674,-539,1649351496.018371000,151.101.109.16
1675,-1434,1649351496.018371000,151.101.109.16
1676,78,1649351496.018378000,10.11.219.6
1677,66,1649351496.018385000,10.11.219.6
1678,-54,1649351496.056473000,52.119.167.229
1679,-54,1649351496.059686000,52.119.167.229
1680,-5956,1649351496.063281000,52.119.167.229
1681,54,1649351496.063310000,10.11.219.6
1682,180,1649351496.068583000,10.11.219.6
1683,277,1649351496.075542000,10.11.219.6
1684,1185,1649351496.075587000,10.11.219.6
1685,302,1649351496.076051000,10.11.219.6
1686,-66,1649351496.079175000,184.25.233.138
1687,-66,1649351496.079176000,184.25.233.138
1688,-66,1649351496.079177000,184.25.233.138
1689,-108,1649351496.086911000,184.25.233.138
1690,66,1649351496.086934000,10.11.219.6
1691,-105,1649351496.203519000,52.119.167.229
1692,54,1649351496.203538000,10.11.219.6
1693,524,1649351496.203830000,10.11.219.6
1694,-337,1649351496.228392000,184.25.233.138
1695,-1434,1649351496.228393000,184.25.233.138
1696,78,1649351496.228414000,10.11.219.6
1697,66,1649351496.228448000,10.11.219.6
1698,177,1649351496.252091000,10.11.219.6
1699,-66,1649351496.263901000,151.101.109.16
1700,-653,1649351496.263902000,151.101.109.16
1701,-1434,1649351496.263902000,151.101.109.16
1702,78,1649351496.263927000,10.11.219.6
1703,66,1649351496.263956000,10.11.219.6
1704,-503,1649351496.361314000,52.119.167.229
1705,54,1649351496.361347000,10.11.219.6
1706,368,1649351496.363944000,10.11.219.6
1707,1434,1649351496.377867000,10.11.219.6
1708,570,1649351496.377888000,10.11.219.6
1709,1434,1649351496.378203000,10.11.219.6
1710,1172,1649351496.378209000,10.11.219.6
1711,1434,1649351496.379855000,10.11.219.6
1712,99,1649351496.379868000,10.11.219.6
1713,-66,1649351496.381548000,184.25.233.138
1714,149,1649351496.384242000,10.11.219.6
1715,74,1649351496.391810000,10.11.219.6
1716,-66,1649351496.395525000,151.101.109.16
1717,-2802,1649351496.396891000,151.101.109.16
1718,-167,1649351496.396892000,151.101.109.16
1719,-1434,1649351496.396892000,151.101.109.16
1720,66,1649351496.396916000,10.11.219.6
1721,78,1649351496.396941000,10.11.219.6
1722,66,1649351496.396947000,10.11.219.6
1723,74,1649351496.399245000,10.11.219.6
1724,-74,1649351496.401975000,18.65.156.177
1725,66,1649351496.401993000,10.11.219.6
1726,583,1649351496.405135000,10.11.219.6
1727,-66,1649351496.408406000,18.65.156.177
1728,-5538,1649351496.409887000,18.65.156.177
1729,66,1649351496.409910000,10.11.219.6
1730,-568,1649351496.410614000,18.65.156.177
1731,66,1649351496.410629000,10.11.219.6
1732,-1434,1649351496.415038000,184.25.233.138
1733,-104,1649351496.415039000,184.25.233.138
1734,-1434,1649351496.415039000,184.25.233.138
1735,66,1649351496.415060000,10.11.219.6
1736,78,1649351496.415078000,10.11.219.6
1737,66,1649351496.415085000,10.11.219.6
1738,130,1649351496.415935000,10.11.219.6
1739,236,1649351496.416323000,10.11.219.6
1740,385,1649351496.416346000,10.11.219.6
1741,-66,1649351496.418121000,18.65.156.177
1742,-128,1649351496.418122000,18.65.156.177
1743,66,1649351496.418140000,10.11.219.6
1744,97,1649351496.418214000,10.11.219.6
1745,-66,1649351496.419875000,18.65.156.177
1746,-66,1649351496.419879000,18.65.156.177
1747,-97,1649351496.419880000,18.65.156.177
1748,-8274,1649351496.419882000,18.65.156.177
1749,66,1649351496.419919000,10.11.219.6
1750,66,1649351496.419953000,10.11.219.6
1751,-135,1649351496.419977000,18.65.156.177
1752,-1434,1649351496.419978000,18.65.156.177
1753,78,1649351496.419985000,10.11.219.6
1754,66,1649351496.419993000,10.11.219.6
1755,-66,1649351496.420500000,18.65.156.177
1756,158,1649351496.480829000,10.11.219.6
1757,157,1649351496.481599000,10.11.219.6
1758,158,1649351496.481781000,10.11.219.6
1759,157,1649351496.482745000,10.11.219.6
1760,158,1649351496.483522000,10.11.219.6
1761,157,1649351496.483829000,10.11.219.6
1762,158,1649351496.483852000,10.11.219.6
1763,-66,1649351496.492088000,151.101.109.16
1764,-66,1649351496.494142000,151.101.109.16
1765,-66,1649351496.494143000,151.101.109.16
1766,-2802,1649351496.494143000,151.101.109.16
1767,66,1649351496.494164000,10.11.219.6
1768,-11010,1649351496.494234000,151.101.109.16
1769,66,1649351496.494241000,10.11.219.6
1770,-1044,1649351496.494249000,151.101.109.16
1771,-1434,1649351496.494250000,151.101.109.16
1772,78,1649351496.494255000,10.11.219.6
1773,66,1649351496.494269000,10.11.219.6
1774,-2802,1649351496.496710000,151.101.109.16
1775,66,1649351496.496727000,10.11.219.6
1776,-20586,1649351496.496872000,151.101.109.16
1777,66,1649351496.496892000,10.11.219.6
1778,-2802,1649351496.498809000,151.101.109.16
1779,66,1649351496.498820000,10.11.219.6
1780,-1434,1649351496.499003000,151.101.109.16
1781,-21954,1649351496.499011000,151.101.109.16
1782,-170,1649351496.499023000,151.101.109.16
1783,-1434,1649351496.499023000,151.101.109.16
1784,-66,1649351496.499024000,151.101.109.16
1785,78,1649351496.499031000,10.11.219.6
1786,66,1649351496.499043000,10.11.219.6
1787,-66,1649351496.501071000,151.101.109.16
1788,-2802,1649351496.501073000,151.101.109.16
1789,66,1649351496.501101000,10.11.219.6
1790,-12378,1649351496.501407000,151.101.109.16
1791,-1161,1649351496.501460000,151.101.109.16
1792,-1434,1649351496.501461000,151.101.109.16
1793,-12378,1649351496.501463000,151.101.109.16
1794,78,1649351496.501473000,10.11.219.6
1795,66,1649351496.501487000,10.11.219.6
1796,66,1649351496.501537000,10.11.219.6
1797,-5467,1649351496.503729000,151.101.109.16
1798,-66,1649351496.503730000,151.101.109.16
1799,-66,1649351496.503731000,151.101.109.16
1800,66,1649351496.503753000,10.11.219.6
1801,-24690,1649351496.504092000,151.101.109.16
1802,66,1649351496.504136000,10.11.219.6
1803,-2802,1649351496.506521000,151.101.109.16
1804,-6906,1649351496.506528000,151.101.109.16
1805,66,1649351496.506608000,10.11.219.6
1806,-18831,1649351496.506799000,151.101.109.16
1807,66,1649351496.507154000,10.11.219.6
1808,-66,1649351496.515285000,52.94.176.11
1809,54,1649351496.515307000,10.11.219.6
1810,571,1649351496.517193000,10.11.219.6
1811,-66,1649351496.518474000,34.213.237.248
1812,-66,1649351496.519562000,34.213.237.248
1813,-235,1649351496.522874000,34.213.237.248
1814,-104,1649351496.522876000,34.213.237.248
1815,66,1649351496.522937000,10.11.219.6
1816,66,1649351496.523008000,10.11.219.6
1817,-235,1649351496.529638000,34.213.237.248
1818,66,1649351496.529657000,10.11.219.6
1819,-104,1649351496.530511000,34.213.237.248
1820,66,1649351496.530521000,10.11.219.6
1821,-477,1649351496.534593000,184.25.233.138
1822,66,1649351496.534608000,10.11.219.6
1823,434,1649351496.617745000,10.11.219.6
1824,486,1649351496.617963000,10.11.219.6
1825,74,1649351496.622184000,10.11.219.6
1826,74,1649351496.622271000,10.11.219.6
1827,-54,1649351496.639597000,52.94.176.11
1828,-54,1649351496.641564000,52.94.176.11
1829,-4134,1649351496.643093000,52.94.176.11
1830,54,1649351496.643120000,10.11.219.6
1831,-1999,1649351496.643880000,52.94.176.11
1832,54,1649351496.643887000,10.11.219.6
1833,180,1649351496.647191000,10.11.219.6
1834,-66,1649351496.662204000,184.25.233.138
1835,74,1649351496.693241000,10.11.219.6
1836,-66,1649351496.746210000,52.94.176.11
1837,54,1649351496.746241000,10.11.219.6
1838,160,1649351496.746311000,10.11.219.6
1839,571,1649351496.749340000,10.11.219.6
1840,-66,1649351496.750844000,52.94.176.11
1841,54,1649351496.750871000,10.11.219.6
1842,571,1649351496.753602000,10.11.219.6
1843,-66,1649351496.757463000,151.101.109.16
1844,-8274,1649351496.759273000,151.101.109.16
1845,-2802,1649351496.759321000,151.101.109.16
1846,-72,1649351496.759321000,151.101.109.16
1847,-1434,1649351496.759321000,151.101.109.16
1848,66,1649351496.759341000,10.11.219.6
1849,78,1649351496.759395000,10.11.219.6
1850,66,1649351496.759402000,10.11.219.6
1851,-235,1649351496.761665000,34.213.237.248
1852,-104,1649351496.761666000,34.213.237.248
1853,66,1649351496.761686000,10.11.219.6
1854,66,1649351496.761707000,10.11.219.6
1855,-105,1649351496.771312000,52.94.176.11
1856,54,1649351496.771398000,10.11.219.6
1857,1414,1649351496.772597000,10.11.219.6
1858,1414,1649351496.772646000,10.11.219.6
1859,1414,1649351496.772688000,10.11.219.6
1860,1414,1649351496.772702000,10.11.219.6
1861,1414,1649351496.773216000,10.11.219.6
1862,1414,1649351496.773239000,10.11.219.6
1863,1414,1649351496.773267000,10.11.219.6
1864,1414,1649351496.773272000,10.11.219.6
1865,1414,1649351496.773769000,10.11.219.6
1866,1414,1649351496.773786000,10.11.219.6
1867,-66,1649351496.821004000,52.94.215.169
1868,54,1649351496.821043000,10.11.219.6
1869,571,1649351496.824489000,10.11.219.6
1870,160,1649351496.837515000,10.11.219.6
1871,-66,1649351496.848773000,151.101.109.16
1872,74,1649351496.850081000,10.11.219.6
1873,-8081,1649351496.850368000,151.101.109.16
1874,66,1649351496.850401000,10.11.219.6
1875,160,1649351496.858313000,10.11.219.6
1876,160,1649351496.867416000,10.11.219.6
1877,-54,1649351496.868121000,52.94.176.11
1878,-66,1649351496.869154000,151.101.109.16
1879,-12378,1649351496.872055000,151.101.109.16
1880,-1178,1649351496.872082000,151.101.109.16
1881,-54,1649351496.872082000,52.94.176.11
1882,-1434,1649351496.872083000,151.101.109.16
1883,78,1649351496.872104000,10.11.219.6
1884,66,1649351496.872135000,10.11.219.6
1885,-6079,1649351496.875184000,52.94.176.11
1886,54,1649351496.875219000,10.11.219.6
1887,-66,1649351496.878512000,151.101.109.16
1888,-54,1649351496.878513000,52.94.176.11
1889,180,1649351496.879887000,10.11.219.6
1890,-5538,1649351496.880183000,151.101.109.16
1891,66,1649351496.880194000,10.11.219.6
1892,-4170,1649351496.880247000,151.101.109.16
1893,-284,1649351496.880247000,151.101.109.16
1894,-1434,1649351496.880247000,151.101.109.16
1895,66,1649351496.880254000,10.11.219.6
1896,78,1649351496.880262000,10.11.219.6
1897,66,1649351496.880267000,10.11.219.6
1898,-54,1649351496.881738000,52.94.176.11
1899,-2774,1649351496.884186000,52.94.176.11
1900,54,1649351496.884198000,10.11.219.6
1901,-3359,1649351496.885129000,52.94.176.11
1902,54,1649351496.885136000,10.11.219.6
1903,180,1649351496.890710000,10.11.219.6
1904,160,1649351496.892097000,10.11.219.6
1905,160,1649351496.892583000,10.11.219.6
1906,-54,1649351496.896742000,52.94.176.11
1907,-54,1649351496.896743000,52.94.176.11
1908,830,1649351496.896765000,10.11.219.6
1909,-54,1649351496.897813000,52.94.176.11
1910,-54,1649351496.897814000,52.94.176.11
1911,-54,1649351496.897814000,52.94.176.11
1912,-66,1649351496.903801000,151.101.109.16
1913,-66,1649351496.903802000,151.101.109.16
1914,-2802,1649351496.906058000,151.101.109.16
1915,66,1649351496.906203000,10.11.219.6
1916,-13284,1649351496.907698000,151.101.109.16
1917,-5538,1649351496.907721000,151.101.109.16
1918,-624,1649351496.907721000,151.101.109.16
1919,-1434,1649351496.907722000,151.101.109.16
1920,-11010,1649351496.907724000,151.101.109.16
1921,66,1649351496.907732000,10.11.219.6
1922,-130,1649351496.907739000,151.101.109.16
1923,-1434,1649351496.907740000,151.101.109.16
1924,78,1649351496.907751000,10.11.219.6
1925,66,1649351496.907757000,10.11.219.6
1926,78,1649351496.907761000,10.11.219.6
1927,66,1649351496.907765000,10.11.219.6
1928,160,1649351496.924140000,10.11.219.6
1929,159,1649351496.931337000,10.11.219.6
1930,-477,1649351496.933612000,184.25.233.138
1931,66,1649351496.933623000,10.11.219.6
1932,-66,1649351496.935675000,151.101.109.16
1933,-9642,1649351496.938928000,151.101.109.16
1934,-853,1649351496.938930000,151.101.109.16
1935,78,1649351496.938958000,10.11.219.6
1936,-1434,1649351496.938983000,151.101.109.16
1937,66,1649351496.938989000,10.11.219.6
1938,-66,1649351496.942322000,151.101.109.16
1939,-9642,1649351496.945050000,151.101.109.16
1940,-627,1649351496.945051000,151.101.109.16
1941,78,1649351496.945071000,10.11.219.6
1942,-1434,1649351496.945086000,151.101.109.16
1943,66,1649351496.945098000,10.11.219.6
1944,160,1649351496.948892000,10.11.219.6
1945,-54,1649351496.950104000,52.94.215.169
1946,161,1649351496.950748000,10.11.219.6
1947,-54,1649351496.953453000,52.94.215.169
1948,-5950,1649351496.959445000,52.94.215.169
1949,54,1649351496.959459000,10.11.219.6
1950,-66,1649351496.960191000,151.101.109.16
1951,180,1649351496.964141000,10.11.219.6
1952,-8274,1649351496.964260000,151.101.109.16
1953,66,1649351496.964529000,10.11.219.6
1954,-6721,1649351496.965026000,151.101.109.16
1955,-66,1649351496.965027000,151.101.109.16
1956,-9642,1649351496.965028000,151.101.109.16
1957,-1363,1649351496.965045000,151.101.109.16
1958,-1434,1649351496.965045000,151.101.109.16
1959,78,1649351496.965053000,10.11.219.6
1960,66,1649351496.965064000,10.11.219.6
1961,74,1649351496.978824000,10.11.219.6
1962,160,1649351496.981047000,10.11.219.6
1963,-66,1649351496.985997000,52.94.176.11
1964,54,1649351496.986023000,10.11.219.6
1965,571,1649351496.988151000,10.11.219.6
1966,-66,1649351496.992269000,151.101.109.16
1967,-2802,1649351496.995673000,151.101.109.16
1968,66,1649351496.995704000,10.11.219.6
1969,-7928,1649351496.997045000,151.101.109.16
1970,66,1649351496.997066000,10.11.219.6
1971,-105,1649351497.002012000,52.94.176.11
1972,54,1649351497.002031000,10.11.219.6
1973,639,1649351497.002272000,10.11.219.6
1974,-105,1649351497.019218000,52.94.176.11
1975,54,1649351497.019236000,10.11.219.6
1976,-681,1649351497.036397000,52.94.176.11
1977,54,1649351497.036417000,10.11.219.6
1978,-105,1649351497.094674000,52.94.215.169
1979,54,1649351497.094690000,10.11.219.6
1980,795,1649351497.094910000,10.11.219.6
1981,-54,1649351497.119300000,52.94.176.11
1982,-54,1649351497.122516000,52.94.176.11
1983,-2774,1649351497.124057000,52.94.176.11
1984,54,1649351497.124071000,10.11.219.6
1985,-3359,1649351497.127092000,52.94.176.11
1986,54,1649351497.127115000,10.11.219.6
1987,180,1649351497.130179000,10.11.219.6
1988,-776,1649351497.133431000,52.94.176.11
1989,54,1649351497.133441000,10.11.219.6
1990,1414,1649351497.134254000,10.11.219.6
1991,1276,1649351497.134268000,10.11.219.6
1992,-66,1649351497.149778000,52.94.234.174
1993,54,1649351497.149797000,10.11.219.6
1994,571,1649351497.151419000,10.11.219.6
1995,74,1649351497.175842000,10.11.219.6
1996,-54,1649351497.256636000,52.94.176.11
1997,-105,1649351497.264187000,52.94.176.11
1998,-54,1649351497.264188000,52.94.215.169
1999,54,1649351497.264199000,10.11.219.6
2000,1414,1649351497.264429000,10.11.219.6
2001,1414,1649351497.264437000,10.11.219.6
2002,736,1649351497.265121000,10.11.219.6
2003,-659,1649351497.266356000,52.94.176.11
2004,-106,1649351497.266356000,52.94.176.11
2005,54,1649351497.266555000,10.11.219.6
2006,-1098,1649351497.296546000,52.94.215.169
2007,54,1649351497.296567000,10.11.219.6
2008,842,1649351497.301800000,10.11.219.6
2009,-66,1649351497.311283000,52.119.166.51
2010,54,1649351497.311312000,10.11.219.6
2011,571,1649351497.315190000,10.11.219.6
2012,-54,1649351497.320971000,52.94.234.174
2013,-54,1649351497.322061000,52.94.234.174
2014,-150,1649351497.323617000,52.94.234.174
2015,-5022,1649351497.323618000,52.94.234.174
2016,54,1649351497.323631000,10.11.219.6
2017,54,1649351497.323655000,10.11.219.6
2018,-392,1649351497.324276000,52.94.234.174
2019,-63,1649351497.324277000,52.94.234.174
2020,54,1649351497.324286000,10.11.219.6
2021,54,1649351497.324298000,10.11.219.6
2022,204,1649351497.328602000,10.11.219.6
2023,-63,1649351497.358737000,52.94.234.174
2024,66,1649351497.358769000,10.11.219.6
2025,-54,1649351497.398476000,52.94.176.11
2026,-659,1649351497.419295000,52.94.176.11
2027,-105,1649351497.419297000,52.94.176.11
2028,54,1649351497.419339000,10.11.219.6
2029,54,1649351497.419371000,10.11.219.6
2030,-54,1649351497.430296000,52.94.215.169
2031,-54,1649351497.445171000,52.119.166.51
2032,-54,1649351497.450690000,52.119.166.51
2033,-6014,1649351497.453233000,52.119.166.51
2034,54,1649351497.453275000,10.11.219.6
2035,180,1649351497.461423000,10.11.219.6
2036,228,1649351497.472166000,10.11.219.6
2037,1355,1649351497.472237000,10.11.219.6
2038,1434,1649351497.472345000,10.11.219.6
2039,1434,1649351497.472350000,10.11.219.6
2040,1434,1649351497.472835000,10.11.219.6
2041,1434,1649351497.472843000,10.11.219.6
2042,1434,1649351497.472848000,10.11.219.6
2043,1434,1649351497.472849000,10.11.219.6
2044,1434,1649351497.473447000,10.11.219.6
2045,1434,1649351497.473452000,10.11.219.6
2046,-54,1649351497.499194000,52.94.234.174
2047,-60,1649351497.499195000,52.94.234.174
2048,-123,1649351497.499195000,52.94.234.174
2049,54,1649351497.499214000,10.11.219.6
2050,54,1649351497.499233000,10.11.219.6
2051,507,1649351497.499422000,10.11.219.6
2052,-1950,1649351497.520799000,52.94.215.169
2053,54,1649351497.520833000,10.11.219.6
2054,74,1649351497.549712000,10.11.219.6
2055,-105,1649351497.595473000,52.119.166.51
2056,54,1649351497.595487000,10.11.219.6
2057,825,1649351497.595710000,10.11.219.6
2058,-66,1649351497.612713000,34.213.237.248
2059,-66,1649351497.612714000,34.213.237.248
2060,-108,1649351497.612714000,34.213.237.248
2061,-66,1649351497.612715000,34.213.237.248
2062,-66,1649351497.612715000,34.213.237.248
2063,1434,1649351497.612745000,10.11.219.6
2064,1434,1649351497.612760000,10.11.219.6
2065,1434,1649351497.612769000,10.11.219.6
2066,1434,1649351497.612771000,10.11.219.6
2067,66,1649351497.612785000,10.11.219.6
2068,1434,1649351497.613377000,10.11.219.6
2069,1434,1649351497.613386000,10.11.219.6
2070,1434,1649351497.613394000,10.11.219.6
2071,1434,1649351497.613404000,10.11.219.6
2072,-66,1649351497.613658000,34.213.237.248
2073,1434,1649351497.614313000,10.11.219.6
2074,1434,1649351497.614327000,10.11.219.6
2075,1434,1649351497.614336000,10.11.219.6
2076,1434,1649351497.614339000,10.11.219.6
2077,1434,1649351497.614993000,10.11.219.6
2078,1434,1649351497.615007000,10.11.219.6
2079,1434,1649351497.615019000,10.11.219.6
2080,1434,1649351497.615022000,10.11.219.6
2081,1434,1649351497.615464000,10.11.219.6
2082,1434,1649351497.615476000,10.11.219.6
2083,1434,1649351497.616452000,10.11.219.6
2084,1434,1649351497.616465000,10.11.219.6
2085,-283,1649351497.670159000,52.94.234.174
2086,54,1649351497.670196000,10.11.219.6
2087,74,1649351497.683702000,10.11.219.6
2088,-66,1649351497.723844000,209.54.180.144
2089,54,1649351497.723894000,10.11.219.6
2090,571,1649351497.728383000,10.11.219.6
2091,-439,1649351497.736738000,52.119.166.51
2092,54,1649351497.736764000,10.11.219.6
2093,-66,1649351497.757517000,34.213.237.248
2094,-66,1649351497.757519000,34.213.237.248
2095,-108,1649351497.757520000,34.213.237.248
2096,-66,1649351497.757521000,34.213.237.248
2097,-66,1649351497.757521000,34.213.237.248
2098,-66,1649351497.757522000,34.213.237.248
2099,-66,1649351497.757523000,34.213.237.248
2100,1434,1649351497.757571000,10.11.219.6
2101,1434,1649351497.757598000,10.11.219.6
2102,1434,1649351497.757613000,10.11.219.6
2103,1434,1649351497.757618000,10.11.219.6
2104,66,1649351497.757790000,10.11.219.6
2105,1434,1649351497.758378000,10.11.219.6
2106,1434,1649351497.758400000,10.11.219.6
2107,1434,1649351497.758419000,10.11.219.6
2108,1434,1649351497.758424000,10.11.219.6
2109,1434,1649351497.758429000,10.11.219.6
2110,1434,1649351497.759243000,10.11.219.6
2111,914,1649351497.759272000,10.11.219.6
2112,-66,1649351497.759312000,34.213.237.248
2113,-66,1649351497.760397000,34.213.237.248
2114,-66,1649351497.760399000,34.213.237.248
2115,-108,1649351497.760399000,34.213.237.248
2116,-66,1649351497.760400000,34.213.237.248
2117,66,1649351497.760592000,10.11.219.6
2118,-74,1649351497.807248000,44.239.9.60
2119,66,1649351497.807311000,10.11.219.6
2120,583,1649351497.812217000,10.11.219.6
2121,462,1649351497.889894000,10.11.219.6
2122,174,1649351497.893084000,10.11.219.6
2123,959,1649351497.896627000,10.11.219.6
2124,740,1649351497.896973000,10.11.219.6
2125,-66,1649351497.897518000,34.213.237.248
2126,-66,1649351497.897519000,34.213.237.248
2127,-54,1649351497.898555000,209.54.180.144
2128,-66,1649351497.898556000,34.213.237.248
2129,-66,1649351497.898556000,34.213.237.248
2130,-108,1649351497.898557000,34.213.237.248
2131,66,1649351497.898705000,10.11.219.6
2132,-66,1649351497.899603000,34.213.237.248
2133,-66,1649351497.900667000,151.101.109.16
2134,-2802,1649351497.903859000,151.101.109.16
2135,66,1649351497.903969000,10.11.219.6
2136,-8274,1649351497.906139000,151.101.109.16
2137,66,1649351497.906218000,10.11.219.6
2138,-5061,1649351497.910519000,151.101.109.16
2139,-15114,1649351497.910522000,151.101.109.16
2140,66,1649351497.910544000,10.11.219.6
2141,66,1649351497.910572000,10.11.219.6
2142,-87,1649351497.910591000,151.101.109.16
2143,-1434,1649351497.910592000,151.101.109.16
2144,-27426,1649351497.910596000,151.101.109.16
2145,78,1649351497.910604000,10.11.219.6
2146,66,1649351497.910611000,10.11.219.6
2147,66,1649351497.910616000,10.11.219.6
2148,-4170,1649351497.911096000,151.101.109.16
2149,-108,1649351497.911099000,151.101.109.16
2150,-54,1649351497.911099000,209.54.180.144
2151,-1434,1649351497.911100000,151.101.109.16
2152,-24384,1649351497.911105000,151.101.109.16
2153,66,1649351497.911118000,10.11.219.6
2154,78,1649351497.911133000,10.11.219.6
2155,66,1649351497.911147000,10.11.219.6
2156,66,1649351497.911151000,10.11.219.6
2157,-66,1649351497.911174000,151.101.109.16
2158,-9642,1649351497.911176000,151.101.109.16
2159,66,1649351497.911184000,10.11.219.6
2160,-164,1649351497.911197000,151.101.109.16
2161,-1434,1649351497.911198000,151.101.109.16
2162,-1414,1649351497.911198000,209.54.180.144
2163,78,1649351497.911202000,10.11.219.6
2164,66,1649351497.911209000,10.11.219.6
2165,54,1649351497.911213000,10.11.219.6
2166,-4641,1649351497.915540000,209.54.180.144
2167,-66,1649351497.915541000,151.101.109.16
2168,-2802,1649351497.915542000,151.101.109.16
2169,54,1649351497.915566000,10.11.219.6
2170,66,1649351497.915593000,10.11.219.6
2171,-13415,1649351497.916029000,151.101.109.16
2172,66,1649351497.916036000,10.11.219.6
2173,-66,1649351497.916071000,151.101.109.16
2174,-15114,1649351497.916074000,151.101.109.16
2175,66,1649351497.916084000,10.11.219.6
2176,-87,1649351497.916101000,151.101.109.16
2177,-1434,1649351497.916102000,151.101.109.16
2178,-5538,1649351497.916103000,151.101.109.16
2179,78,1649351497.916107000,10.11.219.6
2180,66,1649351497.916113000,10.11.219.6
2181,66,1649351497.916117000,10.11.219.6
2182,-8274,1649351497.918076000,151.101.109.16
2183,66,1649351497.918096000,10.11.219.6
2184,-1434,1649351497.918648000,151.101.109.16
2185,-87,1649351497.918649000,151.101.109.16
2186,-1434,1649351497.918649000,151.101.109.16
2187,-16482,1649351497.918655000,151.101.109.16
2188,66,1649351497.918666000,10.11.219.6
2189,78,1649351497.918679000,10.11.219.6
2190,66,1649351497.918684000,10.11.219.6
2191,66,1649351497.918688000,10.11.219.6
2192,-560,1649351497.918700000,151.101.109.16
2193,-1434,1649351497.918701000,151.101.109.16
2194,-5538,1649351497.918704000,151.101.109.16
2195,78,1649351497.918708000,10.11.219.6
2196,66,1649351497.918713000,10.11.219.6
2197,-2802,1649351497.920533000,151.101.109.16
2198,-6906,1649351497.920709000,151.101.109.16
2199,-87,1649351497.920710000,151.101.109.16
2200,-1434,1649351497.920710000,151.101.109.16
2201,-16126,1649351497.920713000,151.101.109.16
2202,78,1649351497.920728000,10.11.219.6
2203,66,1649351497.920744000,10.11.219.6
2204,-260,1649351497.920751000,34.213.237.248
2205,180,1649351497.921749000,10.11.219.6
2206,66,1649351497.922161000,10.11.219.6
2207,66,1649351497.922812000,10.11.219.6
2208,176,1649351497.925917000,10.11.219.6
2209,1008,1649351497.927646000,10.11.219.6
2210,182,1649351497.934410000,10.11.219.6
2211,-66,1649351497.936170000,44.239.9.60
2212,187,1649351497.936798000,10.11.219.6
2213,-66,1649351497.938519000,151.101.109.16
2214,-4170,1649351497.938521000,44.239.9.60
2215,-82,1649351497.938521000,44.239.9.60
2216,-618,1649351497.938521000,151.101.109.16
2217,-66,1649351497.938521000,151.101.109.16
2218,-1434,1649351497.938522000,44.239.9.60
2219,66,1649351497.938540000,10.11.219.6
2220,78,1649351497.938551000,10.11.219.6
2221,66,1649351497.938557000,10.11.219.6
2222,66,1649351497.938582000,10.11.219.6
2223,-2802,1649351497.942443000,151.101.109.16
2224,66,1649351497.942459000,10.11.219.6
2225,-2802,1649351497.942541000,151.101.109.16
2226,66,1649351497.942544000,10.11.219.6
2227,192,1649351497.942954000,10.11.219.6
2228,571,1649351497.944164000,10.11.219.6
2229,-10556,1649351497.944509000,151.101.109.16
2230,66,1649351497.944523000,10.11.219.6
2231,-15114,1649351497.944553000,151.101.109.16
2232,-87,1649351497.944572000,151.101.109.16
2233,-1434,1649351497.944572000,151.101.109.16
2234,-11010,1649351497.944574000,151.101.109.16
2235,78,1649351497.944581000,10.11.219.6
2236,66,1649351497.944586000,10.11.219.6
2237,66,1649351497.944758000,10.11.219.6
2238,-8274,1649351497.944891000,151.101.109.16
2239,66,1649351497.945034000,10.11.219.6
2240,173,1649351497.945928000,10.11.219.6
2241,-9642,1649351497.946901000,151.101.109.16
2242,66,1649351497.946937000,10.11.219.6
2243,-4170,1649351497.947425000,151.101.109.16
2244,-20586,1649351497.947430000,151.101.109.16
2245,66,1649351497.947439000,10.11.219.6
2246,66,1649351497.947489000,10.11.219.6
2247,838,1649351497.949799000,10.11.219.6
2248,-2802,1649351497.955133000,151.101.109.16
2249,66,1649351497.955143000,10.11.219.6
2250,-9642,1649351497.957766000,151.101.109.16
2251,-1434,1649351497.957766000,151.101.109.16
2252,66,1649351497.957807000,10.11.219.6
2253,-31530,1649351497.959752000,151.101.109.16
2254,-16482,1649351497.959773000,151.101.109.16
2255,66,1649351497.959794000,10.11.219.6
2256,-11010,1649351497.960260000,151.101.109.16
2257,66,1649351497.960264000,10.11.219.6
2258,-2802,1649351497.962616000,151.101.109.16
2259,66,1649351497.962621000,10.11.219.6
2260,-2802,1649351497.962790000,151.101.109.16
2261,-2802,1649351497.962791000,151.101.109.16
2262,66,1649351497.962795000,10.11.219.6
2263,66,1649351497.962809000,10.11.219.6
2264,-2802,1649351497.964810000,151.101.109.16
2265,66,1649351497.964814000,10.11.219.6
2266,-26058,1649351497.967136000,151.101.109.16
2267,-11903,1649351497.967143000,151.101.109.16
2268,-66,1649351497.967146000,151.101.109.16
2269,-2802,1649351497.967146000,151.101.109.16
2270,66,1649351497.967176000,10.11.219.6
2271,-1157,1649351497.967654000,151.101.109.16
2272,-66,1649351497.967655000,151.101.109.16
2273,-1434,1649351497.967655000,151.101.109.16
2274,-87,1649351497.967656000,151.101.109.16
2275,-1434,1649351497.967657000,151.101.109.16
2276,-66,1649351497.967657000,151.101.109.16
2277,66,1649351497.967677000,10.11.219.6
2278,78,1649351497.967692000,10.11.219.6
2279,66,1649351497.967719000,10.11.219.6
2280,-13746,1649351497.967753000,151.101.109.16
2281,-936,1649351497.967781000,151.101.109.16
2282,-1434,1649351497.967782000,151.101.109.16
2283,-13746,1649351497.967785000,151.101.109.16
2284,78,1649351497.967791000,10.11.219.6
2285,66,1649351497.967797000,10.11.219.6
2286,66,1649351497.967852000,10.11.219.6
2287,-1434,1649351497.970264000,151.101.109.16
2288,-87,1649351497.970265000,151.101.109.16
2289,-1434,1649351497.970265000,151.101.109.16
2290,78,1649351497.970295000,10.11.219.6
2291,66,1649351497.970315000,10.11.219.6
2292,-10103,1649351497.970906000,151.101.109.16
2293,-66,1649351497.970941000,151.101.109.16
2294,-2802,1649351497.970941000,151.101.109.16
2295,-515,1649351497.970942000,151.101.109.16
2296,-1434,1649351497.970942000,151.101.109.16
2297,-66,1649351497.970942000,151.101.109.16
2298,-16132,1649351497.970945000,151.101.109.16
2299,78,1649351497.970960000,10.11.219.6
2300,66,1649351497.970972000,10.11.219.6
2301,66,1649351497.970994000,10.11.219.6
2302,-2802,1649351497.973632000,151.101.109.16
2303,66,1649351497.973646000,10.11.219.6
2304,-12378,1649351497.973791000,151.101.109.16
2305,-87,1649351497.973817000,151.101.109.16
2306,-1434,1649351497.973817000,151.101.109.16
2307,-9235,1649351497.973819000,151.101.109.16
2308,78,1649351497.973828000,10.11.219.6
2309,66,1649351497.973836000,10.11.219.6
2310,66,1649351497.973869000,10.11.219.6
2311,200,1649351497.976164000,10.11.219.6
2312,184,1649351497.976865000,10.11.219.6
2313,178,1649351497.977952000,10.11.219.6
2314,1227,1649351497.980208000,10.11.219.6
2315,176,1649351497.983848000,10.11.219.6
2316,-66,1649351497.987036000,151.101.109.16
2317,-730,1649351497.989386000,151.101.109.16
2318,-66,1649351497.989386000,151.101.109.16
2319,-1434,1649351497.989386000,151.101.109.16
2320,-119,1649351497.989387000,151.101.109.16
2321,-1434,1649351497.989387000,151.101.109.16
2322,-66,1649351497.989387000,151.101.109.16
2323,-235,1649351497.989387000,151.101.109.16
2324,-1211,1649351497.989387000,151.101.109.16
2325,78,1649351497.989411000,10.11.219.6
2326,66,1649351497.989422000,10.11.219.6
2327,66,1649351497.989900000,10.11.219.6
2328,-2802,1649351497.991922000,151.101.109.16
2329,-6906,1649351497.991964000,151.101.109.16
2330,66,1649351497.992027000,10.11.219.6
2331,-4170,1649351497.996211000,151.101.109.16
2332,-999,1649351497.996212000,151.101.109.16
2333,-1434,1649351497.996212000,151.101.109.16
2334,-12378,1649351497.996221000,151.101.109.16
2335,66,1649351497.996243000,10.11.219.6
2336,78,1649351497.996269000,10.11.219.6
2337,66,1649351497.996276000,10.11.219.6
2338,66,1649351497.996307000,10.11.219.6
2339,-2802,1649351497.996724000,151.101.109.16
2340,-87,1649351497.996725000,151.101.109.16
2341,-1434,1649351497.996726000,151.101.109.16
2342,-30162,1649351497.996731000,151.101.109.16
2343,66,1649351497.996745000,10.11.219.6
2344,78,1649351497.996759000,10.11.219.6
2345,66,1649351497.996764000,10.11.219.6
2346,-2802,1649351497.996779000,151.101.109.16
2347,191,1649351497.996854000,10.11.219.6
2348,219,1649351497.997377000,10.11.219.6
2349,185,1649351498.000494000,10.11.219.6
2350,455,1649351498.000682000,10.11.219.6
2351,-11010,1649351498.003668000,151.101.109.16
2352,66,1649351498.003687000,10.11.219.6
2353,-16482,1649351498.004105000,151.101.109.16
2354,-13746,1649351498.004119000,151.101.109.16
2355,66,1649351498.004144000,10.11.219.6
2356,-2802,1649351498.006325000,151.101.109.16
2357,66,1649351498.006330000,10.11.219.6
2358,-13746,1649351498.008580000,151.101.109.16
2359,-5538,1649351498.008583000,151.101.109.16
2360,66,1649351498.008599000,10.11.219.6
2361,-16482,1649351498.008940000,151.101.109.16
2362,66,1649351498.008945000,10.11.219.6
2363,-8274,1649351498.010959000,151.101.109.16
2364,-13746,1649351498.010960000,151.101.109.16
2365,66,1649351498.010967000,10.11.219.6
2366,66,1649351498.010994000,10.11.219.6
2367,-13746,1649351498.011453000,151.101.109.16
2368,66,1649351498.011457000,10.11.219.6
2369,-2802,1649351498.013363000,151.101.109.16
2370,-66,1649351498.013363000,151.101.109.16
2371,-4170,1649351498.013364000,151.101.109.16
2372,-11010,1649351498.013365000,151.101.109.16
2373,66,1649351498.013371000,10.11.219.6
2374,66,1649351498.013411000,10.11.219.6
2375,-19218,1649351498.013892000,151.101.109.16
2376,66,1649351498.013898000,10.11.219.6
2377,-11010,1649351498.013941000,151.101.109.16
2378,66,1649351498.013980000,10.11.219.6
2379,-2802,1649351498.016869000,151.101.109.16
2380,66,1649351498.016874000,10.11.219.6
2381,-11010,1649351498.017209000,151.101.109.16
2382,66,1649351498.017235000,10.11.219.6
2383,-5538,1649351498.019932000,151.101.109.16
2384,-4170,1649351498.019933000,151.101.109.16
2385,-9642,1649351498.019934000,151.101.109.16
2386,66,1649351498.019987000,10.11.219.6
2387,-6508,1649351498.020035000,151.101.109.16
2388,-66,1649351498.020035000,151.101.109.16
2389,-66,1649351498.020035000,151.101.109.16
2390,-900,1649351498.020041000,151.101.109.16
2391,-4170,1649351498.020073000,151.101.109.16
2392,66,1649351498.020148000,10.11.219.6
2393,-9642,1649351498.021693000,151.101.109.16
2394,-933,1649351498.021694000,151.101.109.16
2395,66,1649351498.021713000,10.11.219.6
2396,78,1649351498.021734000,10.11.219.6
2397,-1434,1649351498.021755000,151.101.109.16
2398,-4170,1649351498.021756000,151.101.109.16
2399,66,1649351498.021764000,10.11.219.6
2400,66,1649351498.021805000,10.11.219.6
2401,-5538,1649351498.022129000,151.101.109.16
2402,-97,1649351498.022130000,151.101.109.16
2403,-1434,1649351498.022131000,151.101.109.16
2404,-66,1649351498.022131000,151.101.109.16
2405,-66,1649351498.022131000,151.101.109.16
2406,66,1649351498.022142000,10.11.219.6
2407,78,1649351498.022154000,10.11.219.6
2408,66,1649351498.022159000,10.11.219.6
2409,-1411,1649351498.022193000,151.101.109.16
2410,-13746,1649351498.022195000,151.101.109.16
2411,66,1649351498.022224000,10.11.219.6
2412,-973,1649351498.024018000,151.101.109.16
2413,-1434,1649351498.024019000,151.101.109.16
2414,78,1649351498.024038000,10.11.219.6
2415,66,1649351498.024056000,10.11.219.6
2416,-15114,1649351498.024533000,151.101.109.16
2417,-87,1649351498.024567000,151.101.109.16
2418,-1434,1649351498.024568000,151.101.109.16
2419,-13746,1649351498.024570000,151.101.109.16
2420,78,1649351498.024582000,10.11.219.6
2421,66,1649351498.024595000,10.11.219.6
2422,66,1649351498.024620000,10.11.219.6
2423,-2802,1649351498.026561000,151.101.109.16
2424,66,1649351498.026577000,10.11.219.6
2425,-5538,1649351498.026981000,151.101.109.16
2426,66,1649351498.027015000,10.11.219.6
2427,-5538,1649351498.028887000,151.101.109.16
2428,66,1649351498.028898000,10.11.219.6
2429,-4170,1649351498.029003000,151.101.109.16
2430,-108,1649351498.029003000,151.101.109.16
2431,-1434,1649351498.029004000,151.101.109.16
2432,-21954,1649351498.029007000,151.101.109.16
2433,66,1649351498.029024000,10.11.219.6
2434,78,1649351498.029032000,10.11.219.6
2435,66,1649351498.029037000,10.11.219.6
2436,-906,1649351498.029043000,151.101.109.16
2437,-1434,1649351498.029044000,151.101.109.16
2438,78,1649351498.029047000,10.11.219.6
2439,66,1649351498.029052000,10.11.219.6
2440,189,1649351498.030231000,10.11.219.6
2441,185,1649351498.033564000,10.11.219.6
2442,792,1649351498.033856000,10.11.219.6
2443,1298,1649351498.038766000,10.11.219.6
2444,-66,1649351498.040775000,151.101.109.16
2445,-751,1649351498.041879000,151.101.109.16
2446,684,1649351498.044697000,10.11.219.6
2447,-66,1649351498.045367000,151.101.109.16
2448,-66,1649351498.045368000,151.101.109.16
2449,-723,1649351498.045368000,151.101.109.16
2450,-1434,1649351498.045368000,151.101.109.16
2451,66,1649351498.045424000,10.11.219.6
2452,-2802,1649351498.047411000,151.101.109.16
2453,66,1649351498.047443000,10.11.219.6
2454,-8274,1649351498.049624000,151.101.109.16
2455,-3902,1649351498.049636000,151.101.109.16
2456,-7911,1649351498.049637000,151.101.109.16
2457,66,1649351498.049661000,10.11.219.6
2458,101,1649351498.051055000,10.11.219.6
2459,-16130,1649351498.055041000,151.101.109.16
2460,-9642,1649351498.055059000,151.101.109.16
2461,66,1649351498.055086000,10.11.219.6
2462,-5538,1649351498.055462000,151.101.109.16
2463,-87,1649351498.055463000,151.101.109.16
2464,-1434,1649351498.055463000,151.101.109.16
2465,-28794,1649351498.055467000,151.101.109.16
2466,66,1649351498.055478000,10.11.219.6
2467,78,1649351498.055490000,10.11.219.6
2468,66,1649351498.055495000,10.11.219.6
2469,66,1649351498.055536000,10.11.219.6
2470,-2802,1649351498.057597000,151.101.109.16
2471,66,1649351498.057605000,10.11.219.6
2472,-8274,1649351498.057858000,151.101.109.16
2473,66,1649351498.057876000,10.11.219.6
2474,-5538,1649351498.059829000,151.101.109.16
2475,66,1649351498.059843000,10.11.219.6
2476,-12378,1649351498.060313000,151.101.109.16
2477,-28794,1649351498.060353000,151.101.109.16
2478,66,1649351498.060366000,10.11.219.6
2479,-5538,1649351498.062227000,151.101.109.16
2480,66,1649351498.062234000,10.11.219.6
2481,-23322,1649351498.062707000,151.101.109.16
2482,-4170,1649351498.062713000,151.101.109.16
2483,66,1649351498.062732000,10.11.219.6
2484,-19218,1649351498.067447000,151.101.109.16
2485,66,1649351498.067455000,10.11.219.6
2486,-5538,1649351498.067902000,151.101.109.16
2487,-6906,1649351498.067903000,151.101.109.16
2488,66,1649351498.067912000,10.11.219.6
2489,-17850,1649351498.067950000,151.101.109.16
2490,66,1649351498.067977000,10.11.219.6
2491,-5538,1649351498.069817000,151.101.109.16
2492,66,1649351498.069825000,10.11.219.6
2493,-5538,1649351498.070258000,151.101.109.16
2494,-20586,1649351498.070261000,151.101.109.16
2495,66,1649351498.070266000,10.11.219.6
2496,-762,1649351498.070272000,151.101.109.16
2497,78,1649351498.070276000,10.11.219.6
2498,-1434,1649351498.072186000,151.101.109.16
2499,-66,1649351498.072187000,151.101.109.16
2500,-12378,1649351498.072189000,151.101.109.16
2501,66,1649351498.072198000,10.11.219.6
2502,66,1649351498.072226000,10.11.219.6
2503,-9642,1649351498.072279000,151.101.109.16
2504,-439,1649351498.072279000,151.101.109.16
2505,78,1649351498.072287000,10.11.219.6
2506,-1434,1649351498.072303000,151.101.109.16
2507,-66,1649351498.072304000,151.101.109.16
2508,-372,1649351498.072304000,44.239.9.60
2509,-135,1649351498.072305000,44.239.9.60
2510,66,1649351498.072310000,10.11.219.6
2511,66,1649351498.072327000,10.11.219.6
2512,66,1649351498.072332000,10.11.219.6
2513,243,1649351498.073961000,10.11.219.6
2514,376,1649351498.073988000,10.11.219.6
2515,104,1649351498.074334000,10.11.219.6
2516,-105,1649351498.095831000,209.54.180.144
2517,54,1649351498.095846000,10.11.219.6
2518,1391,1649351498.096067000,10.11.219.6
2519,-66,1649351498.197210000,44.239.9.60
2520,-104,1649351498.197212000,44.239.9.60
2521,66,1649351498.197250000,10.11.219.6
2522,-234,1649351498.198223000,44.239.9.60
2523,66,1649351498.198257000,10.11.219.6
2524,74,1649351498.225349000,10.11.219.6
2525,-4717,1649351498.281860000,209.54.180.144
2526,-960,1649351498.281861000,209.54.180.144
2527,54,1649351498.281899000,10.11.219.6
2528,54,1649351498.281930000,10.11.219.6
2529,74,1649351498.313736000,10.11.219.6
2530,74,1649351498.320885000,10.11.219.6
2531,-74,1649351498.323435000,18.65.148.37
2532,66,1649351498.323464000,10.11.219.6
2533,583,1649351498.325309000,10.11.219.6
2534,-74,1649351498.327043000,54.250.105.172
2535,66,1649351498.327064000,10.11.219.6
2536,-66,1649351498.328043000,18.65.148.37
2537,583,1649351498.328987000,10.11.219.6
2538,-5538,1649351498.329394000,18.65.148.37
2539,66,1649351498.329416000,10.11.219.6
2540,-922,1649351498.330251000,18.65.148.37
2541,66,1649351498.330277000,10.11.219.6
2542,74,1649351498.332335000,10.11.219.6
2543,-74,1649351498.334864000,18.65.116.28
2544,66,1649351498.334885000,10.11.219.6
2545,583,1649351498.338151000,10.11.219.6
2546,130,1649351498.339199000,10.11.219.6
2547,-66,1649351498.341589000,18.65.116.28
2548,-66,1649351498.341590000,18.65.148.37
2549,-66,1649351498.341590000,54.250.105.172
2550,-128,1649351498.341590000,18.65.148.37
2551,66,1649351498.341604000,10.11.219.6
2552,-5538,1649351498.344059000,18.65.116.28
2553,-592,1649351498.344060000,18.65.116.28
2554,66,1649351498.344066000,10.11.219.6
2555,66,1649351498.344079000,10.11.219.6
2556,-1434,1649351498.344096000,54.250.105.172
2557,-487,1649351498.344096000,54.250.105.172
2558,-1434,1649351498.344097000,54.250.105.172
2559,66,1649351498.344102000,10.11.219.6
2560,78,1649351498.344106000,10.11.219.6
2561,66,1649351498.344111000,10.11.219.6
2562,192,1649351498.371516000,10.11.219.6
2563,236,1649351498.371605000,10.11.219.6
2564,388,1649351498.371616000,10.11.219.6
2565,97,1649351498.372969000,10.11.219.6
2566,130,1649351498.375297000,10.11.219.6
2567,-66,1649351498.375444000,18.65.148.37
2568,-66,1649351498.375445000,18.65.148.37
2569,-97,1649351498.375445000,18.65.148.37
2570,66,1649351498.375466000,10.11.219.6
2571,236,1649351498.375639000,10.11.219.6
2572,406,1649351498.375758000,10.11.219.6
2573,-66,1649351498.375969000,18.65.148.37
2574,-66,1649351498.380110000,18.65.116.28
2575,-128,1649351498.380110000,18.65.116.28
2576,66,1649351498.380120000,10.11.219.6
2577,97,1649351498.380215000,10.11.219.6
2578,-66,1649351498.381230000,18.65.116.28
2579,-66,1649351498.381231000,18.65.116.28
2580,-97,1649351498.381231000,18.65.116.28
2581,66,1649351498.381241000,10.11.219.6
2582,-66,1649351498.383300000,18.65.116.28
2583,-324,1649351498.384426000,54.250.105.172
2584,-135,1649351498.384428000,54.250.105.172
2585,66,1649351498.384455000,10.11.219.6
2586,66,1649351498.384491000,10.11.219.6
2587,186,1649351498.389134000,10.11.219.6
2588,181,1649351498.390765000,10.11.219.6
2589,-846,1649351498.390864000,18.65.116.28
2590,-97,1649351498.390864000,18.65.116.28
2591,66,1649351498.390890000,10.11.219.6
2592,66,1649351498.390893000,10.11.219.6
2593,183,1649351498.392170000,10.11.219.6
2594,179,1649351498.392632000,10.11.219.6
2595,167,1649351498.395072000,10.11.219.6
2596,194,1649351498.396043000,10.11.219.6
2597,193,1649351498.396359000,10.11.219.6
2598,175,1649351498.396723000,10.11.219.6
2599,-66,1649351498.401594000,151.101.109.16
2600,-838,1649351498.401595000,151.101.109.16
2601,-1434,1649351498.401595000,151.101.109.16
2602,78,1649351498.401618000,10.11.219.6
2603,66,1649351498.401636000,10.11.219.6
2604,-66,1649351498.404869000,151.101.109.16
2605,-2782,1649351498.404875000,151.101.109.16
2606,-66,1649351498.404875000,151.101.109.16
2607,-66,1649351498.404876000,151.101.109.16
2608,-334,1649351498.406914000,151.101.109.16
2609,-2802,1649351498.406915000,151.101.109.16
2610,-1203,1649351498.406915000,151.101.109.16
2611,-1434,1649351498.406916000,151.101.109.16
2612,-66,1649351498.406916000,151.101.109.16
2613,-379,1649351498.406916000,151.101.109.16
2614,-66,1649351498.406916000,151.101.109.16
2615,78,1649351498.406936000,10.11.219.6
2616,66,1649351498.406951000,10.11.219.6
2617,-463,1649351498.407635000,151.101.109.16
2618,-66,1649351498.407636000,151.101.109.16
2619,-66,1649351498.407636000,151.101.109.16
2620,-1130,1649351498.407637000,151.101.109.16
2621,-284,1649351498.407950000,151.101.109.16
2622,-519,1649351498.424508000,18.65.148.37
2623,-97,1649351498.424508000,18.65.148.37
2624,66,1649351498.424518000,10.11.219.6
2625,66,1649351498.424531000,10.11.219.6
2626,66,1649351498.428372000,10.11.219.6
2627,243,1649351498.428747000,10.11.219.6
2628,403,1649351498.428771000,10.11.219.6
2629,104,1649351498.429703000,10.11.219.6
2630,510,1649351498.437469000,10.11.219.6
2631,-66,1649351498.440323000,54.250.105.172
2632,-104,1649351498.440324000,54.250.105.172
2633,66,1649351498.440341000,10.11.219.6
2634,-623,1649351498.442524000,54.250.105.172
2635,-104,1649351498.442524000,54.250.105.172
2636,66,1649351498.442530000,10.11.219.6
2637,66,1649351498.442538000,10.11.219.6
2638,74,1649351498.445178000,10.11.219.6
2639,74,1649351498.475556000,10.11.219.6
2640,-74,1649351498.555877000,108.139.143.92
2641,66,1649351498.555902000,10.11.219.6
2642,583,1649351498.559534000,10.11.219.6
2643,-639,1649351498.618004000,209.54.180.144
2644,54,1649351498.618026000,10.11.219.6
2645,536,1649351498.618316000,10.11.219.6
2646,-66,1649351498.620117000,209.54.180.144
2647,54,1649351498.620135000,10.11.219.6
2648,571,1649351498.622066000,10.11.219.6
2649,74,1649351498.720439000,10.11.219.6
2650,74,1649351498.720883000,10.11.219.6
2651,74,1649351498.721321000,10.11.219.6
2652,74,1649351498.721592000,10.11.219.6
2653,74,1649351498.721798000,10.11.219.6
2654,74,1649351498.723568000,10.11.219.6
2655,74,1649351498.723782000,10.11.219.6
2656,-74,1649351498.724112000,69.192.133.13
2657,-74,1649351498.724113000,35.186.254.217
2658,-74,1649351498.724113000,104.93.8.214
2659,66,1649351498.724131000,10.11.219.6
2660,66,1649351498.724141000,10.11.219.6
2661,66,1649351498.724147000,10.11.219.6
2662,74,1649351498.724392000,10.11.219.6
2663,74,1649351498.724623000,10.11.219.6
2664,-74,1649351498.725302000,142.250.206.194
2665,66,1649351498.725315000,10.11.219.6
2666,-74,1649351498.727531000,69.192.133.144
2667,66,1649351498.727551000,10.11.219.6
2668,583,1649351498.728465000,10.11.219.6
2669,583,1649351498.730480000,10.11.219.6
2670,-66,1649351498.731707000,35.186.254.217
2671,583,1649351498.732189000,10.11.219.6
2672,74,1649351498.732389000,10.11.219.6
2673,-1434,1649351498.733209000,35.186.254.217
2674,-749,1649351498.733209000,35.186.254.217
2675,-1434,1649351498.733209000,35.186.254.217
2676,66,1649351498.733216000,10.11.219.6
2677,78,1649351498.733224000,10.11.219.6
2678,66,1649351498.733228000,10.11.219.6
2679,-66,1649351498.735175000,69.192.133.13
2680,-1434,1649351498.735176000,69.192.133.13
2681,66,1649351498.735198000,10.11.219.6
2682,583,1649351498.735486000,10.11.219.6
2683,583,1649351498.737284000,10.11.219.6
2684,-1434,1649351498.737436000,69.192.133.13
2685,-1426,1649351498.737436000,69.192.133.13
2686,-74,1649351498.737436000,35.213.12.39
2687,-454,1649351498.737436000,69.192.133.13
2688,-66,1649351498.737436000,104.93.8.214
2689,-74,1649351498.737437000,18.178.52.42
2690,-74,1649351498.737437000,52.194.39.238
2691,-2802,1649351498.737437000,104.93.8.214
2692,66,1649351498.737444000,10.11.219.6
2693,66,1649351498.737449000,10.11.219.6
2694,66,1649351498.737456000,10.11.219.6
2695,66,1649351498.737459000,10.11.219.6
2696,66,1649351498.737464000,10.11.219.6
2697,66,1649351498.737468000,10.11.219.6
2698,66,1649351498.737471000,10.11.219.6
2699,-1390,1649351498.737477000,104.93.8.214
2700,66,1649351498.737479000,10.11.219.6
2701,-66,1649351498.739199000,142.250.206.194
2702,-66,1649351498.740257000,69.192.133.144
2703,192,1649351498.741896000,10.11.219.6
2704,-2802,1649351498.743613000,69.192.133.144
2705,-1159,1649351498.743614000,69.192.133.144
2706,66,1649351498.743621000,10.11.219.6
2707,66,1649351498.743632000,10.11.219.6
2708,-66,1649351498.744556000,69.192.133.13
2709,-340,1649351498.744557000,69.192.133.13
2710,-74,1649351498.744557000,104.244.42.195
2711,66,1649351498.744569000,10.11.219.6
2712,66,1649351498.744584000,10.11.219.6
2713,583,1649351498.746096000,10.11.219.6
2714,583,1649351498.747905000,10.11.219.6
2715,583,1649351498.749607000,10.11.219.6
2716,192,1649351498.752806000,10.11.219.6
2717,-66,1649351498.755168000,69.192.133.144
2718,583,1649351498.756872000,10.11.219.6
2719,-324,1649351498.757533000,69.192.133.144
2720,66,1649351498.757541000,10.11.219.6
2721,74,1649351498.758783000,10.11.219.6
2722,-66,1649351498.759869000,18.178.52.42
2723,-66,1649351498.759870000,35.213.12.39
2724,-1434,1649351498.762290000,35.213.12.39
2725,-1426,1649351498.762290000,35.213.12.39
2726,-1434,1649351498.762291000,35.213.12.39
2727,-4045,1649351498.762291000,18.178.52.42
2728,-963,1649351498.762292000,35.213.12.39
2729,-66,1649351498.762292000,52.194.39.238
2730,66,1649351498.762305000,10.11.219.6
2731,78,1649351498.762317000,10.11.219.6
2732,66,1649351498.762321000,10.11.219.6
2733,66,1649351498.762324000,10.11.219.6
2734,66,1649351498.762326000,10.11.219.6
2735,-2802,1649351498.765443000,52.194.39.238
2736,-1086,1649351498.765443000,52.194.39.238
2737,-1434,1649351498.765444000,52.194.39.238
2738,66,1649351498.765451000,10.11.219.6
2739,78,1649351498.765460000,10.11.219.6
2740,66,1649351498.765464000,10.11.219.6
2741,-66,1649351498.769738000,104.244.42.195
2742,-2762,1649351498.772000000,104.244.42.195
2743,-811,1649351498.772001000,104.244.42.195
2744,66,1649351498.772007000,10.11.219.6
2745,66,1649351498.772016000,10.11.219.6
2746,-74,1649351498.774055000,52.199.141.208
2747,66,1649351498.774085000,10.11.219.6
2748,-2802,1649351498.778442000,142.250.206.194
2749,66,1649351498.778449000,10.11.219.6
2750,-498,1649351498.778467000,142.250.206.194
2751,-1434,1649351498.778467000,142.250.206.194
2752,78,1649351498.778474000,10.11.219.6
2753,66,1649351498.778482000,10.11.219.6
2754,-54,1649351498.795454000,209.54.180.144
2755,146,1649351498.796605000,10.11.219.6
2756,-54,1649351498.797746000,209.54.180.144
2757,159,1649351498.798406000,10.11.219.6
2758,576,1649351498.798433000,10.11.219.6
2759,-639,1649351498.799013000,209.54.180.144
2760,-66,1649351498.799014000,104.93.8.214
2761,-6001,1649351498.800280000,209.54.180.144
2762,-353,1649351498.800280000,104.93.8.214
2763,-353,1649351498.800281000,104.93.8.214
2764,54,1649351498.800288000,10.11.219.6
2765,66,1649351498.800298000,10.11.219.6
2766,66,1649351498.800301000,10.11.219.6
2767,-66,1649351498.800947000,69.192.133.13
2768,-74,1649351498.800947000,108.139.143.92
2769,66,1649351498.800963000,10.11.219.6
2770,192,1649351498.804613000,10.11.219.6
2771,-66,1649351498.813166000,35.213.12.39
2772,-340,1649351498.813167000,35.213.12.39
2773,66,1649351498.813185000,10.11.219.6
2774,-340,1649351498.816398000,52.194.39.238
2775,-135,1649351498.816399000,52.194.39.238
2776,66,1649351498.816416000,10.11.219.6
2777,66,1649351498.816430000,10.11.219.6
2778,54,1649351498.841445000,10.11.219.6
2779,180,1649351498.858108000,10.11.219.6
2780,530,1649351498.858225000,10.11.219.6
2781,583,1649351498.860036000,10.11.219.6
2782,-66,1649351498.860576000,104.93.8.214
2783,-66,1649351498.875146000,52.199.141.208
2784,-2802,1649351498.878591000,52.199.141.208
2785,-326,1649351498.878592000,52.199.141.208
2786,-1434,1649351498.878592000,52.199.141.208
2787,66,1649351498.878608000,10.11.219.6
2788,78,1649351498.878626000,10.11.219.6
2789,66,1649351498.878631000,10.11.219.6
2790,583,1649351498.889547000,10.11.219.6
2791,464,1649351498.889911000,10.11.219.6
2792,-66,1649351498.890245000,108.139.143.92
2793,-2802,1649351498.891621000,108.139.143.92
2794,-2802,1649351498.891622000,108.139.143.92
2795,66,1649351498.891631000,10.11.219.6
2796,66,1649351498.891640000,10.11.219.6
2797,-587,1649351498.892409000,108.139.143.92
2798,-66,1649351498.892409000,69.192.133.144
2799,66,1649351498.892413000,10.11.219.6
2800,192,1649351498.893043000,10.11.219.6
2801,74,1649351498.893161000,10.11.219.6
2802,338,1649351498.893349000,10.11.219.6
2803,449,1649351498.893500000,10.11.219.6
2804,-66,1649351498.895584000,184.25.233.138
2805,-74,1649351498.896647000,35.227.202.26
2806,66,1649351498.896665000,10.11.219.6
2807,583,1649351498.904162000,10.11.219.6
2808,-74,1649351498.904179000,34.238.238.42
2809,66,1649351498.904201000,10.11.219.6
2810,74,1649351498.904415000,10.11.219.6
2811,74,1649351498.904616000,10.11.219.6
2812,74,1649351498.904760000,10.11.219.6
2813,-117,1649351498.906556000,52.199.141.208
2814,66,1649351498.906599000,10.11.219.6
2815,74,1649351498.907273000,10.11.219.6
2816,-66,1649351498.907354000,35.227.202.26
2817,74,1649351498.907361000,10.11.219.6
2818,74,1649351498.907464000,10.11.219.6
2819,74,1649351498.907578000,10.11.219.6
2820,74,1649351498.907685000,10.11.219.6
2821,74,1649351498.907777000,10.11.219.6
2822,74,1649351498.907916000,10.11.219.6
2823,-1434,1649351498.909677000,35.227.202.26
2824,-956,1649351498.909678000,35.227.202.26
2825,66,1649351498.909693000,10.11.219.6
2826,78,1649351498.909704000,10.11.219.6
2827,-74,1649351498.910752000,69.192.133.13
2828,-1434,1649351498.910756000,35.227.202.26
2829,66,1649351498.910774000,10.11.219.6
2830,66,1649351498.910790000,10.11.219.6
2831,-74,1649351498.911681000,35.244.159.8
2832,66,1649351498.911695000,10.11.219.6
2833,583,1649351498.913276000,10.11.219.6
2834,583,1649351498.917304000,10.11.219.6
2835,-74,1649351498.919383000,103.231.99.80
2836,66,1649351498.919403000,10.11.219.6
2837,583,1649351498.919675000,10.11.219.6
2838,74,1649351498.920058000,10.11.219.6
2839,-66,1649351498.920572000,69.192.133.13
2840,-74,1649351498.921744000,52.193.171.41
2841,-2802,1649351498.921744000,69.192.133.13
2842,66,1649351498.921753000,10.11.219.6
2843,66,1649351498.921761000,10.11.219.6
2844,583,1649351498.921889000,10.11.219.6
2845,-1426,1649351498.923747000,69.192.133.13
2846,-454,1649351498.923748000,69.192.133.13
2847,-66,1649351498.923748000,35.244.159.8
2848,66,1649351498.923754000,10.11.219.6
2849,66,1649351498.923761000,10.11.219.6
2850,583,1649351498.923959000,10.11.219.6
2851,192,1649351498.926942000,10.11.219.6
2852,74,1649351498.927352000,10.11.219.6
2853,-1434,1649351498.927992000,35.244.159.8
2854,-641,1649351498.927993000,35.244.159.8
2855,-1434,1649351498.927993000,35.244.159.8
2856,66,1649351498.928002000,10.11.219.6
2857,78,1649351498.928014000,10.11.219.6
2858,66,1649351498.928019000,10.11.219.6
2859,-66,1649351498.928952000,69.192.133.13
2860,-340,1649351498.930245000,69.192.133.13
2861,66,1649351498.930255000,10.11.219.6
2862,-74,1649351498.931337000,142.250.206.194
2863,-74,1649351498.931338000,31.13.82.36
2864,66,1649351498.931359000,10.11.219.6
2865,66,1649351498.931375000,10.11.219.6
2866,583,1649351498.933481000,10.11.219.6
2867,-66,1649351498.934033000,103.231.99.80
2868,583,1649351498.935394000,10.11.219.6
2869,74,1649351498.936196000,10.11.219.6
2870,-2802,1649351498.939138000,103.231.99.80
2871,-333,1649351498.939139000,103.231.99.80
2872,-66,1649351498.939139000,52.193.171.41
2873,-66,1649351498.939140000,142.250.206.194
2874,-74,1649351498.939140000,172.217.161.226
2875,-1434,1649351498.939140000,103.231.99.80
2876,66,1649351498.939155000,10.11.219.6
2877,78,1649351498.939175000,10.11.219.6
2878,66,1649351498.939194000,10.11.219.6
2879,66,1649351498.939202000,10.11.219.6
2880,-5426,1649351498.940331000,52.193.171.41
2881,66,1649351498.940338000,10.11.219.6
2882,-66,1649351498.944323000,31.13.82.36
2883,-2802,1649351498.945753000,31.13.82.36
2884,-762,1649351498.945754000,31.13.82.36
2885,66,1649351498.945761000,10.11.219.6
2886,66,1649351498.945771000,10.11.219.6
2887,192,1649351498.945840000,10.11.219.6
2888,192,1649351498.949796000,10.11.219.6
2889,-1434,1649351498.950075000,103.231.99.80
2890,78,1649351498.950084000,10.11.219.6
2891,583,1649351498.955205000,10.11.219.6
2892,-66,1649351498.958734000,103.231.99.80
2893,-1186,1649351498.958735000,69.192.133.13
2894,-72,1649351498.958735000,103.231.99.80
2895,-111,1649351498.958736000,103.231.99.80
2896,-122,1649351498.958736000,103.231.99.80
2897,-66,1649351498.958736000,172.217.161.226
2898,66,1649351498.958751000,10.11.219.6
2899,66,1649351498.958763000,10.11.219.6
2900,66,1649351498.958767000,10.11.219.6
2901,66,1649351498.958770000,10.11.219.6
2902,-788,1649351498.960782000,69.192.133.144
2903,66,1649351498.960802000,10.11.219.6
2904,-324,1649351498.962941000,52.193.171.41
2905,-135,1649351498.962942000,52.193.171.41
2906,66,1649351498.962966000,10.11.219.6
2907,66,1649351498.962988000,10.11.219.6
2908,-74,1649351498.966212000,119.9.108.180
2909,66,1649351498.966246000,10.11.219.6
2910,-70,1649351498.972711000,103.71.26.126
2911,66,1649351498.972745000,10.11.219.6
2912,583,1649351498.973709000,10.11.219.6
2913,583,1649351498.977210000,10.11.219.6
2914,-743,1649351498.981584000,104.93.8.214
2915,-2802,1649351498.981585000,142.250.206.194
2916,-497,1649351498.981585000,142.250.206.194
2917,-74,1649351498.981586000,54.169.142.232
2918,66,1649351498.981623000,10.11.219.6
2919,66,1649351498.981630000,10.11.219.6
2920,78,1649351498.981634000,10.11.219.6
2921,66,1649351498.981641000,10.11.219.6
2922,-1434,1649351498.981648000,142.250.206.194
2923,66,1649351498.981661000,10.11.219.6
2924,-74,1649351498.982471000,69.173.158.64
2925,66,1649351498.982485000,10.11.219.6
2926,-74,1649351498.983575000,103.43.90.56
2927,66,1649351498.983614000,10.11.219.6
2928,583,1649351498.992020000,10.11.219.6
2929,130,1649351498.992764000,10.11.219.6
2930,583,1649351498.994876000,10.11.219.6
2931,-646,1649351498.995671000,35.186.254.217
2932,66,1649351498.995679000,10.11.219.6
2933,583,1649351498.996611000,10.11.219.6
2934,-2802,1649351498.998116000,172.217.161.226
2935,-496,1649351498.998117000,172.217.161.226
2936,-1434,1649351498.998117000,172.217.161.226
2937,66,1649351498.998129000,10.11.219.6
2938,78,1649351498.998141000,10.11.219.6
2939,66,1649351498.998145000,10.11.219.6
2940,-477,1649351499.016102000,184.25.233.138
2941,66,1649351499.016114000,10.11.219.6
2942,236,1649351499.025150000,10.11.219.6
2943,403,1649351499.025188000,10.11.219.6
2944,-97,1649351499.027889000,35.186.254.217
2945,66,1649351499.027906000,10.11.219.6
2946,580,1649351499.028882000,10.11.219.6
2947,97,1649351499.029623000,10.11.219.6
2948,-66,1649351499.032703000,69.192.133.13
2949,-105,1649351499.034544000,209.54.180.144
2950,-2802,1649351499.034546000,119.9.108.180
2951,-308,1649351499.034546000,119.9.108.180
2952,54,1649351499.034569000,10.11.219.6
2953,66,1649351499.034603000,10.11.219.6
2954,66,1649351499.034610000,10.11.219.6
2955,-236,1649351499.036769000,34.213.237.248
2956,-104,1649351499.036769000,34.213.237.248
2957,-66,1649351499.036770000,35.186.254.217
2958,66,1649351499.036781000,10.11.219.6
2959,66,1649351499.036792000,10.11.219.6
2960,-441,1649351499.039830000,35.186.254.217
2961,66,1649351499.039836000,10.11.219.6
2962,-66,1649351499.045424000,103.71.26.126
2963,-1434,1649351499.048967000,103.71.26.126
2964,-615,1649351499.048968000,103.71.26.126
2965,66,1649351499.048974000,10.11.219.6
2966,78,1649351499.048982000,10.11.219.6
2967,-1434,1649351499.050927000,103.71.26.126
2968,66,1649351499.050943000,10.11.219.6
2969,-66,1649351499.066932000,54.169.142.232
2970,-66,1649351499.070170000,103.43.90.56
2971,-2642,1649351499.071478000,103.43.90.56
2972,-235,1649351499.071480000,103.43.90.56
2973,66,1649351499.071518000,10.11.219.6
2974,66,1649351499.071552000,10.11.219.6
2975,-2802,1649351499.073768000,54.169.142.232
2976,66,1649351499.073776000,10.11.219.6
2977,-2754,1649351499.076083000,54.169.142.232
2978,-98,1649351499.076084000,69.173.158.64
2979,-1434,1649351499.076084000,69.173.158.64
2980,-1430,1649351499.076085000,69.173.158.64
2981,-720,1649351499.076085000,69.173.158.64
2982,66,1649351499.076106000,10.11.219.6
2983,78,1649351499.076127000,10.11.219.6
2984,66,1649351499.076131000,10.11.219.6
2985,66,1649351499.076134000,10.11.219.6
2986,66,1649351499.076137000,10.11.219.6
2987,-74,1649351499.077922000,52.45.242.235
2988,66,1649351499.077944000,10.11.219.6
2989,-676,1649351499.087975000,69.192.133.13
2990,66,1649351499.087989000,10.11.219.6
2991,-66,1649351499.095143000,34.238.238.42
2992,-1434,1649351499.096704000,34.238.238.42
2993,-166,1649351499.096705000,34.238.238.42
2994,-4170,1649351499.096706000,34.238.238.42
2995,66,1649351499.096722000,10.11.219.6
2996,78,1649351499.096740000,10.11.219.6
2997,66,1649351499.096745000,10.11.219.6
2998,243,1649351499.103093000,10.11.219.6
2999,353,1649351499.103124000,10.11.219.6
3000,192,1649351499.108753000,10.11.219.6
3001,159,1649351499.112519000,10.11.219.6
3002,-66,1649351499.114919000,52.194.39.238
3003,-104,1649351499.114920000,52.194.39.238
3004,66,1649351499.114943000,10.11.219.6
3005,-413,1649351499.117016000,52.194.39.238
3006,66,1649351499.117040000,10.11.219.6
3007,216,1649351499.118562000,10.11.219.6
3008,192,1649351499.124301000,10.11.219.6
3009,192,1649351499.130501000,10.11.219.6
3010,563,1649351499.131086000,10.11.219.6
3011,146,1649351499.132216000,10.11.219.6
3012,214,1649351499.133058000,10.11.219.6
3013,104,1649351499.133333000,10.11.219.6
3014,105,1649351499.133359000,10.11.219.6
3015,130,1649351499.135655000,10.11.219.6
3016,-66,1649351499.136285000,35.186.254.217
3017,236,1649351499.137267000,10.11.219.6
3018,368,1649351499.137307000,10.11.219.6
3019,-66,1649351499.138974000,142.250.206.194
3020,-674,1649351499.138974000,142.250.206.194
3021,66,1649351499.138993000,10.11.219.6
3022,583,1649351499.140505000,10.11.219.6
3023,-369,1649351499.143831000,18.178.52.42
3024,-369,1649351499.143832000,18.178.52.42
3025,-109,1649351499.143832000,18.178.52.42
3026,66,1649351499.143853000,10.11.219.6
3027,66,1649351499.143869000,10.11.219.6
3028,66,1649351499.143871000,10.11.219.6
3029,-191,1649351499.145970000,35.186.254.217
3030,66,1649351499.145985000,10.11.219.6
3031,-66,1649351499.148371000,18.178.52.42
3032,-97,1649351499.148372000,18.178.52.42
3033,66,1649351499.148390000,10.11.219.6
3034,-551,1649351499.156150000,18.178.52.42
3035,66,1649351499.156169000,10.11.219.6
3036,-66,1649351499.185240000,52.194.39.238
3037,-66,1649351499.188567000,103.43.90.56
3038,-340,1649351499.188568000,103.43.90.56
3039,66,1649351499.188582000,10.11.219.6
3040,-141,1649351499.195300000,69.173.158.64
3041,66,1649351499.195309000,10.11.219.6
3042,-66,1649351499.198458000,103.71.26.126
3043,-117,1649351499.202649000,103.71.26.126
3044,-324,1649351499.202650000,54.169.142.232
3045,-135,1649351499.202650000,54.169.142.232
3046,66,1649351499.202665000,10.11.219.6
3047,66,1649351499.202690000,10.11.219.6
3048,66,1649351499.202697000,10.11.219.6
3049,171,1649351499.204679000,10.11.219.6
3050,130,1649351499.204899000,10.11.219.6
3051,97,1649351499.205469000,10.11.219.6
3052,298,1649351499.206577000,10.11.219.6
3053,403,1649351499.206758000,10.11.219.6
3054,291,1649351499.206983000,10.11.219.6
3055,397,1649351499.207145000,10.11.219.6
3056,292,1649351499.207298000,10.11.219.6
3057,397,1649351499.207706000,10.11.219.6
3058,293,1649351499.207778000,10.11.219.6
3059,399,1649351499.207921000,10.11.219.6
3060,-66,1649351499.209058000,184.25.233.138
3061,-66,1649351499.209059000,184.25.233.138
3062,74,1649351499.209794000,10.11.219.6
3063,105,1649351499.210019000,10.11.219.6
3064,-66,1649351499.210332000,184.25.233.138
3065,-66,1649351499.210332000,184.25.233.138
3066,296,1649351499.212337000,10.11.219.6
3067,401,1649351499.212476000,10.11.219.6
3068,236,1649351499.212583000,10.11.219.6
3069,357,1649351499.212592000,10.11.219.6
3070,288,1649351499.212637000,10.11.219.6
3071,236,1649351499.212661000,10.11.219.6
3072,432,1649351499.212671000,10.11.219.6
3073,185,1649351499.212974000,10.11.219.6
3074,394,1649351499.213032000,10.11.219.6
3075,74,1649351499.213078000,10.11.219.6
3076,97,1649351499.214325000,10.11.219.6
3077,-66,1649351499.214416000,184.25.233.138
3078,-66,1649351499.215498000,184.25.233.138
3079,-66,1649351499.215499000,142.250.206.194
3080,-97,1649351499.215504000,142.250.206.194
3081,-66,1649351499.215505000,108.139.143.92
3082,66,1649351499.215530000,10.11.219.6
3083,292,1649351499.216039000,10.11.219.6
3084,398,1649351499.216168000,10.11.219.6
3085,74,1649351499.216432000,10.11.219.6
3086,130,1649351499.216608000,10.11.219.6
3087,506,1649351499.217234000,10.11.219.6
3088,526,1649351499.217547000,10.11.219.6
3089,545,1649351499.219178000,10.11.219.6
3090,-66,1649351499.219913000,52.194.39.238
3091,-2802,1649351499.219914000,108.139.143.92
3092,-2802,1649351499.219915000,108.139.143.92
3093,-66,1649351499.219915000,104.244.42.195
3094,-587,1649351499.219916000,108.139.143.92
3095,66,1649351499.219934000,10.11.219.6
3096,66,1649351499.219948000,10.11.219.6
3097,66,1649351499.219964000,10.11.219.6
3098,-66,1649351499.219973000,35.186.254.217
3099,-219,1649351499.219974000,52.194.39.238
3100,-66,1649351499.219974000,184.25.233.138
3101,66,1649351499.219980000,10.11.219.6
3102,-66,1649351499.220848000,142.250.206.194
3103,-66,1649351499.221863000,69.192.133.13
3104,573,1649351499.223586000,10.11.219.6
3105,-66,1649351499.224133000,18.178.52.42
3106,130,1649351499.224526000,10.11.219.6
3107,236,1649351499.225785000,10.11.219.6
3108,403,1649351499.225802000,10.11.219.6
3109,-66,1649351499.225944000,104.244.42.195
3110,-74,1649351499.225944000,103.231.99.243
3111,-66,1649351499.225945000,104.244.42.195
3112,-593,1649351499.225945000,104.244.42.195
3113,66,1649351499.225961000,10.11.219.6
3114,66,1649351499.225969000,10.11.219.6
3115,97,1649351499.227419000,10.11.219.6
3116,-646,1649351499.228340000,35.227.202.26
3117,-352,1649351499.228341000,18.178.52.42
3118,66,1649351499.228355000,10.11.219.6
3119,66,1649351499.228375000,10.11.219.6
3120,97,1649351499.229780000,10.11.219.6
3121,-97,1649351499.231518000,35.227.202.26
3122,66,1649351499.231536000,10.11.219.6
3123,583,1649351499.231887000,10.11.219.6
3124,-66,1649351499.232744000,35.227.202.26
3125,-924,1649351499.238023000,52.199.141.208
3126,66,1649351499.238045000,10.11.219.6
3127,-66,1649351499.240079000,104.244.42.195
3128,-66,1649351499.244154000,103.231.99.243
3129,-2802,1649351499.245377000,103.231.99.243
3130,66,1649351499.245381000,10.11.219.6
3131,-333,1649351499.250033000,103.231.99.243
3132,-1434,1649351499.250034000,103.231.99.243
3133,78,1649351499.250041000,10.11.219.6
3134,66,1649351499.250049000,10.11.219.6
3135,-718,1649351499.258216000,142.250.206.194
3136,-397,1649351499.258217000,142.250.206.194
3137,-97,1649351499.258217000,142.250.206.194
3138,-105,1649351499.258218000,142.250.206.194
3139,66,1649351499.258236000,10.11.219.6
3140,66,1649351499.258250000,10.11.219.6
3141,66,1649351499.258253000,10.11.219.6
3142,66,1649351499.258256000,10.11.219.6
3143,-1434,1649351499.262814000,103.231.99.243
3144,78,1649351499.262827000,10.11.219.6
3145,-657,1649351499.273439000,35.227.202.26
3146,66,1649351499.273454000,10.11.219.6
3147,-1120,1649351499.276679000,69.192.133.13
3148,66,1649351499.276684000,10.11.219.6
3149,-117,1649351499.288438000,34.238.238.42
3150,-135,1649351499.288440000,34.238.238.42
3151,66,1649351499.288470000,10.11.219.6
3152,66,1649351499.288493000,10.11.219.6
3153,243,1649351499.289394000,10.11.219.6
3154,470,1649351499.289431000,10.11.219.6
3155,192,1649351499.294602000,10.11.219.6
3156,105,1649351499.297029000,10.11.219.6
3157,105,1649351499.297066000,10.11.219.6
3158,104,1649351499.297088000,10.11.219.6
3159,174,1649351499.297188000,10.11.219.6
3160,595,1649351499.297290000,10.11.219.6
3161,130,1649351499.297635000,10.11.219.6
3162,-66,1649351499.299132000,142.250.206.194
3163,74,1649351499.299591000,10.11.219.6
3164,549,1649351499.300589000,10.11.219.6
3165,-66,1649351499.301270000,142.250.206.194
3166,-66,1649351499.301271000,103.231.99.80
3167,-104,1649351499.301271000,103.231.99.80
3168,-646,1649351499.301271000,35.244.159.8
3169,66,1649351499.301286000,10.11.219.6
3170,66,1649351499.301295000,10.11.219.6
3171,236,1649351499.301354000,10.11.219.6
3172,412,1649351499.301367000,10.11.219.6
3173,130,1649351499.302909000,10.11.219.6
3174,-66,1649351499.303467000,69.192.133.13
3175,-603,1649351499.303467000,103.231.99.80
3176,-104,1649351499.303467000,103.231.99.80
3177,66,1649351499.303480000,10.11.219.6
3178,66,1649351499.303487000,10.11.219.6
3179,97,1649351499.303530000,10.11.219.6
3180,-97,1649351499.304474000,35.244.159.8
3181,66,1649351499.304491000,10.11.219.6
3182,236,1649351499.304764000,10.11.219.6
3183,473,1649351499.304796000,10.11.219.6
3184,74,1649351499.304917000,10.11.219.6
3185,130,1649351499.305152000,10.11.219.6
3186,-66,1649351499.305574000,35.227.202.26
3187,-66,1649351499.305575000,103.231.99.243
3188,-66,1649351499.306625000,35.244.159.8
3189,-117,1649351499.306626000,103.231.99.243
3190,-122,1649351499.306626000,103.231.99.243
3191,66,1649351499.306643000,10.11.219.6
3192,66,1649351499.306654000,10.11.219.6
3193,-674,1649351499.307966000,142.250.206.194
3194,66,1649351499.307981000,10.11.219.6
3195,253,1649351499.308471000,10.11.219.6
3196,-66,1649351499.308996000,103.231.99.80
3197,172,1649351499.309313000,10.11.219.6
3198,-639,1649351499.310089000,209.54.180.144
3199,54,1649351499.310102000,10.11.219.6
3200,90,1649351499.310512000,10.11.219.6
3201,66,1649351499.310524000,10.11.219.6
3202,-97,1649351499.311385000,142.250.206.194
3203,-66,1649351499.311385000,142.250.206.194
3204,54,1649351499.311409000,10.11.219.6
3205,74,1649351499.311587000,10.11.219.6
3206,513,1649351499.311715000,10.11.219.6
3207,-705,1649351499.312576000,52.199.141.208
3208,66,1649351499.312594000,10.11.219.6
3209,-66,1649351499.315048000,31.13.82.36
3210,-66,1649351499.315048000,52.45.242.235
3211,-237,1649351499.315048000,31.13.82.36
3212,-146,1649351499.315049000,31.13.82.36
3213,-3622,1649351499.315049000,52.45.242.235
3214,66,1649351499.315065000,10.11.219.6
3215,66,1649351499.315076000,10.11.219.6
3216,66,1649351499.315091000,10.11.219.6
3217,-66,1649351499.316967000,31.13.82.36
3218,-66,1649351499.316968000,31.13.82.36
3219,-97,1649351499.316968000,31.13.82.36
3220,-101,1649351499.316968000,31.13.82.36
3221,66,1649351499.316986000,10.11.219.6
3222,66,1649351499.317000000,10.11.219.6
3223,192,1649351499.319152000,10.11.219.6
3224,97,1649351499.319424000,10.11.219.6
3225,-477,1649351499.328526000,184.25.233.138
3226,66,1649351499.328537000,10.11.219.6
3227,-477,1649351499.336053000,184.25.233.138
3228,66,1649351499.336063000,10.11.219.6
3229,-442,1649351499.338217000,104.244.42.195
3230,66,1649351499.338231000,10.11.219.6
3231,-190,1649351499.342454000,142.250.206.194
3232,-366,1649351499.342454000,142.250.206.194
3233,-97,1649351499.342454000,142.250.206.194
3234,-105,1649351499.342455000,142.250.206.194
3235,66,1649351499.342465000,10.11.219.6
3236,66,1649351499.342474000,10.11.219.6
3237,66,1649351499.342477000,10.11.219.6
3238,66,1649351499.342480000,10.11.219.6
3239,-472,1649351499.349134000,35.244.159.8
3240,-66,1649351499.349134000,34.213.237.248
3241,-66,1649351499.349135000,34.213.237.248
3242,66,1649351499.349143000,10.11.219.6
3243,-235,1649351499.351014000,34.213.237.248
3244,-104,1649351499.351015000,34.213.237.248
3245,-235,1649351499.351015000,34.213.237.248
3246,-104,1649351499.351016000,34.213.237.248
3247,-235,1649351499.351016000,34.213.237.248
3248,-104,1649351499.351016000,34.213.237.248
3249,-235,1649351499.351016000,34.213.237.248
3250,-104,1649351499.351016000,34.213.237.248
3251,66,1649351499.351030000,10.11.219.6
3252,66,1649351499.351042000,10.11.219.6
3253,66,1649351499.351045000,10.11.219.6
3254,66,1649351499.351048000,10.11.219.6
3255,66,1649351499.351051000,10.11.219.6
3256,66,1649351499.351054000,10.11.219.6
3257,66,1649351499.351056000,10.11.219.6
3258,501,1649351499.351921000,10.11.219.6
3259,105,1649351499.353737000,10.11.219.6
3260,-66,1649351499.354262000,34.213.237.248
3261,-314,1649351499.354263000,142.250.206.194
3262,-396,1649351499.354263000,142.250.206.194
3263,-97,1649351499.354264000,142.250.206.194
3264,-235,1649351499.355272000,34.213.237.248
3265,-104,1649351499.355273000,34.213.237.248
3266,105,1649351499.355942000,10.11.219.6
3267,243,1649351499.358180000,10.11.219.6
3268,349,1649351499.358214000,10.11.219.6
3269,-477,1649351499.360677000,184.25.233.138
3270,-771,1649351499.360678000,69.192.133.13
3271,66,1649351499.360697000,10.11.219.6
3272,66,1649351499.360718000,10.11.219.6
3273,-66,1649351499.364910000,35.244.159.8
3274,-66,1649351499.364911000,142.250.206.194
3275,-478,1649351499.367036000,184.25.233.138
3276,66,1649351499.367046000,10.11.219.6
3277,-66,1649351499.371318000,52.193.171.41
3278,-104,1649351499.372653000,52.193.171.41
3279,-66,1649351499.372653000,31.13.82.36
3280,-476,1649351499.372653000,184.25.233.138
3281,66,1649351499.372667000,10.11.219.6
3282,66,1649351499.372683000,10.11.219.6
3283,-74,1649351499.373665000,69.173.158.64
3284,66,1649351499.373675000,10.11.219.6
3285,-699,1649351499.379299000,52.193.171.41
3286,66,1649351499.379304000,10.11.219.6
3287,-66,1649351499.380319000,209.54.180.144
3288,54,1649351499.380330000,10.11.219.6
3289,-477,1649351499.385842000,184.25.233.138
3290,66,1649351499.385848000,10.11.219.6
3291,-66,1649351499.386876000,209.54.180.144
3292,54,1649351499.386886000,10.11.219.6
3293,66,1649351499.393420000,10.11.219.6
3294,104,1649351499.394167000,10.11.219.6
3295,130,1649351499.395318000,10.11.219.6
3296,229,1649351499.396116000,10.11.219.6
3297,178,1649351499.396207000,10.11.219.6
3298,531,1649351499.397578000,10.11.219.6
3299,-66,1649351499.397777000,34.213.237.248
3300,-674,1649351499.398805000,172.217.161.226
3301,-66,1649351499.398806000,142.250.206.194
3302,-66,1649351499.398806000,35.244.159.8
3303,66,1649351499.398819000,10.11.219.6
3304,236,1649351499.399955000,10.11.219.6
3305,389,1649351499.400030000,10.11.219.6
3306,571,1649351499.403047000,10.11.219.6
3307,-97,1649351499.403655000,172.217.161.226
3308,-477,1649351499.403657000,184.25.233.138
3309,66,1649351499.403677000,10.11.219.6
3310,66,1649351499.403692000,10.11.219.6
3311,-639,1649351499.404248000,209.54.180.144
3312,54,1649351499.404258000,10.11.219.6
3313,571,1649351499.405703000,10.11.219.6
3314,583,1649351499.407478000,10.11.219.6
3315,-66,1649351499.408575000,172.217.161.226
3316,545,1649351499.409472000,10.11.219.6
3317,97,1649351499.409837000,10.11.219.6
3318,74,1649351499.409984000,10.11.219.6
3319,-66,1649351499.410973000,35.213.12.39
3320,531,1649351499.411821000,10.11.219.6
3321,-923,1649351499.412127000,35.213.12.39
3322,-66,1649351499.412127000,172.217.161.226
3323,66,1649351499.412141000,10.11.219.6
3324,130,1649351499.418115000,10.11.219.6
3325,-66,1649351499.427035000,103.43.90.56
3326,-1044,1649351499.430455000,103.43.90.56
3327,66,1649351499.430473000,10.11.219.6
3328,-354,1649351499.441452000,35.244.159.8
3329,66,1649351499.441470000,10.11.219.6
3330,-190,1649351499.441811000,142.250.206.194
3331,-367,1649351499.441812000,142.250.206.194
3332,-97,1649351499.441812000,142.250.206.194
3333,-105,1649351499.441812000,142.250.206.194
3334,-755,1649351499.446893000,172.217.161.226
3335,-139,1649351499.446894000,172.217.161.226
3336,66,1649351499.446909000,10.11.219.6
3337,66,1649351499.446924000,10.11.219.6
3338,-97,1649351499.447823000,172.217.161.226
3339,-105,1649351499.447823000,172.217.161.226
3340,66,1649351499.447830000,10.11.219.6
3341,66,1649351499.447838000,10.11.219.6
3342,-105,1649351499.451003000,142.250.206.194
3343,78,1649351499.451019000,10.11.219.6
3344,539,1649351499.452745000,10.11.219.6
3345,537,1649351499.453527000,10.11.219.6
3346,105,1649351499.453672000,10.11.219.6
3347,105,1649351499.454435000,10.11.219.6
3348,487,1649351499.454486000,10.11.219.6
3349,105,1649351499.454520000,10.11.219.6
3350,-66,1649351499.455272000,52.193.171.41
3351,-66,1649351499.456396000,35.244.159.8
3352,130,1649351499.457169000,10.11.219.6
3353,243,1649351499.458020000,10.11.219.6
3354,407,1649351499.458039000,10.11.219.6
3355,-66,1649351499.458649000,142.250.206.194
3356,104,1649351499.458861000,10.11.219.6
3357,-66,1649351499.462794000,172.217.161.226
3358,-330,1649351499.468185000,35.213.12.39
3359,66,1649351499.468216000,10.11.219.6
3360,-66,1649351499.469228000,103.231.99.243
3361,-104,1649351499.469229000,103.231.99.243
3362,66,1649351499.469240000,10.11.219.6
3363,-407,1649351499.470324000,103.231.99.243
3364,-66,1649351499.470325000,103.231.99.243
3365,-66,1649351499.470325000,209.54.180.144
3366,66,1649351499.470331000,10.11.219.6
3367,54,1649351499.470349000,10.11.219.6
3368,571,1649351499.473966000,10.11.219.6
3369,-145,1649351499.476686000,119.9.108.180
3370,-145,1649351499.476688000,119.9.108.180
3371,66,1649351499.476723000,10.11.219.6
3372,66,1649351499.476748000,10.11.219.6
3373,-66,1649351499.483105000,209.54.180.144
3374,54,1649351499.483145000,10.11.219.6
3375,-98,1649351499.484440000,69.173.158.64
3376,-1434,1649351499.484441000,69.173.158.64
3377,-1430,1649351499.484442000,69.173.158.64
3378,-720,1649351499.484442000,69.173.158.64
3379,78,1649351499.484458000,10.11.219.6
3380,66,1649351499.484471000,10.11.219.6
3381,66,1649351499.484475000,10.11.219.6
3382,66,1649351499.484479000,10.11.219.6
3383,-2783,1649351499.486499000,31.13.82.36
3384,66,1649351499.486508000,10.11.219.6
3385,571,1649351499.486844000,10.11.219.6
3386,-480,1649351499.490681000,34.213.237.248
3387,-639,1649351499.491761000,209.54.180.144
3388,54,1649351499.491790000,10.11.219.6
3389,-324,1649351499.492807000,52.45.242.235
3390,-135,1649351499.492808000,52.45.242.235
3391,66,1649351499.492821000,10.11.219.6
3392,66,1649351499.492832000,10.11.219.6
3393,216,1649351499.492923000,10.11.219.6
3394,66,1649351499.494137000,10.11.219.6
3395,-710,1649351499.515425000,119.9.108.180
3396,66,1649351499.515442000,10.11.219.6
3397,-855,1649351499.531351000,69.173.158.64
3398,66,1649351499.531372000,10.11.219.6
3399,-54,1649351499.537789000,52.94.215.169
3400,550,1649351499.539179000,10.11.219.6
3401,243,1649351499.540201000,10.11.219.6
3402,408,1649351499.540226000,10.11.219.6
3403,104,1649351499.541065000,10.11.219.6
3404,-66,1649351499.547379000,108.139.143.92
3405,-66,1649351499.548578000,108.139.143.92
3406,-576,1649351499.548579000,108.139.143.92
3407,66,1649351499.548599000,10.11.219.6
3408,-54,1649351499.550595000,209.54.180.144
3409,-54,1649351499.557040000,209.54.180.144
3410,243,1649351499.559341000,10.11.219.6
3411,339,1649351499.559363000,10.11.219.6
3412,104,1649351499.560557000,10.11.219.6
3413,74,1649351499.561176000,10.11.219.6
3414,531,1649351499.564787000,10.11.219.6
3415,543,1649351499.564903000,10.11.219.6
3416,221,1649351499.565927000,10.11.219.6
3417,74,1649351499.566253000,10.11.219.6
3418,-141,1649351499.568846000,69.173.158.64
3419,-74,1649351499.568847000,172.217.161.196
3420,66,1649351499.568881000,10.11.219.6
3421,66,1649351499.568912000,10.11.219.6
3422,535,1649351499.569610000,10.11.219.6
3423,583,1649351499.573001000,10.11.219.6
3424,540,1649351499.573277000,10.11.219.6
3425,-54,1649351499.574134000,209.54.180.144
3426,-2774,1649351499.575816000,209.54.180.144
3427,54,1649351499.575822000,10.11.219.6
3428,-3281,1649351499.575846000,209.54.180.144
3429,54,1649351499.575850000,10.11.219.6
3430,-66,1649351499.577568000,172.217.161.196
3431,-54,1649351499.577569000,209.54.180.144
3432,-66,1649351499.579062000,103.231.99.243
3433,-136,1649351499.579062000,103.231.99.243
3434,-6001,1649351499.579063000,209.54.180.144
3435,66,1649351499.579079000,10.11.219.6
3436,54,1649351499.579100000,10.11.219.6
3437,180,1649351499.581645000,10.11.219.6
3438,105,1649351499.582187000,10.11.219.6
3439,105,1649351499.582318000,10.11.219.6
3440,105,1649351499.582385000,10.11.219.6
3441,105,1649351499.582414000,10.11.219.6
3442,105,1649351499.582462000,10.11.219.6
3443,112,1649351499.582502000,10.11.219.6
3444,112,1649351499.582522000,10.11.219.6
3445,105,1649351499.582571000,10.11.219.6
3446,105,1649351499.582608000,10.11.219.6
3447,112,1649351499.582628000,10.11.219.6
3448,112,1649351499.582702000,10.11.219.6
3449,112,1649351499.582732000,10.11.219.6
3450,105,1649351499.582757000,10.11.219.6
3451,112,1649351499.582789000,10.11.219.6
3452,112,1649351499.582809000,10.11.219.6
3453,105,1649351499.582884000,10.11.219.6
3454,105,1649351499.582917000,10.11.219.6
3455,105,1649351499.582943000,10.11.219.6
3456,105,1649351499.582957000,10.11.219.6
3457,112,1649351499.582971000,10.11.219.6
3458,105,1649351499.582984000,10.11.219.6
3459,105,1649351499.583006000,10.11.219.6
3460,119,1649351499.583124000,10.11.219.6
3461,66,1649351499.583130000,10.11.219.6
3462,97,1649351499.583216000,10.11.219.6
3463,66,1649351499.583225000,10.11.219.6
3464,97,1649351499.583365000,10.11.219.6
3465,66,1649351499.583371000,10.11.219.6
3466,97,1649351499.583558000,10.11.219.6
3467,66,1649351499.583566000,10.11.219.6
3468,90,1649351499.583645000,10.11.219.6
3469,66,1649351499.583657000,10.11.219.6
3470,97,1649351499.583733000,10.11.219.6
3471,66,1649351499.583740000,10.11.219.6
3472,97,1649351499.583793000,10.11.219.6
3473,66,1649351499.583799000,10.11.219.6
3474,90,1649351499.583865000,10.11.219.6
3475,66,1649351499.583872000,10.11.219.6
3476,90,1649351499.583936000,10.11.219.6
3477,66,1649351499.583941000,10.11.219.6
3478,85,1649351499.583996000,10.11.219.6
3479,54,1649351499.584002000,10.11.219.6
3480,107,1649351499.584238000,10.11.219.6
3481,54,1649351499.584247000,10.11.219.6
3482,85,1649351499.584343000,10.11.219.6
3483,54,1649351499.584350000,10.11.219.6
3484,85,1649351499.584441000,10.11.219.6
3485,54,1649351499.584447000,10.11.219.6
3486,85,1649351499.584565000,10.11.219.6
3487,54,1649351499.584575000,10.11.219.6
3488,85,1649351499.584715000,10.11.219.6
3489,54,1649351499.584729000,10.11.219.6
3490,85,1649351499.585017000,10.11.219.6
3491,54,1649351499.585031000,10.11.219.6
3492,90,1649351499.585175000,10.11.219.6
3493,66,1649351499.585186000,10.11.219.6
3494,90,1649351499.585330000,10.11.219.6
3495,66,1649351499.585341000,10.11.219.6
3496,-66,1649351499.585502000,209.54.180.144
3497,-66,1649351499.585503000,172.217.161.226
3498,-66,1649351499.585503000,35.227.202.26
3499,54,1649351499.585535000,10.11.219.6
3500,97,1649351499.585625000,10.11.219.6
3501,66,1649351499.585638000,10.11.219.6
3502,112,1649351499.586010000,10.11.219.6
3503,-66,1649351499.586357000,184.25.233.138
3504,-66,1649351499.586974000,18.65.156.177
3505,-66,1649351499.586975000,142.250.206.194
3506,-66,1649351499.586975000,18.65.148.37
3507,-66,1649351499.586976000,35.186.254.217
3508,-66,1649351499.586977000,69.192.133.13
3509,-66,1649351499.586977000,18.65.116.28
3510,-97,1649351499.587066000,69.192.133.13
3511,-66,1649351499.587066000,69.192.133.13
3512,54,1649351499.587079000,10.11.219.6
3513,-66,1649351499.587344000,69.192.133.13
3514,-97,1649351499.587345000,69.192.133.13
3515,-66,1649351499.587345000,35.244.159.8
3516,-66,1649351499.587345000,69.192.133.13
3517,-66,1649351499.587346000,104.93.8.214
3518,-66,1649351499.587346000,69.192.133.144
3519,-90,1649351499.587347000,104.93.8.214
3520,54,1649351499.587356000,10.11.219.6
3521,54,1649351499.587370000,10.11.219.6
3522,54,1649351499.587386000,10.11.219.6
3523,54,1649351499.587414000,10.11.219.6
3524,-66,1649351499.587427000,104.93.8.214
3525,-97,1649351499.587427000,69.192.133.144
3526,-66,1649351499.587428000,69.192.133.144
3527,54,1649351499.587432000,10.11.219.6
3528,54,1649351499.587440000,10.11.219.6
3529,54,1649351499.587446000,10.11.219.6
3530,-66,1649351499.588276000,18.65.121.44
3531,-66,1649351499.588363000,18.65.106.101
3532,-66,1649351499.588363000,18.65.116.118
3533,66,1649351499.588372000,10.11.219.6
3534,-66,1649351499.589524000,18.65.121.44
3535,-66,1649351499.589525000,18.65.106.101
3536,66,1649351499.589546000,10.11.219.6
3537,66,1649351499.589566000,10.11.219.6
3538,180,1649351499.590852000,10.11.219.6
3539,90,1649351499.592213000,10.11.219.6
3540,66,1649351499.592243000,10.11.219.6
3541,97,1649351499.592398000,10.11.219.6
3542,66,1649351499.592410000,10.11.219.6
3543,90,1649351499.592737000,10.11.219.6
3544,-66,1649351499.592753000,151.101.109.16
3545,66,1649351499.592754000,10.11.219.6
3546,90,1649351499.592914000,10.11.219.6
3547,66,1649351499.592926000,10.11.219.6
3548,90,1649351499.593042000,10.11.219.6
3549,66,1649351499.593053000,10.11.219.6
3550,97,1649351499.593148000,10.11.219.6
3551,66,1649351499.593163000,10.11.219.6
3552,90,1649351499.593489000,10.11.219.6
3553,66,1649351499.593501000,10.11.219.6
3554,90,1649351499.593671000,10.11.219.6
3555,66,1649351499.593684000,10.11.219.6
3556,97,1649351499.593854000,10.11.219.6
3557,66,1649351499.593865000,10.11.219.6
3558,97,1649351499.594022000,10.11.219.6
3559,66,1649351499.594034000,10.11.219.6
3560,-66,1649351499.594039000,31.13.82.36
3561,-105,1649351499.594040000,31.13.82.36
3562,-66,1649351499.594040000,151.101.229.16
3563,-66,1649351499.594041000,31.13.82.36
3564,-66,1649351499.594041000,151.101.109.16
3565,-639,1649351499.594041000,209.54.180.144
3566,66,1649351499.594065000,10.11.219.6
3567,54,1649351499.594085000,10.11.219.6
3568,90,1649351499.594308000,10.11.219.6
3569,66,1649351499.594323000,10.11.219.6
3570,90,1649351499.594462000,10.11.219.6
3571,66,1649351499.594476000,10.11.219.6
3572,90,1649351499.594639000,10.11.219.6
3573,66,1649351499.594717000,10.11.219.6
3574,90,1649351499.594999000,10.11.219.6
3575,66,1649351499.595012000,10.11.219.6
3576,97,1649351499.595374000,10.11.219.6
3577,66,1649351499.595387000,10.11.219.6
3578,97,1649351499.595591000,10.11.219.6
3579,66,1649351499.595606000,10.11.219.6
3580,90,1649351499.595837000,10.11.219.6
3581,66,1649351499.595851000,10.11.219.6
3582,90,1649351499.596086000,10.11.219.6
3583,66,1649351499.596097000,10.11.219.6
3584,-66,1649351499.596218000,103.231.99.80
3585,-66,1649351499.596219000,142.250.206.194
3586,-66,1649351499.596219000,52.193.171.41
3587,-66,1649351499.596220000,142.250.206.194
3588,-90,1649351499.596220000,18.178.52.42
3589,-66,1649351499.596220000,142.250.206.194
3590,-66,1649351499.596221000,18.178.52.42
3591,-66,1649351499.596221000,35.186.254.217
3592,66,1649351499.596250000,10.11.219.6
3593,54,1649351499.596271000,10.11.219.6
3594,54,1649351499.596287000,10.11.219.6
3595,-66,1649351499.596300000,35.186.254.217
3596,-66,1649351499.596300000,104.244.42.195
3597,66,1649351499.596305000,10.11.219.6
3598,97,1649351499.596410000,10.11.219.6
3599,66,1649351499.596421000,10.11.219.6
3600,90,1649351499.596670000,10.11.219.6
3601,66,1649351499.596682000,10.11.219.6
3602,97,1649351499.596850000,10.11.219.6
3603,66,1649351499.596863000,10.11.219.6
3604,90,1649351499.597066000,10.11.219.6
3605,66,1649351499.597077000,10.11.219.6
3606,-66,1649351499.597127000,18.65.148.37
3607,-66,1649351499.597127000,18.65.148.37
3608,-66,1649351499.597128000,18.65.116.28
3609,-66,1649351499.597128000,172.217.161.226
3610,-66,1649351499.597128000,172.217.161.226
3611,-66,1649351499.597129000,172.217.161.226
3612,-66,1649351499.597129000,18.65.116.28
3613,66,1649351499.597146000,10.11.219.6
3614,66,1649351499.597178000,10.11.219.6
3615,66,1649351499.597187000,10.11.219.6
3616,97,1649351499.597215000,10.11.219.6
3617,66,1649351499.597225000,10.11.219.6
3618,-66,1649351499.598154000,18.65.156.177
3619,-66,1649351499.598155000,103.231.99.243
3620,-112,1649351499.598155000,103.231.99.243
3621,-66,1649351499.598155000,35.213.12.39
3622,-66,1649351499.598155000,103.231.99.243
3623,-66,1649351499.598156000,18.65.156.177
3624,-97,1649351499.598156000,52.199.141.208
3625,-66,1649351499.598156000,52.199.141.208
3626,54,1649351499.598186000,10.11.219.6
3627,66,1649351499.598216000,10.11.219.6
3628,54,1649351499.598226000,10.11.219.6
3629,66,1649351499.598231000,10.11.219.6
3630,54,1649351499.598237000,10.11.219.6
3631,54,1649351499.598242000,10.11.219.6
3632,-66,1649351499.600277000,184.25.233.138
3633,-97,1649351499.600278000,184.25.233.138
3634,-66,1649351499.600279000,18.65.116.40
3635,-66,1649351499.600279000,184.25.233.138
3636,-66,1649351499.600279000,18.65.116.40
3637,-66,1649351499.600279000,35.227.202.26
3638,54,1649351499.600315000,10.11.219.6
3639,54,1649351499.600342000,10.11.219.6
3640,66,1649351499.600352000,10.11.219.6
3641,-66,1649351499.601643000,35.227.202.26
3642,-66,1649351499.601644000,35.244.159.8
3643,-66,1649351499.601644000,35.244.159.8
3644,66,1649351499.601664000,10.11.219.6
3645,66,1649351499.601691000,10.11.219.6
3646,-66,1649351499.604881000,104.244.42.195
3647,-90,1649351499.604882000,104.244.42.195
3648,-66,1649351499.604882000,104.244.42.195
3649,-66,1649351499.604883000,52.194.39.238
3650,-66,1649351499.604883000,52.194.39.238
3651,-66,1649351499.604883000,52.194.39.238
3652,-66,1649351499.604884000,104.244.42.195
3653,54,1649351499.604924000,10.11.219.6
3654,54,1649351499.604953000,10.11.219.6
3655,66,1649351499.604978000,10.11.219.6
3656,54,1649351499.604985000,10.11.219.6
3657,-66,1649351499.606085000,54.250.105.172
3658,-66,1649351499.606086000,54.250.105.172
3659,66,1649351499.606123000,10.11.219.6
3660,-66,1649351499.607014000,151.101.229.16
3661,-90,1649351499.607015000,151.101.229.16
3662,-66,1649351499.607016000,151.101.229.16
3663,-66,1649351499.607016000,151.101.229.16
3664,-66,1649351499.607017000,103.71.26.126
3665,54,1649351499.607045000,10.11.219.6
3666,54,1649351499.607064000,10.11.219.6
3667,54,1649351499.607070000,10.11.219.6
3668,571,1649351499.607282000,10.11.219.6
3669,-766,1649351499.607711000,103.71.26.126
3670,-66,1649351499.607712000,151.101.109.16
3671,-66,1649351499.607712000,103.231.99.80
3672,-66,1649351499.607713000,103.231.99.80
3673,-90,1649351499.607713000,151.101.109.16
3674,-66,1649351499.607714000,151.101.109.16
3675,-66,1649351499.607714000,103.231.99.80
3676,-66,1649351499.607715000,151.101.109.16
3677,66,1649351499.607727000,10.11.219.6
3678,54,1649351499.607767000,10.11.219.6
3679,54,1649351499.607779000,10.11.219.6
3680,66,1649351499.607787000,10.11.219.6
3681,54,1649351499.607792000,10.11.219.6
3682,-66,1649351499.607804000,151.101.109.16
3683,-66,1649351499.609079000,151.101.109.16
3684,-90,1649351499.609080000,151.101.109.16
3685,-66,1649351499.609080000,151.101.109.16
3686,-66,1649351499.609081000,52.193.171.41
3687,-66,1649351499.609081000,52.193.171.41
3688,-66,1649351499.609081000,52.193.171.41
3689,54,1649351499.609117000,10.11.219.6
3690,54,1649351499.609140000,10.11.219.6
3691,66,1649351499.609159000,10.11.219.6
3692,85,1649351499.610583000,10.11.219.6
3693,54,1649351499.610603000,10.11.219.6
3694,-639,1649351499.611769000,52.94.215.169
3695,97,1649351499.611986000,10.11.219.6
3696,66,1649351499.612012000,10.11.219.6
3697,74,1649351499.612385000,10.11.219.6
3698,74,1649351499.613784000,10.11.219.6
3699,-74,1649351499.615485000,184.25.233.138
3700,66,1649351499.615518000,10.11.219.6
3701,85,1649351499.615681000,10.11.219.6
3702,54,1649351499.615711000,10.11.219.6
3703,-249,1649351499.616843000,172.217.161.196
3704,-4170,1649351499.616845000,172.217.161.196
3705,78,1649351499.616868000,10.11.219.6
3706,66,1649351499.616891000,10.11.219.6
3707,583,1649351499.632049000,10.11.219.6
3708,-66,1649351499.634749000,184.25.233.138
3709,-54,1649351499.638275000,209.54.180.144
3710,-2802,1649351499.638277000,184.25.233.138
3711,-1426,1649351499.638278000,184.25.233.138
3712,-291,1649351499.638278000,119.9.108.180
3713,-1188,1649351499.638279000,184.25.233.138
3714,66,1649351499.638311000,10.11.219.6
3715,66,1649351499.638338000,10.11.219.6
3716,66,1649351499.638350000,10.11.219.6
3717,66,1649351499.638357000,10.11.219.6
3718,-54,1649351499.640146000,209.54.180.144
3719,-823,1649351499.640146000,103.43.90.56
3720,66,1649351499.640167000,10.11.219.6
3721,-2774,1649351499.642614000,209.54.180.144
3722,54,1649351499.642646000,10.11.219.6
3723,-3281,1649351499.642682000,209.54.180.144
3724,54,1649351499.642691000,10.11.219.6
3725,-903,1649351499.645492000,69.173.158.64
3726,66,1649351499.645512000,10.11.219.6
3727,192,1649351499.647540000,10.11.219.6
3728,90,1649351499.648376000,10.11.219.6
3729,66,1649351499.648403000,10.11.219.6
3730,-66,1649351499.649728000,184.25.233.138
3731,-324,1649351499.651161000,184.25.233.138
3732,66,1649351499.651176000,10.11.219.6
3733,-54,1649351499.654011000,209.54.180.144
3734,180,1649351499.655095000,10.11.219.6
3735,119,1649351499.656093000,10.11.219.6
3736,66,1649351499.656115000,10.11.219.6
3737,97,1649351499.656213000,10.11.219.6
3738,66,1649351499.656221000,10.11.219.6
3739,-54,1649351499.658283000,209.54.180.144
3740,-66,1649351499.660610000,69.173.158.64
3741,-6001,1649351499.661671000,209.54.180.144
3742,-66,1649351499.661672000,69.173.158.64
3743,54,1649351499.661690000,10.11.219.6
3744,66,1649351499.661718000,10.11.219.6
3745,180,1649351499.666885000,10.11.219.6
3746,243,1649351499.669632000,10.11.219.6
3747,712,1649351499.669669000,10.11.219.6
3748,-66,1649351499.672195000,184.25.233.138
3749,-66,1649351499.672196000,184.25.233.138
3750,74,1649351499.675255000,10.11.219.6
3751,74,1649351499.676133000,10.11.219.6
3752,-143,1649351499.679731000,184.25.233.138
3753,-66,1649351499.679732000,103.71.26.126
3754,-66,1649351499.679732000,103.71.26.126
3755,-66,1649351499.679733000,103.71.26.126
3756,66,1649351499.679753000,10.11.219.6
3757,66,1649351499.679805000,10.11.219.6
3758,104,1649351499.680154000,10.11.219.6
3759,-66,1649351499.682850000,184.25.233.138
3760,-66,1649351499.701356000,52.94.215.169
3761,54,1649351499.701381000,10.11.219.6
3762,571,1649351499.704686000,10.11.219.6
3763,-54,1649351499.706760000,52.94.176.11
3764,-54,1649351499.706762000,52.94.176.11
3765,-90,1649351499.706762000,119.9.108.180
3766,-66,1649351499.706762000,119.9.108.180
3767,54,1649351499.706788000,10.11.219.6
3768,54,1649351499.706833000,10.11.219.6
3769,54,1649351499.706848000,10.11.219.6
3770,-54,1649351499.709079000,52.94.176.11
3771,54,1649351499.709098000,10.11.219.6
3772,-54,1649351499.712504000,52.94.176.11
3773,54,1649351499.712547000,10.11.219.6
3774,-66,1649351499.716681000,44.239.9.60
3775,-66,1649351499.716682000,44.239.9.60
3776,-66,1649351499.716683000,44.239.9.60
3777,66,1649351499.716713000,10.11.219.6
3778,-54,1649351499.718789000,52.94.176.11
3779,-54,1649351499.718790000,52.119.166.51
3780,54,1649351499.718816000,10.11.219.6
3781,54,1649351499.718847000,10.11.219.6
3782,243,1649351499.719148000,10.11.219.6
3783,401,1649351499.719172000,10.11.219.6
3784,104,1649351499.719969000,10.11.219.6
3785,-104,1649351499.721156000,34.238.238.42
3786,-54,1649351499.721156000,52.119.167.229
3787,-492,1649351499.721156000,34.238.238.42
3788,66,1649351499.721178000,10.11.219.6
3789,54,1649351499.721187000,10.11.219.6
3790,66,1649351499.721195000,10.11.219.6
3791,112,1649351499.721391000,10.11.219.6
3792,97,1649351499.721575000,10.11.219.6
3793,-66,1649351499.724539000,34.213.237.248
3794,-66,1649351499.729921000,69.173.158.64
3795,-66,1649351499.731032000,69.173.158.64
3796,-66,1649351499.731033000,103.43.90.56
3797,-66,1649351499.731033000,103.43.90.56
3798,66,1649351499.731054000,10.11.219.6
3799,66,1649351499.731080000,10.11.219.6
3800,-66,1649351499.732070000,52.45.242.235
3801,-104,1649351499.732071000,52.45.242.235
3802,66,1649351499.732081000,10.11.219.6
3803,-255,1649351499.734191000,52.45.242.235
3804,66,1649351499.734208000,10.11.219.6
3805,112,1649351499.734412000,10.11.219.6
3806,97,1649351499.734571000,10.11.219.6
3807,-66,1649351499.735311000,34.213.237.248
3808,-66,1649351499.735312000,34.213.237.248
3809,-66,1649351499.735312000,34.213.237.248
3810,66,1649351499.735342000,10.11.219.6
3811,-74,1649351499.741871000,34.213.237.248
3812,66,1649351499.742063000,10.11.219.6
3813,-54,1649351499.744967000,52.94.215.169
3814,-54,1649351499.744968000,52.94.215.169
3815,-639,1649351499.744968000,209.54.180.144
3816,54,1649351499.745000000,10.11.219.6
3817,54,1649351499.745027000,10.11.219.6
3818,583,1649351499.747849000,10.11.219.6
3819,85,1649351499.748483000,10.11.219.6
3820,54,1649351499.748510000,10.11.219.6
3821,74,1649351499.748735000,10.11.219.6
3822,-105,1649351499.752419000,209.54.180.144
3823,54,1649351499.752435000,10.11.219.6
3824,505,1649351499.752838000,10.11.219.6
3825,-107,1649351499.755640000,52.94.234.174
3826,-54,1649351499.755641000,52.94.234.174
3827,54,1649351499.755672000,10.11.219.6
3828,54,1649351499.755698000,10.11.219.6
3829,-54,1649351499.758896000,209.54.180.144
3830,-105,1649351499.760982000,209.54.180.144
3831,54,1649351499.761000000,10.11.219.6
3832,551,1649351499.761325000,10.11.219.6
3833,-54,1649351499.781810000,209.54.180.144
3834,-66,1649351499.783321000,108.139.143.92
3835,-6001,1649351499.783325000,209.54.180.144
3836,54,1649351499.783353000,10.11.219.6
3837,-54,1649351499.787089000,209.54.180.144
3838,-54,1649351499.787090000,209.54.180.144
3839,54,1649351499.787124000,10.11.219.6
3840,180,1649351499.791363000,10.11.219.6
3841,-104,1649351499.793530000,54.169.142.232
3842,-66,1649351499.793531000,54.169.142.232
3843,66,1649351499.793557000,10.11.219.6
3844,-993,1649351499.795741000,54.169.142.232
3845,-104,1649351499.795742000,54.169.142.232
3846,66,1649351499.795756000,10.11.219.6
3847,66,1649351499.795769000,10.11.219.6
3848,-66,1649351499.797862000,52.94.176.11
3849,54,1649351499.797901000,10.11.219.6
3850,112,1649351499.800665000,10.11.219.6
3851,97,1649351499.800948000,10.11.219.6
3852,-66,1649351499.803169000,52.94.176.11
3853,54,1649351499.803194000,10.11.219.6
3854,571,1649351499.804560000,10.11.219.6
3855,571,1649351499.809890000,10.11.219.6
3856,-476,1649351499.821370000,184.25.233.138
3857,-105,1649351499.821371000,209.54.180.144
3858,54,1649351499.821431000,10.11.219.6
3859,112,1649351499.822086000,10.11.219.6
3860,97,1649351499.822667000,10.11.219.6
3861,66,1649351499.822731000,10.11.219.6
3862,524,1649351499.823723000,10.11.219.6
3863,-66,1649351499.824823000,184.25.233.138
3864,-66,1649351499.824824000,184.25.233.138
3865,-97,1649351499.824825000,184.25.233.138
3866,54,1649351499.824864000,10.11.219.6
3867,-66,1649351499.825862000,184.25.233.138
3868,-66,1649351499.825863000,184.25.233.138
3869,54,1649351499.825885000,10.11.219.6
3870,54,1649351499.825902000,10.11.219.6
3871,-105,1649351499.837757000,209.54.180.144
3872,54,1649351499.837865000,10.11.219.6
3873,504,1649351499.838627000,10.11.219.6
3874,-54,1649351499.841918000,52.94.215.169
3875,-54,1649351499.845120000,52.94.215.169
3876,-2774,1649351499.847664000,52.94.215.169
3877,54,1649351499.847681000,10.11.219.6
3878,-3230,1649351499.847712000,52.94.215.169
3879,54,1649351499.847719000,10.11.219.6
3880,180,1649351499.855929000,10.11.219.6
3881,-66,1649351499.874518000,54.169.142.232
3882,-66,1649351499.874519000,54.169.142.232
3883,66,1649351499.874568000,10.11.219.6
3884,-66,1649351499.876662000,34.213.237.248
3885,-2802,1649351499.880168000,34.213.237.248
3886,-1407,1649351499.880169000,34.213.237.248
3887,-1434,1649351499.880169000,34.213.237.248
3888,66,1649351499.880190000,10.11.219.6
3889,78,1649351499.880211000,10.11.219.6
3890,66,1649351499.880219000,10.11.219.6
3891,192,1649351499.889739000,10.11.219.6
3892,130,1649351499.890248000,10.11.219.6
3893,-66,1649351499.898108000,172.217.161.196
3894,236,1649351499.899100000,10.11.219.6
3895,394,1649351499.899133000,10.11.219.6
3896,-66,1649351499.901361000,34.238.238.42
3897,-66,1649351499.901361000,34.238.238.42
3898,-66,1649351499.901361000,172.217.161.196
3899,-66,1649351499.901362000,172.217.161.196
3900,66,1649351499.901393000,10.11.219.6
3901,-674,1649351499.902471000,172.217.161.196
3902,-97,1649351499.902472000,172.217.161.196
3903,66,1649351499.902487000,10.11.219.6
3904,66,1649351499.902505000,10.11.219.6
3905,97,1649351499.904617000,10.11.219.6
3906,-66,1649351499.907802000,52.45.242.235
3907,-66,1649351499.907803000,52.45.242.235
3908,66,1649351499.907847000,10.11.219.6
3909,-66,1649351499.909926000,108.139.143.92
3910,-66,1649351499.909940000,108.139.143.92
3911,66,1649351499.909962000,10.11.219.6
3912,-66,1649351499.913136000,172.217.161.196
3913,66,1649351499.915068000,10.11.219.6
3914,-66,1649351499.915287000,108.139.143.92
3915,-66,1649351499.915288000,108.139.143.92
3916,66,1649351499.915314000,10.11.219.6
3917,74,1649351499.916085000,10.11.219.6
3918,-54,1649351499.921648000,52.94.176.11
3919,-54,1649351499.922699000,209.54.180.144
3920,-54,1649351499.922700000,209.54.180.144
3921,54,1649351499.922727000,10.11.219.6
3922,-66,1649351499.923773000,209.54.180.144
3923,54,1649351499.923797000,10.11.219.6
3924,-54,1649351499.929192000,52.94.176.11
3925,-639,1649351499.929193000,209.54.180.144
3926,54,1649351499.929215000,10.11.219.6
3927,-54,1649351499.930178000,52.94.176.11
3928,54,1649351499.930406000,10.11.219.6
3929,85,1649351499.930939000,10.11.219.6
3930,54,1649351499.930958000,10.11.219.6
3931,85,1649351499.931180000,10.11.219.6
3932,54,1649351499.931197000,10.11.219.6
3933,-6079,1649351499.931823000,52.94.176.11
3934,54,1649351499.931831000,10.11.219.6
3935,85,1649351499.931891000,10.11.219.6
3936,54,1649351499.931905000,10.11.219.6
3937,54,1649351499.932020000,10.11.219.6
3938,85,1649351499.932084000,10.11.219.6
3939,54,1649351499.932096000,10.11.219.6
3940,-54,1649351499.937047000,52.94.176.11
3941,-639,1649351499.938144000,209.54.180.144
3942,54,1649351499.938173000,10.11.219.6
3943,180,1649351499.939120000,10.11.219.6
3944,-6079,1649351499.939528000,52.94.176.11
3945,54,1649351499.939538000,10.11.219.6
3946,101,1649351499.939835000,10.11.219.6
3947,105,1649351499.939882000,10.11.219.6
3948,54,1649351499.940575000,10.11.219.6
3949,-66,1649351499.942393000,172.217.161.196
3950,-66,1649351499.942394000,172.217.161.196
3951,180,1649351499.948560000,10.11.219.6
3952,90,1649351499.949202000,10.11.219.6
3953,66,1649351499.949231000,10.11.219.6
3954,-66,1649351499.952031000,172.217.161.196
3955,-66,1649351499.952031000,172.217.161.196
3956,-66,1649351499.952032000,172.217.161.196
3957,66,1649351499.952074000,10.11.219.6
3958,74,1649351499.954243000,10.11.219.6
3959,74,1649351499.954355000,10.11.219.6
3960,74,1649351499.954936000,10.11.219.6
3961,74,1649351499.955767000,10.11.219.6
3962,74,1649351499.955838000,10.11.219.6
3963,-105,1649351499.965081000,209.54.180.144
3964,54,1649351499.965109000,10.11.219.6
3965,54,1649351499.967691000,10.11.219.6
3966,54,1649351499.968882000,10.11.219.6
3967,-105,1649351499.996289000,52.94.215.169
3968,54,1649351499.996330000,10.11.219.6
3969,-639,1649351500.001490000,209.54.180.144
3970,54,1649351500.001526000,10.11.219.6
3971,-639,1649351500.015407000,209.54.180.144
3972,54,1649351500.015436000,10.11.219.6
3973,-324,1649351500.018599000,34.213.237.248
3974,-135,1649351500.018600000,34.213.237.248
3975,54,1649351500.018615000,10.11.219.6
3976,54,1649351500.018630000,10.11.219.6
3977,-70,1649351500.029447000,103.71.26.126
3978,54,1649351500.029462000,10.11.219.6
3979,-74,1649351500.047515000,34.213.237.248
3980,54,1649351500.047534000,10.11.219.6
3981,-105,1649351500.063748000,52.94.176.11
3982,54,1649351500.063778000,10.11.219.6
3983,-105,1649351500.076411000,52.94.176.11
3984,54,1649351500.076434000,10.11.219.6
3985,-66,1649351500.089207000,52.94.176.11
3986,54,1649351500.089223000,10.11.219.6
3987,-54,1649351500.099339000,209.54.180.144
3988,-54,1649351500.102053000,209.54.180.144
3989,-54,1649351500.102053000,209.54.180.144
3990,54,1649351500.102078000,10.11.219.6
3991,-54,1649351500.106329000,209.54.180.144
3992,54,1649351500.106345000,10.11.219.6
3993,-66,1649351500.121341000,209.54.180.144
3994,54,1649351500.121354000,10.11.219.6
3995,-66,1649351500.125599000,209.54.180.144
3996,54,1649351500.125607000,10.11.219.6
3997,-66,1649351500.129881000,209.54.180.144
3998,54,1649351500.129888000,10.11.219.6
