index,size,time,ip
0,-5538,1649302869.923197000,18.65.123.75
1,66,1649302869.923213000,10.11.219.6
2,-1434,1649302869.923354000,18.65.123.75
3,-2802,1649302869.923358000,18.65.123.75
4,66,1649302869.923362000,10.11.219.6
5,-15114,1649302869.923370000,18.65.123.75
6,66,1649302869.923395000,10.11.219.6
7,-2802,1649302869.926142000,18.65.123.75
8,66,1649302869.926147000,10.11.219.6
9,-12378,1649302869.926307000,18.65.123.75
10,-9642,1649302869.926331000,18.65.123.75
11,66,1649302869.926346000,10.11.219.6
12,-2802,1649302869.928491000,18.65.123.75
13,66,1649302869.928513000,10.11.219.6
14,-2802,1649302869.928705000,18.65.123.75
15,66,1649302869.928714000,10.11.219.6
16,-9642,1649302869.928731000,18.65.123.75
17,-5538,1649302869.928794000,18.65.123.75
18,-4170,1649302869.928799000,18.65.123.75
19,-1434,1649302869.928802000,18.65.123.75
20,66,1649302869.928844000,10.11.219.6
21,-5538,1649302869.931065000,18.65.123.75
22,66,1649302869.931101000,10.11.219.6
23,-5538,1649302869.931256000,18.65.123.75
24,-12378,1649302869.931266000,18.65.123.75
25,-2802,1649302869.931282000,18.65.123.75
26,66,1649302869.931329000,10.11.219.6
27,-2802,1649302869.933581000,18.65.123.75
28,66,1649302869.933587000,10.11.219.6
29,-6906,1649302869.933770000,18.65.123.75
30,-12378,1649302869.933774000,18.65.123.75
31,-66,1649302869.933780000,184.25.233.138
32,-2802,1649302869.933784000,18.65.123.75
33,66,1649302869.933803000,10.11.219.6
34,-4170,1649302869.936382000,18.65.123.75
35,66,1649302869.936394000,10.11.219.6
36,-5538,1649302869.936583000,18.65.123.75
37,66,1649302869.936586000,10.11.219.6
38,-2802,1649302869.936590000,184.25.233.138
39,66,1649302869.936592000,10.11.219.6
40,-1426,1649302869.936594000,184.25.233.138
41,66,1649302869.936597000,10.11.219.6
42,-2802,1649302869.936599000,18.65.123.75
43,-9642,1649302869.936622000,18.65.123.75
44,66,1649302869.936637000,10.11.219.6
45,-2802,1649302869.938755000,18.65.123.75
46,66,1649302869.938759000,10.11.219.6
47,-66,1649302869.938764000,18.65.116.79
48,-12378,1649302869.938923000,18.65.123.75
49,-237,1649302869.938948000,18.65.116.79
50,66,1649302869.938950000,10.11.219.6
51,-1188,1649302869.938953000,184.25.233.138
52,66,1649302869.938955000,10.11.219.6
53,-8274,1649302869.938958000,18.65.123.75
54,66,1649302869.938980000,10.11.219.6
55,-2802,1649302869.941195000,18.65.123.75
56,66,1649302869.941200000,10.11.219.6
57,-1434,1649302869.941349000,18.65.123.75
58,-12378,1649302869.941352000,18.65.123.75
59,-8274,1649302869.941374000,18.65.123.75
60,192,1649302869.942233000,10.11.219.6
61,66,1649302869.942350000,10.11.219.6
62,526,1649302869.942661000,10.11.219.6
63,-4170,1649302869.943224000,18.65.123.75
64,66,1649302869.943230000,10.11.219.6
65,-2802,1649302869.943237000,18.65.123.75
66,-4170,1649302869.943239000,18.65.123.75
67,66,1649302869.943413000,10.11.219.6
68,-8274,1649302869.943662000,18.65.123.75
69,66,1649302869.943666000,10.11.219.6
70,-5538,1649302869.943671000,18.65.123.75
71,66,1649302869.943843000,10.11.219.6
72,-2802,1649302869.945996000,18.65.123.75
73,66,1649302869.946012000,10.11.219.6
74,-4170,1649302869.946403000,18.65.123.75
75,-12378,1649302869.946450000,18.65.123.75
76,-6906,1649302869.946536000,18.65.123.75
77,-5538,1649302869.948754000,18.65.123.75
78,-12378,1649302869.948906000,18.65.123.75
79,-2802,1649302869.948924000,18.65.123.75
80,-5538,1649302869.948928000,18.65.123.75
81,-2802,1649302869.951054000,18.65.123.75
82,-4170,1649302869.951268000,18.65.123.75
83,-12378,1649302869.951273000,18.65.123.75
84,-6906,1649302869.951288000,18.65.123.75
85,-5538,1649302869.952563000,18.65.123.75
86,-3652,1649302869.952568000,18.65.123.75
87,-66,1649302869.952570000,184.25.233.138
88,-66,1649302869.952581000,18.65.116.79
89,-1048,1649302869.952583000,18.65.116.79
90,66,1649302869.952593000,10.11.219.6
91,-324,1649302869.960281000,184.25.233.138
92,66,1649302869.960289000,10.11.219.6
93,66,1649302869.974745000,10.11.219.6
94,90,1649302869.975128000,10.11.219.6
95,66,1649302869.975147000,10.11.219.6
96,243,1649302869.975783000,10.11.219.6
97,858,1649302869.975818000,10.11.219.6
98,-54,1649302869.980587000,18.65.123.75
99,-66,1649302869.980614000,184.25.233.138
100,-66,1649302869.980626000,184.25.233.138
101,74,1649302869.982572000,10.11.219.6
102,549,1649302869.983388000,10.11.219.6
103,-74,1649302869.985971000,18.65.123.75
104,66,1649302869.985991000,10.11.219.6
105,-66,1649302869.986003000,18.65.116.79
106,-143,1649302869.986007000,184.25.233.138
107,66,1649302869.986011000,10.11.219.6
108,104,1649302869.986063000,10.11.219.6
109,-3794,1649302869.987334000,18.65.116.79
110,583,1649302869.988017000,10.11.219.6
111,66,1649302869.988078000,10.11.219.6
112,-66,1649302869.988088000,184.25.233.138
113,-66,1649302869.991315000,18.65.123.75
114,-2802,1649302869.992634000,18.65.123.75
115,66,1649302869.992646000,10.11.219.6
116,-1328,1649302869.993568000,18.65.123.75
117,66,1649302869.993581000,10.11.219.6
118,-97,1649302869.997786000,52.37.147.169
119,54,1649302869.997829000,10.11.219.6
120,-66,1649302869.997860000,52.37.147.169
121,54,1649302869.997872000,10.11.219.6
122,74,1649302869.998726000,10.11.219.6
123,130,1649302869.999348000,10.11.219.6
124,499,1649302869.999517000,10.11.219.6
125,-74,1649302870.002055000,18.65.116.14
126,66,1649302870.002088000,10.11.219.6
127,-66,1649302870.002105000,18.65.123.75
128,-66,1649302870.002112000,18.65.123.75
129,282,1649302870.002562000,10.11.219.6
130,-610,1649302870.003143000,18.65.123.75
131,66,1649302870.003151000,10.11.219.6
132,-90,1649302870.003160000,18.65.123.75
133,90,1649302870.003387000,10.11.219.6
134,66,1649302870.003406000,10.11.219.6
135,74,1649302870.005296000,10.11.219.6
136,-66,1649302870.006767000,18.65.116.14
137,-54,1649302870.006777000,18.65.123.75
138,-2802,1649302870.006787000,18.65.116.14
139,66,1649302870.006792000,10.11.219.6
140,-1229,1649302870.007726000,18.65.116.14
141,66,1649302870.007737000,10.11.219.6
142,-74,1649302870.008686000,18.65.123.75
143,66,1649302870.008696000,10.11.219.6
144,159,1649302870.010276000,10.11.219.6
145,-66,1649302870.013134000,18.65.116.14
146,-237,1649302870.013178000,18.65.116.14
147,583,1649302870.013193000,10.11.219.6
148,66,1649302870.013249000,10.11.219.6
149,-135,1649302870.013263000,18.65.116.14
150,66,1649302870.013267000,10.11.219.6
151,-66,1649302870.016202000,18.65.123.75
152,243,1649302870.017179000,10.11.219.6
153,-2802,1649302870.017493000,18.65.123.75
154,66,1649302870.017502000,10.11.219.6
155,104,1649302870.017804000,10.11.219.6
156,-1328,1649302870.018445000,18.65.123.75
157,66,1649302870.018469000,10.11.219.6
158,-66,1649302870.020523000,18.65.116.14
159,-104,1649302870.020536000,18.65.116.14
160,66,1649302870.020545000,10.11.219.6
161,-66,1649302870.020561000,18.65.116.14
162,130,1649302870.020865000,10.11.219.6
163,500,1649302870.021027000,10.11.219.6
164,538,1649302870.021904000,10.11.219.6
165,-66,1649302870.023759000,18.65.123.75
166,-66,1649302870.023767000,18.65.123.75
167,-609,1649302870.023769000,18.65.123.75
168,66,1649302870.023774000,10.11.219.6
169,90,1649302870.023909000,10.11.219.6
170,66,1649302870.023923000,10.11.219.6
171,74,1649302870.025233000,10.11.219.6
172,-90,1649302870.025245000,18.65.123.75
173,54,1649302870.025261000,10.11.219.6
174,-1059,1649302870.025273000,18.65.116.79
175,-54,1649302870.026933000,18.65.123.75
176,-74,1649302870.028048000,18.65.123.75
177,66,1649302870.028079000,10.11.219.6
178,583,1649302870.030888000,10.11.219.6
179,561,1649302870.031061000,10.11.219.6
180,-66,1649302870.035098000,18.65.123.75
181,-82,1649302870.035109000,18.65.116.79
182,78,1649302870.035117000,10.11.219.6
183,-2802,1649302870.035130000,18.65.123.75
184,66,1649302870.035138000,10.11.219.6
185,-1434,1649302870.035141000,18.65.116.79
186,66,1649302870.035144000,10.11.219.6
187,-1328,1649302870.036648000,18.65.123.75
188,66,1649302870.036661000,10.11.219.6
189,130,1649302870.040107000,10.11.219.6
190,494,1649302870.040293000,10.11.219.6
191,-66,1649302870.042975000,18.65.123.75
192,-66,1649302870.042986000,18.65.123.75
193,-7206,1649302870.043912000,18.65.123.75
194,66,1649302870.043927000,10.11.219.6
195,-90,1649302870.043949000,18.65.123.75
196,90,1649302870.045244000,10.11.219.6
197,66,1649302870.045283000,10.11.219.6
198,-54,1649302870.048372000,18.65.123.75
199,74,1649302870.050685000,10.11.219.6
200,-74,1649302870.053673000,18.65.123.75
201,66,1649302870.053702000,10.11.219.6
202,583,1649302870.056833000,10.11.219.6
203,-66,1649302870.060063000,18.65.123.75
204,-2802,1649302870.061425000,18.65.123.75
205,66,1649302870.061443000,10.11.219.6
206,-1328,1649302870.062352000,18.65.123.75
207,66,1649302870.062389000,10.11.219.6
208,130,1649302870.064913000,10.11.219.6
209,495,1649302870.065034000,10.11.219.6
210,-66,1649302870.069759000,18.65.123.75
211,-66,1649302870.069772000,18.65.123.75
212,-642,1649302870.070892000,18.65.123.75
213,66,1649302870.070902000,10.11.219.6
214,-90,1649302870.070923000,18.65.123.75
215,90,1649302870.071106000,10.11.219.6
216,66,1649302870.071124000,10.11.219.6
217,-54,1649302870.074052000,18.65.123.75
218,74,1649302870.085343000,10.11.219.6
219,-74,1649302870.087982000,18.65.123.75
220,66,1649302870.087994000,10.11.219.6
221,583,1649302870.090242000,10.11.219.6
222,-66,1649302870.094612000,18.65.123.75
223,-2802,1649302870.094623000,18.65.123.75
224,66,1649302870.094632000,10.11.219.6
225,-1328,1649302870.095562000,18.65.123.75
226,66,1649302870.095576000,10.11.219.6
227,130,1649302870.098848000,10.11.219.6
228,500,1649302870.099020000,10.11.219.6
229,-66,1649302870.102124000,18.65.123.75
230,-66,1649302870.102136000,18.65.123.75
231,-2802,1649302870.102140000,18.65.123.75
232,66,1649302870.102148000,10.11.219.6
233,-11010,1649302870.104230000,18.65.123.75
234,66,1649302870.104257000,10.11.219.6
235,-2792,1649302870.104313000,18.65.123.75
236,66,1649302870.104316000,10.11.219.6
237,-11010,1649302870.104322000,18.65.123.75
238,66,1649302870.104354000,10.11.219.6
239,-4170,1649302870.105626000,18.65.123.75
240,66,1649302870.105633000,10.11.219.6
241,-6906,1649302870.105646000,18.65.123.75
242,66,1649302870.105650000,10.11.219.6
243,-5538,1649302870.106938000,18.65.123.75
244,66,1649302870.106944000,10.11.219.6
245,-5538,1649302870.109095000,18.65.123.75
246,66,1649302870.109101000,10.11.219.6
247,-5538,1649302870.111245000,18.65.123.75
248,66,1649302870.111267000,10.11.219.6
249,-11010,1649302870.111415000,18.65.123.75
250,66,1649302870.111422000,10.11.219.6
251,-4170,1649302870.111461000,18.65.123.75
252,66,1649302870.111466000,10.11.219.6
253,-4314,1649302870.111485000,18.65.123.75
254,66,1649302870.111493000,10.11.219.6
255,90,1649302870.111907000,10.11.219.6
256,66,1649302870.111979000,10.11.219.6
257,-54,1649302870.115107000,18.65.123.75
258,74,1649302870.115260000,10.11.219.6
259,-74,1649302870.118244000,18.65.123.75
260,66,1649302870.118271000,10.11.219.6
261,583,1649302870.121488000,10.11.219.6
262,-66,1649302870.124710000,18.65.123.75
263,-2802,1649302870.126084000,18.65.123.75
264,66,1649302870.126100000,10.11.219.6
265,-1328,1649302870.127864000,18.65.123.75
266,66,1649302870.127896000,10.11.219.6
267,130,1649302870.133638000,10.11.219.6
268,501,1649302870.133798000,10.11.219.6
269,-66,1649302870.136490000,18.65.123.75
270,-66,1649302870.136500000,18.65.123.75
271,-675,1649302870.137699000,18.65.123.75
272,66,1649302870.137712000,10.11.219.6
273,-90,1649302870.137733000,18.65.123.75
274,90,1649302870.137963000,10.11.219.6
275,66,1649302870.137981000,10.11.219.6
276,74,1649302870.139602000,10.11.219.6
277,-54,1649302870.141894000,18.65.123.75
278,-74,1649302870.142959000,18.65.123.75
279,66,1649302870.142978000,10.11.219.6
280,583,1649302870.146278000,10.11.219.6
281,-66,1649302870.150480000,18.65.123.75
282,-2802,1649302870.151866000,18.65.123.75
283,66,1649302870.151878000,10.11.219.6
284,-1328,1649302870.151898000,18.65.123.75
285,66,1649302870.151905000,10.11.219.6
286,130,1649302870.155699000,10.11.219.6
287,508,1649302870.155864000,10.11.219.6
288,-66,1649302870.157955000,18.65.123.75
289,-66,1649302870.159371000,18.65.123.75
290,-4102,1649302870.159380000,18.65.123.75
291,66,1649302870.159386000,10.11.219.6
292,-90,1649302870.159402000,18.65.123.75
293,90,1649302870.159644000,10.11.219.6
294,66,1649302870.159665000,10.11.219.6
295,-54,1649302870.162276000,18.65.123.75
296,74,1649302870.163395000,10.11.219.6
297,-74,1649302870.166558000,18.65.123.75
298,66,1649302870.166583000,10.11.219.6
299,583,1649302870.169739000,10.11.219.6
300,-66,1649302870.173002000,18.65.123.75
301,-2802,1649302870.174385000,18.65.123.75
302,66,1649302870.174401000,10.11.219.6
303,-1328,1649302870.175295000,18.65.123.75
304,66,1649302870.175325000,10.11.219.6
305,130,1649302870.179790000,10.11.219.6
306,506,1649302870.180003000,10.11.219.6
307,-66,1649302870.182764000,18.65.123.75
308,-66,1649302870.183900000,18.65.123.75
309,-1434,1649302870.183909000,18.65.123.75
310,66,1649302870.183918000,10.11.219.6
311,-86,1649302870.183939000,18.65.123.75
312,78,1649302870.183943000,10.11.219.6
313,-1434,1649302870.183947000,18.65.123.75
314,66,1649302870.183951000,10.11.219.6
315,-90,1649302870.183953000,18.65.123.75
316,90,1649302870.184277000,10.11.219.6
317,66,1649302870.184309000,10.11.219.6
318,74,1649302870.186437000,10.11.219.6
319,-54,1649302870.188293000,18.65.123.75
320,-74,1649302870.189055000,18.65.123.75
321,66,1649302870.189077000,10.11.219.6
322,583,1649302870.192240000,10.11.219.6
323,-66,1649302870.195500000,18.65.123.75
324,-2802,1649302870.201348000,18.65.123.75
325,66,1649302870.201361000,10.11.219.6
326,-1328,1649302870.201380000,18.65.123.75
327,66,1649302870.201403000,10.11.219.6
328,130,1649302870.205211000,10.11.219.6
329,518,1649302870.205442000,10.11.219.6
330,-66,1649302870.208576000,18.65.123.75
331,-66,1649302870.208590000,18.65.123.75
332,-996,1649302870.208595000,18.65.123.75
333,66,1649302870.208604000,10.11.219.6
334,90,1649302870.208983000,10.11.219.6
335,66,1649302870.209013000,10.11.219.6
336,-90,1649302870.209769000,18.65.123.75
337,54,1649302870.209791000,10.11.219.6
338,74,1649302870.212086000,10.11.219.6
339,-74,1649302870.216335000,18.65.123.75
340,66,1649302870.216366000,10.11.219.6
341,583,1649302870.219603000,10.11.219.6
342,-66,1649302870.222747000,18.65.123.75
343,-2802,1649302870.224091000,18.65.123.75
344,66,1649302870.224106000,10.11.219.6
345,-914,1649302870.225503000,184.25.233.138
346,-2794,1649302870.225516000,184.25.233.138
347,-2191,1649302870.225520000,184.25.233.138
348,-1328,1649302870.225522000,18.65.123.75
349,66,1649302870.225527000,10.11.219.6
350,66,1649302870.225572000,10.11.219.6
351,130,1649302870.233081000,10.11.219.6
352,518,1649302870.233629000,10.11.219.6
353,-66,1649302870.235623000,18.65.123.75
354,-66,1649302870.237289000,18.65.123.75
355,-2794,1649302870.237301000,184.25.233.138
356,66,1649302870.237311000,10.11.219.6
357,-2794,1649302870.237355000,184.25.233.138
358,-240,1649302870.237358000,184.25.233.138
359,-675,1649302870.237359000,18.65.123.75
360,66,1649302870.237363000,10.11.219.6
361,-90,1649302870.237368000,18.65.123.75
362,66,1649302870.237369000,10.11.219.6
363,-1434,1649302870.237371000,184.25.233.138
364,78,1649302870.237381000,10.11.219.6
365,66,1649302870.237386000,10.11.219.6
366,90,1649302870.237709000,10.11.219.6
367,66,1649302870.237726000,10.11.219.6
368,-54,1649302870.241057000,18.65.123.75
369,74,1649302870.246417000,10.11.219.6
370,-74,1649302870.249550000,18.65.123.75
371,66,1649302870.249580000,10.11.219.6
372,583,1649302870.251671000,10.11.219.6
373,-66,1649302870.254888000,18.65.123.75
374,-2802,1649302870.256294000,18.65.123.75
375,66,1649302870.256311000,10.11.219.6
376,-1328,1649302870.256335000,18.65.123.75
377,66,1649302870.256341000,10.11.219.6
378,130,1649302870.260820000,10.11.219.6
379,517,1649302870.261031000,10.11.219.6
380,-66,1649302870.263495000,18.65.123.75
381,-66,1649302870.263511000,18.65.123.75
382,-772,1649302870.264637000,18.65.123.75
383,66,1649302870.264690000,10.11.219.6
384,-90,1649302870.264757000,18.65.123.75
385,90,1649302870.265463000,10.11.219.6
386,66,1649302870.265823000,10.11.219.6
387,-54,1649302870.268824000,18.65.123.75
388,547,1649302870.304131000,10.11.219.6
389,-1069,1649302870.308350000,18.65.116.79
390,74,1649302870.311485000,10.11.219.6
391,74,1649302870.311880000,10.11.219.6
392,74,1649302870.312019000,10.11.219.6
393,74,1649302870.312133000,10.11.219.6
394,74,1649302870.312254000,10.11.219.6
395,570,1649302870.318487000,10.11.219.6
396,-468,1649302870.322344000,18.65.116.79
397,78,1649302870.322361000,10.11.219.6
398,-1434,1649302870.322374000,18.65.116.79
399,66,1649302870.322385000,10.11.219.6
400,-74,1649302870.323315000,151.101.109.16
401,66,1649302870.323355000,10.11.219.6
402,-74,1649302870.323371000,151.101.109.16
403,66,1649302870.323380000,10.11.219.6
404,-74,1649302870.323384000,151.101.109.16
405,66,1649302870.323390000,10.11.219.6
406,-74,1649302870.323394000,151.101.109.16
407,66,1649302870.323399000,10.11.219.6
408,-74,1649302870.323403000,151.101.109.16
409,66,1649302870.323410000,10.11.219.6
410,583,1649302870.325485000,10.11.219.6
411,583,1649302870.328896000,10.11.219.6
412,583,1649302870.332647000,10.11.219.6
413,583,1649302870.335858000,10.11.219.6
414,-66,1649302870.337176000,151.101.109.16
415,583,1649302870.338914000,10.11.219.6
416,-5497,1649302870.339904000,151.101.109.16
417,66,1649302870.339921000,10.11.219.6
418,-66,1649302870.340490000,151.101.109.16
419,130,1649302870.342595000,10.11.219.6
420,-4170,1649302870.343017000,151.101.109.16
421,66,1649302870.343029000,10.11.219.6
422,-1393,1649302870.343042000,151.101.109.16
423,66,1649302870.343047000,10.11.219.6
424,236,1649302870.343199000,10.11.219.6
425,897,1649302870.343281000,10.11.219.6
426,-66,1649302870.344719000,151.101.109.16
427,-2802,1649302870.346231000,151.101.109.16
428,66,1649302870.346247000,10.11.219.6
429,-2761,1649302870.346262000,151.101.109.16
430,66,1649302870.346268000,10.11.219.6
431,130,1649302870.346974000,10.11.219.6
432,236,1649302870.347558000,10.11.219.6
433,394,1649302870.347589000,10.11.219.6
434,-66,1649302870.348159000,151.101.109.16
435,-2802,1649302870.349472000,151.101.109.16
436,66,1649302870.349490000,10.11.219.6
437,-1393,1649302870.349507000,151.101.109.16
438,78,1649302870.349512000,10.11.219.6
439,-1434,1649302870.349516000,151.101.109.16
440,66,1649302870.349519000,10.11.219.6
441,-66,1649302870.350040000,151.101.109.16
442,130,1649302870.351029000,10.11.219.6
443,253,1649302870.351649000,10.11.219.6
444,178,1649302870.351818000,10.11.219.6
445,90,1649302870.352779000,10.11.219.6
446,66,1649302870.352800000,10.11.219.6
447,130,1649302870.353275000,10.11.219.6
448,253,1649302870.353457000,10.11.219.6
449,443,1649302870.353647000,10.11.219.6
450,90,1649302870.353888000,10.11.219.6
451,66,1649302870.353899000,10.11.219.6
452,-66,1649302870.356311000,151.101.109.16
453,-66,1649302870.356320000,151.101.109.16
454,-66,1649302870.356323000,151.101.109.16
455,-125,1649302870.356324000,151.101.109.16
456,66,1649302870.356328000,10.11.219.6
457,-5538,1649302870.356340000,151.101.109.16
458,66,1649302870.356344000,10.11.219.6
459,-5538,1649302870.356367000,151.101.109.16
460,97,1649302870.356371000,10.11.219.6
461,66,1649302870.356381000,10.11.219.6
462,-2802,1649302870.358976000,151.101.109.16
463,66,1649302870.358986000,10.11.219.6
464,-2754,1649302870.359121000,151.101.109.16
465,66,1649302870.359126000,10.11.219.6
466,-5538,1649302870.359134000,151.101.109.16
467,66,1649302870.359137000,10.11.219.6
468,-417,1649302870.359140000,184.25.233.138
469,-2802,1649302870.359143000,151.101.109.16
470,66,1649302870.359146000,10.11.219.6
471,-2761,1649302870.359162000,151.101.109.16
472,66,1649302870.359168000,10.11.219.6
473,-2710,1649302870.359172000,184.25.233.138
474,66,1649302870.359179000,10.11.219.6
475,-2549,1649302870.360940000,151.101.109.16
476,66,1649302870.360956000,10.11.219.6
477,-66,1649302870.360986000,151.101.109.16
478,-66,1649302870.360993000,151.101.109.16
479,-66,1649302870.360996000,151.101.109.16
480,-125,1649302870.360998000,151.101.109.16
481,66,1649302870.361000000,10.11.219.6
482,-4170,1649302870.361005000,151.101.109.16
483,66,1649302870.361009000,10.11.219.6
484,-4170,1649302870.361049000,151.101.109.16
485,66,1649302870.361054000,10.11.219.6
486,-4170,1649302870.361058000,151.101.109.16
487,66,1649302870.361061000,10.11.219.6
488,97,1649302870.361167000,10.11.219.6
489,-4170,1649302870.362419000,151.101.109.16
490,66,1649302870.362431000,10.11.219.6
491,-4170,1649302870.362442000,151.101.109.16
492,66,1649302870.362444000,10.11.219.6
493,-66,1649302870.362445000,151.101.109.16
494,-4170,1649302870.363710000,151.101.109.16
495,66,1649302870.363733000,10.11.219.6
496,-66,1649302870.363753000,151.101.109.16
497,-4170,1649302870.363762000,151.101.109.16
498,66,1649302870.363766000,10.11.219.6
499,-125,1649302870.363771000,151.101.109.16
500,54,1649302870.363786000,10.11.219.6
501,130,1649302870.366041000,10.11.219.6
502,-1838,1649302870.366043000,151.101.109.16
503,66,1649302870.366097000,10.11.219.6
504,-66,1649302870.366114000,151.101.109.16
505,54,1649302870.366151000,10.11.219.6
506,-90,1649302870.366163000,151.101.109.16
507,54,1649302870.366174000,10.11.219.6
508,-66,1649302870.366182000,151.101.109.16
509,54,1649302870.366190000,10.11.219.6
510,-66,1649302870.366200000,151.101.109.16
511,54,1649302870.366207000,10.11.219.6
512,-66,1649302870.366212000,151.101.109.16
513,-4170,1649302870.366231000,151.101.109.16
514,-66,1649302870.366279000,151.101.109.16
515,-66,1649302870.366287000,151.101.109.16
516,-125,1649302870.366290000,151.101.109.16
517,54,1649302870.366309000,10.11.219.6
518,-4170,1649302870.366330000,151.101.109.16
519,66,1649302870.366333000,10.11.219.6
520,66,1649302870.366385000,10.11.219.6
521,253,1649302870.366740000,10.11.219.6
522,333,1649302870.367217000,10.11.219.6
523,-66,1649302870.367340000,151.101.109.16
524,54,1649302870.367364000,10.11.219.6
525,-90,1649302870.367374000,151.101.109.16
526,54,1649302870.367380000,10.11.219.6
527,-66,1649302870.367384000,151.101.109.16
528,54,1649302870.367388000,10.11.219.6
529,-66,1649302870.367391000,151.101.109.16
530,54,1649302870.367394000,10.11.219.6
531,-66,1649302870.367398000,151.101.109.16
532,-66,1649302870.367407000,151.101.109.16
533,90,1649302870.367656000,10.11.219.6
534,66,1649302870.367675000,10.11.219.6
535,-2802,1649302870.373114000,151.101.109.16
536,66,1649302870.373129000,10.11.219.6
537,-5538,1649302870.373164000,151.101.109.16
538,66,1649302870.373201000,10.11.219.6
539,-5538,1649302870.374179000,151.101.109.16
540,66,1649302870.374194000,10.11.219.6
541,-66,1649302870.375629000,151.101.109.16
542,-5538,1649302870.375641000,151.101.109.16
543,66,1649302870.375646000,10.11.219.6
544,-5538,1649302870.375660000,151.101.109.16
545,66,1649302870.375668000,10.11.219.6
546,-1434,1649302870.378184000,151.101.109.16
547,66,1649302870.378204000,10.11.219.6
548,-1434,1649302870.378224000,184.25.233.138
549,-2794,1649302870.378346000,184.25.233.138
550,66,1649302870.378350000,10.11.219.6
551,-5538,1649302870.378359000,184.25.233.138
552,-5538,1649302870.378362000,151.101.109.16
553,66,1649302870.378365000,10.11.219.6
554,66,1649302870.378375000,10.11.219.6
555,-2786,1649302870.378394000,184.25.233.138
556,-5538,1649302870.378397000,151.101.109.16
557,66,1649302870.378400000,10.11.219.6
558,66,1649302870.378451000,10.11.219.6
559,-2802,1649302870.380683000,151.101.109.16
560,66,1649302870.380740000,10.11.219.6
561,-5538,1649302870.380805000,184.25.233.138
562,66,1649302870.380816000,10.11.219.6
563,-66,1649302870.380829000,151.101.109.16
564,-8274,1649302870.380861000,151.101.109.16
565,66,1649302870.380868000,10.11.219.6
566,-66,1649302870.382671000,151.101.109.16
567,-125,1649302870.382681000,151.101.109.16
568,54,1649302870.382697000,10.11.219.6
569,-5538,1649302870.382712000,184.25.233.138
570,66,1649302870.382716000,10.11.219.6
571,-9274,1649302870.382801000,151.101.109.16
572,66,1649302870.382808000,10.11.219.6
573,-66,1649302870.382815000,151.101.109.16
574,-1151,1649302870.382834000,184.25.233.138
575,-66,1649302870.382836000,151.101.109.16
576,54,1649302870.382844000,10.11.219.6
577,-5538,1649302870.382852000,151.101.109.16
578,66,1649302870.382909000,10.11.219.6
579,-90,1649302870.385207000,151.101.109.16
580,54,1649302870.385234000,10.11.219.6
581,-66,1649302870.385255000,151.101.109.16
582,54,1649302870.385258000,10.11.219.6
583,-66,1649302870.385261000,151.101.109.16
584,54,1649302870.385263000,10.11.219.6
585,-1434,1649302870.385266000,151.101.109.16
586,-2802,1649302870.385284000,151.101.109.16
587,66,1649302870.385294000,10.11.219.6
588,-4170,1649302870.385340000,151.101.109.16
589,-6906,1649302870.385344000,151.101.109.16
590,-6906,1649302870.385365000,151.101.109.16
591,66,1649302870.385367000,10.11.219.6
592,66,1649302870.385389000,10.11.219.6
593,-5538,1649302870.387658000,151.101.109.16
594,66,1649302870.387668000,10.11.219.6
595,-1434,1649302870.387784000,151.101.109.16
596,-2802,1649302870.387788000,151.101.109.16
597,66,1649302870.387791000,10.11.219.6
598,-773,1649302870.387797000,151.101.109.16
599,78,1649302870.387802000,10.11.219.6
600,-5906,1649302870.387805000,151.101.109.16
601,66,1649302870.387808000,10.11.219.6
602,-3769,1649302870.387822000,151.101.109.16
603,66,1649302870.387826000,10.11.219.6
604,-1434,1649302870.387829000,151.101.109.16
605,66,1649302870.387832000,10.11.219.6
606,66,1649302870.425469000,10.11.219.6
607,-4162,1649302870.493311000,184.25.233.138
608,66,1649302870.493329000,10.11.219.6
609,-4162,1649302870.493345000,184.25.233.138
610,66,1649302870.493367000,10.11.219.6
611,-5538,1649302870.495302000,184.25.233.138
612,66,1649302870.495320000,10.11.219.6
613,-2786,1649302870.500512000,184.25.233.138
614,66,1649302870.500524000,10.11.219.6
615,-1434,1649302870.500541000,184.25.233.138
616,66,1649302870.500548000,10.11.219.6
617,-448,1649302870.500555000,184.25.233.138
618,78,1649302870.500562000,10.11.219.6
619,-1434,1649302870.500565000,184.25.233.138
620,66,1649302870.500570000,10.11.219.6
621,-4162,1649302870.501836000,184.25.233.138
622,66,1649302870.501850000,10.11.219.6
623,-4162,1649302870.501869000,184.25.233.138
624,66,1649302870.501876000,10.11.219.6
625,-6906,1649302870.503543000,184.25.233.138
626,66,1649302870.503556000,10.11.219.6
627,-6906,1649302870.503576000,184.25.233.138
628,66,1649302870.503586000,10.11.219.6
629,-5457,1649302870.504779000,184.25.233.138
630,66,1649302870.504786000,10.11.219.6
631,-5530,1649302870.806139000,184.25.233.138
632,66,1649302870.806159000,10.11.219.6
633,-5530,1649302870.806190000,184.25.233.138
634,66,1649302870.806198000,10.11.219.6
635,-8274,1649302870.806233000,184.25.233.138
636,66,1649302870.806238000,10.11.219.6
637,-5538,1649302870.806282000,184.25.233.138
638,66,1649302870.806287000,10.11.219.6
639,-2802,1649302870.809049000,184.25.233.138
640,66,1649302870.809066000,10.11.219.6
641,-5538,1649302870.809094000,184.25.233.138
642,66,1649302870.809099000,10.11.219.6
643,-2802,1649302870.809189000,184.25.233.138
644,66,1649302870.809195000,10.11.219.6
645,-8226,1649302870.809207000,184.25.233.138
646,66,1649302870.809213000,10.11.219.6
647,-5041,1649302870.809240000,184.25.233.138
648,66,1649302870.809244000,10.11.219.6
649,-1434,1649302870.809252000,184.25.233.138
650,66,1649302870.809263000,10.11.219.6
651,-5538,1649302870.811179000,184.25.233.138
652,66,1649302870.811197000,10.11.219.6
653,-8274,1649302870.811310000,184.25.233.138
654,66,1649302870.811320000,10.11.219.6
655,-2802,1649302870.811333000,184.25.233.138
656,66,1649302870.811337000,10.11.219.6
657,-882,1649302870.811348000,184.25.233.138
658,78,1649302870.811359000,10.11.219.6
659,-1434,1649302870.811366000,184.25.233.138
660,66,1649302870.811374000,10.11.219.6
661,-8274,1649302870.812653000,184.25.233.138
662,66,1649302870.812671000,10.11.219.6
663,-8274,1649302870.816295000,184.25.233.138
664,66,1649302870.816342000,10.11.219.6
665,-2802,1649302870.816385000,184.25.233.138
666,66,1649302870.816392000,10.11.219.6
667,-5538,1649302870.816450000,184.25.233.138
668,66,1649302870.816459000,10.11.219.6
669,-5174,1649302870.816470000,184.25.233.138
670,66,1649302870.816473000,10.11.219.6
671,-1830,1649302870.816495000,184.25.233.138
672,66,1649302870.816499000,10.11.219.6
673,174,1649302870.824973000,10.11.219.6
674,190,1649302870.825096000,10.11.219.6
675,169,1649302870.825434000,10.11.219.6
676,623,1649302870.825455000,10.11.219.6
677,207,1649302870.827824000,10.11.219.6
678,1181,1649302870.828650000,10.11.219.6
679,188,1649302870.829058000,10.11.219.6
680,295,1649302870.829343000,10.11.219.6
681,310,1649302870.829595000,10.11.219.6
682,398,1649302870.829883000,10.11.219.6
683,-66,1649302870.836306000,151.101.109.16
684,184,1649302870.836323000,10.11.219.6
685,-66,1649302870.836335000,151.101.109.16
686,-66,1649302870.836337000,151.101.109.16
687,-66,1649302870.836338000,151.101.109.16
688,-2802,1649302870.839057000,151.101.109.16
689,66,1649302870.839062000,10.11.219.6
690,-5123,1649302870.839229000,151.101.109.16
691,66,1649302870.839236000,10.11.219.6
692,-2802,1649302870.839242000,151.101.109.16
693,66,1649302870.839244000,10.11.219.6
694,-585,1649302870.839247000,151.101.109.16
695,78,1649302870.839251000,10.11.219.6
696,-1434,1649302870.839253000,151.101.109.16
697,66,1649302870.839262000,10.11.219.6
698,-11010,1649302870.839278000,151.101.109.16
699,66,1649302870.839283000,10.11.219.6
700,-2802,1649302870.841753000,151.101.109.16
701,66,1649302870.841765000,10.11.219.6
702,-2302,1649302870.841907000,151.101.109.16
703,66,1649302870.841910000,10.11.219.6
704,-16482,1649302870.841918000,151.101.109.16
705,66,1649302870.841921000,10.11.219.6
706,-2802,1649302870.841934000,151.101.109.16
707,66,1649302870.841946000,10.11.219.6
708,-5538,1649302870.844260000,151.101.109.16
709,66,1649302870.844283000,10.11.219.6
710,-8274,1649302870.844370000,151.101.109.16
711,66,1649302870.844376000,10.11.219.6
712,-11010,1649302870.844385000,151.101.109.16
713,66,1649302870.844389000,10.11.219.6
714,-2802,1649302870.847129000,151.101.109.16
715,66,1649302870.847144000,10.11.219.6
716,-2802,1649302870.847305000,151.101.109.16
717,66,1649302870.847310000,10.11.219.6
718,-66,1649302870.847318000,151.101.109.16
719,-16482,1649302870.847330000,151.101.109.16
720,66,1649302870.847333000,10.11.219.6
721,-66,1649302870.847347000,151.101.109.16
722,-2802,1649302870.847354000,151.101.109.16
723,66,1649302870.847356000,10.11.219.6
724,-2802,1649302870.849458000,151.101.109.16
725,66,1649302870.849469000,10.11.219.6
726,-11010,1649302870.849606000,151.101.109.16
727,66,1649302870.849609000,10.11.219.6
728,-66,1649302870.849639000,151.101.109.16
729,-66,1649302870.849644000,151.101.109.16
730,-66,1649302870.849645000,151.101.109.16
731,-9642,1649302870.849646000,151.101.109.16
732,66,1649302870.849659000,10.11.219.6
733,-6906,1649302870.851132000,151.101.109.16
734,66,1649302870.851137000,10.11.219.6
735,-66,1649302870.851144000,151.101.109.16
736,-1434,1649302870.851148000,151.101.109.16
737,66,1649302870.851162000,10.11.219.6
738,-66,1649302870.851165000,151.101.109.16
739,-5538,1649302870.851177000,151.101.109.16
740,66,1649302870.851186000,10.11.219.6
741,-2802,1649302870.853737000,151.101.109.16
742,66,1649302870.853746000,10.11.219.6
743,-16482,1649302870.853914000,151.101.109.16
744,66,1649302870.853917000,10.11.219.6
745,-6906,1649302870.853943000,151.101.109.16
746,66,1649302870.853945000,10.11.219.6
747,-13746,1649302870.855808000,151.101.109.16
748,66,1649302870.855819000,10.11.219.6
749,-2802,1649302870.859253000,151.101.109.16
750,66,1649302870.859266000,10.11.219.6
751,-11010,1649302870.859391000,151.101.109.16
752,66,1649302870.859394000,10.11.219.6
753,-5538,1649302870.859426000,151.101.109.16
754,66,1649302870.859429000,10.11.219.6
755,-5538,1649302870.859432000,151.101.109.16
756,66,1649302870.859433000,10.11.219.6
757,-16482,1649302870.861715000,151.101.109.16
758,66,1649302870.861791000,10.11.219.6
759,-1434,1649302870.861900000,151.101.109.16
760,66,1649302870.861918000,10.11.219.6
761,-20586,1649302870.864041000,151.101.109.16
762,66,1649302870.864059000,10.11.219.6
763,-4170,1649302870.864091000,151.101.109.16
764,66,1649302870.864095000,10.11.219.6
765,-2802,1649302870.866136000,151.101.109.16
766,66,1649302870.866147000,10.11.219.6
767,-13746,1649302870.866486000,151.101.109.16
768,66,1649302870.866494000,10.11.219.6
769,-8274,1649302870.866528000,151.101.109.16
770,66,1649302870.866532000,10.11.219.6
771,211,1649302870.868581000,10.11.219.6
772,-2802,1649302870.868677000,151.101.109.16
773,66,1649302870.868686000,10.11.219.6
774,-12378,1649302870.868944000,151.101.109.16
775,66,1649302870.868949000,10.11.219.6
776,-9642,1649302870.868980000,151.101.109.16
777,66,1649302870.868984000,10.11.219.6
778,198,1649302870.869281000,10.11.219.6
779,-2802,1649302870.871256000,151.101.109.16
780,66,1649302870.871266000,10.11.219.6
781,-12378,1649302870.871461000,151.101.109.16
782,66,1649302870.871464000,10.11.219.6
783,-11010,1649302870.871503000,151.101.109.16
784,66,1649302870.871507000,10.11.219.6
785,-5538,1649302870.873924000,151.101.109.16
786,66,1649302870.873946000,10.11.219.6
787,-19218,1649302870.874096000,151.101.109.16
788,66,1649302870.874106000,10.11.219.6
789,-2802,1649302870.876078000,151.101.109.16
790,66,1649302870.876090000,10.11.219.6
791,-2802,1649302870.876241000,151.101.109.16
792,66,1649302870.876245000,10.11.219.6
793,-19218,1649302870.876255000,151.101.109.16
794,66,1649302870.876258000,10.11.219.6
795,-2802,1649302870.878677000,151.101.109.16
796,66,1649302870.878690000,10.11.219.6
797,-4170,1649302870.878891000,151.101.109.16
798,66,1649302870.878895000,10.11.219.6
799,-13746,1649302870.878906000,151.101.109.16
800,66,1649302870.878909000,10.11.219.6
801,-5538,1649302870.878926000,151.101.109.16
802,66,1649302870.878929000,10.11.219.6
803,-5538,1649302870.881327000,151.101.109.16
804,66,1649302870.881360000,10.11.219.6
805,-19218,1649302870.881536000,151.101.109.16
806,66,1649302870.881547000,10.11.219.6
807,-1434,1649302870.883693000,151.101.109.16
808,66,1649302870.883705000,10.11.219.6
809,-1434,1649302870.883721000,151.101.109.16
810,66,1649302870.883724000,10.11.219.6
811,-21954,1649302870.883865000,151.101.109.16
812,66,1649302870.883869000,10.11.219.6
813,-2802,1649302870.886098000,151.101.109.16
814,66,1649302870.886112000,10.11.219.6
815,-5538,1649302870.886260000,151.101.109.16
816,66,1649302870.886266000,10.11.219.6
817,-1434,1649302870.886299000,151.101.109.16
818,66,1649302870.886315000,10.11.219.6
819,-13746,1649302870.886321000,151.101.109.16
820,66,1649302870.886324000,10.11.219.6
821,-23322,1649302870.888668000,151.101.109.16
822,66,1649302870.888680000,10.11.219.6
823,-1434,1649302870.888706000,151.101.109.16
824,66,1649302870.888709000,10.11.219.6
825,-2802,1649302870.890932000,151.101.109.16
826,66,1649302870.890944000,10.11.219.6
827,-23322,1649302870.891122000,151.101.109.16
828,66,1649302870.891139000,10.11.219.6
829,-24690,1649302870.896154000,151.101.109.16
830,66,1649302870.896168000,10.11.219.6
831,-17850,1649302870.896294000,151.101.109.16
832,66,1649302870.896300000,10.11.219.6
833,-4170,1649302870.896315000,151.101.109.16
834,66,1649302870.896323000,10.11.219.6
835,-8274,1649302870.898647000,151.101.109.16
836,66,1649302870.898693000,10.11.219.6
837,169,1649302870.898792000,10.11.219.6
838,-9642,1649302870.898850000,151.101.109.16
839,66,1649302870.898875000,10.11.219.6
840,-6906,1649302870.898884000,151.101.109.16
841,66,1649302870.898887000,10.11.219.6
842,-2802,1649302870.900876000,151.101.109.16
843,66,1649302870.900888000,10.11.219.6
844,-21954,1649302870.901047000,151.101.109.16
845,66,1649302870.901052000,10.11.219.6
846,-2802,1649302870.903062000,151.101.109.16
847,66,1649302870.903074000,10.11.219.6
848,-4170,1649302870.903248000,151.101.109.16
849,-66,1649302870.903256000,151.101.109.16
850,-16375,1649302870.903264000,151.101.109.16
851,-1434,1649302870.903270000,151.101.109.16
852,66,1649302870.903272000,10.11.219.6
853,-8274,1649302870.905084000,151.101.109.16
854,66,1649302870.905100000,10.11.219.6
855,-1340,1649302870.905116000,151.101.109.16
856,-66,1649302870.905117000,151.101.109.16
857,-2802,1649302870.905135000,151.101.109.16
858,66,1649302870.905138000,10.11.219.6
859,-419,1649302870.905141000,151.101.109.16
860,78,1649302870.905146000,10.11.219.6
861,-1434,1649302870.905161000,151.101.109.16
862,66,1649302870.905175000,10.11.219.6
863,74,1649302870.905907000,10.11.219.6
864,200,1649302870.908992000,10.11.219.6
865,74,1649302870.909044000,10.11.219.6
866,-66,1649302870.915405000,151.101.109.16
867,-2802,1649302870.915429000,151.101.109.16
868,66,1649302870.915437000,10.11.219.6
869,-6906,1649302870.915469000,151.101.109.16
870,66,1649302870.915471000,10.11.219.6
871,-861,1649302870.916086000,151.101.109.16
872,78,1649302870.916093000,10.11.219.6
873,-1434,1649302870.916096000,151.101.109.16
874,66,1649302870.916099000,10.11.219.6
875,-66,1649302870.920969000,151.101.109.16
876,-2802,1649302870.920977000,151.101.109.16
877,66,1649302870.920984000,10.11.219.6
878,-74,1649302870.920997000,151.101.109.16
879,66,1649302870.921019000,10.11.219.6
880,-2802,1649302870.921030000,151.101.109.16
881,66,1649302870.921032000,10.11.219.6
882,-2802,1649302870.921829000,151.101.109.16
883,66,1649302870.921835000,10.11.219.6
884,583,1649302870.922878000,10.11.219.6
885,-2802,1649302870.923422000,151.101.109.16
886,66,1649302870.923427000,10.11.219.6
887,-2802,1649302870.923434000,151.101.109.16
888,66,1649302870.923435000,10.11.219.6
889,-2802,1649302870.924489000,151.101.109.16
890,66,1649302870.924495000,10.11.219.6
891,-2802,1649302870.924502000,151.101.109.16
892,66,1649302870.924504000,10.11.219.6
893,-2802,1649302870.925567000,151.101.109.16
894,66,1649302870.925575000,10.11.219.6
895,-2802,1649302870.925586000,151.101.109.16
896,66,1649302870.925588000,10.11.219.6
897,-2802,1649302870.926424000,151.101.109.16
898,66,1649302870.926429000,10.11.219.6
899,-2802,1649302870.927814000,151.101.109.16
900,66,1649302870.927866000,10.11.219.6
901,-2802,1649302870.927913000,151.101.109.16
902,66,1649302870.927931000,10.11.219.6
903,-2802,1649302870.928627000,151.101.109.16
904,66,1649302870.928632000,10.11.219.6
905,-2802,1649302870.929966000,151.101.109.16
906,66,1649302870.929974000,10.11.219.6
907,-4170,1649302870.929984000,151.101.109.16
908,66,1649302870.929987000,10.11.219.6
909,-4170,1649302870.930895000,151.101.109.16
910,66,1649302870.930911000,10.11.219.6
911,-4170,1649302870.931932000,151.101.109.16
912,66,1649302870.931939000,10.11.219.6
913,-680,1649302870.931947000,151.101.109.16
914,-66,1649302870.934763000,151.101.109.16
915,193,1649302870.937308000,10.11.219.6
916,-2802,1649302870.937323000,151.101.109.16
917,66,1649302870.937336000,10.11.219.6
918,-2745,1649302870.937354000,151.101.109.16
919,66,1649302870.937360000,10.11.219.6
920,130,1649302870.940521000,10.11.219.6
921,253,1649302870.940762000,10.11.219.6
922,90,1649302870.941239000,10.11.219.6
923,66,1649302870.941258000,10.11.219.6
924,-66,1649302870.949749000,151.101.109.16
925,-2802,1649302870.949760000,151.101.109.16
926,66,1649302870.949813000,10.11.219.6
927,-8274,1649302870.949823000,151.101.109.16
928,-689,1649302870.949825000,151.101.109.16
929,-1434,1649302870.949826000,151.101.109.16
930,78,1649302870.949832000,10.11.219.6
931,66,1649302870.949838000,10.11.219.6
932,-66,1649302870.952445000,151.101.109.16
933,-66,1649302870.952458000,151.101.109.16
934,-125,1649302870.952459000,151.101.109.16
935,54,1649302870.952473000,10.11.219.6
936,-66,1649302870.952487000,151.101.109.16
937,54,1649302870.952491000,10.11.219.6
938,-90,1649302870.952493000,151.101.109.16
939,54,1649302870.952494000,10.11.219.6
940,-66,1649302870.952496000,151.101.109.16
941,54,1649302870.952498000,10.11.219.6
942,-66,1649302870.953257000,151.101.109.16
943,54,1649302870.953264000,10.11.219.6
944,66,1649302870.977420000,10.11.219.6
945,-74,1649302871.026788000,34.213.237.248
946,66,1649302871.026823000,10.11.219.6
947,583,1649302871.029789000,10.11.219.6
948,-1131,1649302871.043006000,184.25.233.138
949,66,1649302871.043029000,10.11.219.6
950,-5538,1649302871.046869000,184.25.233.138
951,66,1649302871.046893000,10.11.219.6
952,-1426,1649302871.046975000,184.25.233.138
953,66,1649302871.046990000,10.11.219.6
954,-2802,1649302871.046999000,184.25.233.138
955,66,1649302871.047008000,10.11.219.6
956,-1015,1649302871.047013000,184.25.233.138
957,78,1649302871.047019000,10.11.219.6
958,-1434,1649302871.047025000,184.25.233.138
959,66,1649302871.047031000,10.11.219.6
960,202,1649302871.056004000,10.11.219.6
961,74,1649302871.056054000,10.11.219.6
962,152,1649302871.056666000,10.11.219.6
963,-8266,1649302871.061392000,184.25.233.138
964,66,1649302871.061485000,10.11.219.6
965,-8266,1649302871.061753000,184.25.233.138
966,66,1649302871.061791000,10.11.219.6
967,-8274,1649302871.061836000,184.25.233.138
968,66,1649302871.061851000,10.11.219.6
969,-8258,1649302871.063458000,184.25.233.138
970,66,1649302871.063475000,10.11.219.6
971,-3950,1649302871.063492000,184.25.233.138
972,66,1649302871.063495000,10.11.219.6
973,-66,1649302871.066774000,151.101.109.16
974,-512,1649302871.067902000,151.101.109.16
975,66,1649302871.067918000,10.11.219.6
976,-74,1649302871.067938000,151.101.109.16
977,66,1649302871.067955000,10.11.219.6
978,-66,1649302871.067961000,151.101.109.16
979,-12091,1649302871.070018000,151.101.109.16
980,583,1649302871.072401000,10.11.219.6
981,-424,1649302871.072515000,184.25.233.138
982,66,1649302871.072529000,10.11.219.6
983,155,1649302871.072636000,10.11.219.6
984,66,1649302871.072735000,10.11.219.6
985,-66,1649302871.086688000,151.101.109.16
986,-66,1649302871.086701000,151.101.109.16
987,-547,1649302871.086705000,151.101.109.16
988,66,1649302871.086715000,10.11.219.6
989,-4170,1649302871.086954000,151.101.109.16
990,66,1649302871.086962000,10.11.219.6
991,-1393,1649302871.086971000,151.101.109.16
992,66,1649302871.086975000,10.11.219.6
993,156,1649302871.090850000,10.11.219.6
994,174,1649302871.091020000,10.11.219.6
995,186,1649302871.091748000,10.11.219.6
996,130,1649302871.093559000,10.11.219.6
997,253,1649302871.093829000,10.11.219.6
998,90,1649302871.094376000,10.11.219.6
999,66,1649302871.094483000,10.11.219.6
1000,189,1649302871.099563000,10.11.219.6
1001,169,1649302871.099710000,10.11.219.6
1002,184,1649302871.099864000,10.11.219.6
1003,284,1649302871.100239000,10.11.219.6
1004,-66,1649302871.101945000,151.101.109.16
1005,-66,1649302871.102683000,151.101.109.16
1006,-326,1649302871.102690000,151.101.109.16
1007,66,1649302871.102699000,10.11.219.6
1008,-1257,1649302871.102718000,151.101.109.16
1009,66,1649302871.102739000,10.11.219.6
1010,-66,1649302871.102746000,151.101.109.16
1011,-2373,1649302871.104466000,151.101.109.16
1012,66,1649302871.104530000,10.11.219.6
1013,-66,1649302871.104822000,151.101.109.16
1014,-66,1649302871.104867000,151.101.109.16
1015,-66,1649302871.105864000,151.101.109.16
1016,-66,1649302871.105893000,151.101.109.16
1017,-90,1649302871.107162000,151.101.109.16
1018,54,1649302871.107188000,10.11.219.6
1019,-66,1649302871.107210000,151.101.109.16
1020,54,1649302871.107217000,10.11.219.6
1021,-66,1649302871.110958000,151.101.109.16
1022,-740,1649302871.111017000,151.101.109.16
1023,78,1649302871.111073000,10.11.219.6
1024,-66,1649302871.111142000,151.101.109.16
1025,-66,1649302871.111164000,151.101.109.16
1026,-1434,1649302871.111178000,151.101.109.16
1027,66,1649302871.111224000,10.11.219.6
1028,-66,1649302871.111939000,151.101.109.16
1029,-2802,1649302871.111954000,151.101.109.16
1030,66,1649302871.111981000,10.11.219.6
1031,-4170,1649302871.115263000,151.101.109.16
1032,-280,1649302871.115278000,151.101.109.16
1033,78,1649302871.115292000,10.11.219.6
1034,-1434,1649302871.115317000,151.101.109.16
1035,-1434,1649302871.115320000,151.101.109.16
1036,66,1649302871.115326000,10.11.219.6
1037,-14643,1649302871.115372000,151.101.109.16
1038,155,1649302871.115754000,10.11.219.6
1039,66,1649302871.115977000,10.11.219.6
1040,-15114,1649302871.116777000,151.101.109.16
1041,66,1649302871.116792000,10.11.219.6
1042,155,1649302871.117013000,10.11.219.6
1043,-1455,1649302871.118676000,151.101.109.16
1044,66,1649302871.118690000,10.11.219.6
1045,-1434,1649302871.118706000,151.101.109.16
1046,-13429,1649302871.118786000,151.101.109.16
1047,66,1649302871.118797000,10.11.219.6
1048,-66,1649302871.129094000,151.101.109.16
1049,-5538,1649302871.129107000,151.101.109.16
1050,66,1649302871.129125000,10.11.219.6
1051,-1434,1649302871.129260000,151.101.109.16
1052,-143,1649302871.129265000,151.101.109.16
1053,78,1649302871.129271000,10.11.219.6
1054,-1434,1649302871.129278000,151.101.109.16
1055,66,1649302871.129283000,10.11.219.6
1056,-66,1649302871.130902000,151.101.109.16
1057,-5538,1649302871.130917000,151.101.109.16
1058,66,1649302871.130927000,10.11.219.6
1059,-5538,1649302871.132528000,151.101.109.16
1060,66,1649302871.132579000,10.11.219.6
1061,-2802,1649302871.132645000,151.101.109.16
1062,66,1649302871.132660000,10.11.219.6
1063,-973,1649302871.132674000,151.101.109.16
1064,78,1649302871.132692000,10.11.219.6
1065,-1434,1649302871.132700000,151.101.109.16
1066,66,1649302871.132706000,10.11.219.6
1067,-5538,1649302871.133192000,151.101.109.16
1068,66,1649302871.133204000,10.11.219.6
1069,-398,1649302871.133877000,151.101.109.16
1070,155,1649302871.134993000,10.11.219.6
1071,-66,1649302871.145693000,151.101.109.16
1072,-6906,1649302871.148110000,151.101.109.16
1073,66,1649302871.148186000,10.11.219.6
1074,-1434,1649302871.148277000,151.101.109.16
1075,-5538,1649302871.148374000,151.101.109.16
1076,66,1649302871.148395000,10.11.219.6
1077,-1434,1649302871.148547000,151.101.109.16
1078,-167,1649302871.148567000,151.101.109.16
1079,78,1649302871.148585000,10.11.219.6
1080,-1434,1649302871.148612000,151.101.109.16
1081,66,1649302871.148632000,10.11.219.6
1082,-66,1649302871.150359000,34.213.237.248
1083,-2802,1649302871.152942000,34.213.237.248
1084,66,1649302871.152960000,10.11.219.6
1085,-2775,1649302871.153004000,34.213.237.248
1086,66,1649302871.153014000,10.11.219.6
1087,192,1649302871.157628000,10.11.219.6
1088,-2891,1649302871.182036000,184.25.233.138
1089,66,1649302871.182053000,10.11.219.6
1090,-324,1649302871.279239000,34.213.237.248
1091,66,1649302871.279260000,10.11.219.6
1092,-135,1649302871.279288000,34.213.237.248
1093,66,1649302871.279294000,10.11.219.6
1094,243,1649302871.351048000,10.11.219.6
1095,505,1649302871.351085000,10.11.219.6
1096,104,1649302871.351553000,10.11.219.6
1097,194,1649302871.493166000,10.11.219.6
1098,181,1649302871.494336000,10.11.219.6
1099,-66,1649302871.495032000,34.213.237.248
1100,-104,1649302871.495051000,34.213.237.248
1101,66,1649302871.495063000,10.11.219.6
1102,-236,1649302871.495081000,34.213.237.248
1103,66,1649302871.495085000,10.11.219.6
1104,-104,1649302871.495088000,34.213.237.248
1105,66,1649302871.495092000,10.11.219.6
1106,-66,1649302871.506354000,151.101.109.16
1107,-66,1649302871.506365000,151.101.109.16
1108,-5538,1649302871.506368000,151.101.109.16
1109,66,1649302871.506386000,10.11.219.6
1110,-1434,1649302871.506531000,151.101.109.16
1111,-6906,1649302871.507560000,151.101.109.16
1112,66,1649302871.507566000,10.11.219.6
1113,-6906,1649302871.509237000,151.101.109.16
1114,66,1649302871.509242000,10.11.219.6
1115,-6906,1649302871.509251000,151.101.109.16
1116,66,1649302871.509253000,10.11.219.6
1117,-5538,1649302871.511376000,151.101.109.16
1118,66,1649302871.511394000,10.11.219.6
1119,-1434,1649302871.511459000,151.101.109.16
1120,-6906,1649302871.511463000,151.101.109.16
1121,66,1649302871.511466000,10.11.219.6
1122,-6906,1649302871.513327000,151.101.109.16
1123,66,1649302871.513394000,10.11.219.6
1124,-1434,1649302871.513476000,151.101.109.16
1125,-103,1649302871.513483000,151.101.109.16
1126,78,1649302871.513503000,10.11.219.6
1127,-1434,1649302871.513511000,151.101.109.16
1128,66,1649302871.513518000,10.11.219.6
1129,-561,1649302871.577425000,184.25.233.138
1130,66,1649302871.577442000,10.11.219.6
1131,-1434,1649302871.577466000,184.25.233.138
1132,66,1649302871.577470000,10.11.219.6
1133,-6738,1649302871.577499000,184.25.233.138
1134,66,1649302871.577505000,10.11.219.6
1135,-5538,1649302871.583241000,184.25.233.138
1136,66,1649302871.583259000,10.11.219.6
1137,-6898,1649302871.583312000,184.25.233.138
1138,66,1649302871.583318000,10.11.219.6
1139,-4039,1649302871.583322000,184.25.233.138
1140,66,1649302871.583324000,10.11.219.6
1141,157,1649302871.589047000,10.11.219.6
1142,157,1649302871.590279000,10.11.219.6
1143,157,1649302871.591322000,10.11.219.6
1144,164,1649302871.591443000,10.11.219.6
1145,164,1649302871.594047000,10.11.219.6
1146,-66,1649302871.600207000,151.101.109.16
1147,-66,1649302871.601299000,151.101.109.16
1148,-66,1649302871.602327000,151.101.109.16
1149,-66,1649302871.602341000,151.101.109.16
1150,164,1649302871.604410000,10.11.219.6
1151,160,1649302871.605116000,10.11.219.6
1152,-66,1649302871.605648000,151.101.109.16
1153,160,1649302871.605940000,10.11.219.6
1154,253,1649302871.606196000,10.11.219.6
1155,160,1649302871.606592000,10.11.219.6
1156,159,1649302871.606890000,10.11.219.6
1157,160,1649302871.606930000,10.11.219.6
1158,160,1649302871.607180000,10.11.219.6
1159,161,1649302871.607418000,10.11.219.6
1160,-6906,1649302871.608232000,151.101.109.16
1161,160,1649302871.608252000,10.11.219.6
1162,-4170,1649302871.609827000,151.101.109.16
1163,66,1649302871.609843000,10.11.219.6
1164,152,1649302871.609857000,10.11.219.6
1165,-620,1649302871.609858000,151.101.109.16
1166,78,1649302871.609864000,10.11.219.6
1167,-1434,1649302871.609868000,151.101.109.16
1168,66,1649302871.609874000,10.11.219.6
1169,-6906,1649302871.609877000,151.101.109.16
1170,66,1649302871.609880000,10.11.219.6
1171,-6906,1649302871.612026000,151.101.109.16
1172,66,1649302871.612044000,10.11.219.6
1173,-6906,1649302871.612064000,151.101.109.16
1174,66,1649302871.612071000,10.11.219.6
1175,-1434,1649302871.613316000,151.101.109.16
1176,-865,1649302871.613333000,151.101.109.16
1177,78,1649302871.613362000,10.11.219.6
1178,-1434,1649302871.613380000,151.101.109.16
1179,66,1649302871.613390000,10.11.219.6
1180,-66,1649302871.616504000,151.101.109.16
1181,-66,1649302871.616518000,151.101.109.16
1182,-1434,1649302871.616521000,151.101.109.16
1183,-689,1649302871.616528000,151.101.109.16
1184,78,1649302871.616542000,10.11.219.6
1185,-1434,1649302871.616557000,151.101.109.16
1186,66,1649302871.616562000,10.11.219.6
1187,-2802,1649302871.618046000,151.101.109.16
1188,66,1649302871.618060000,10.11.219.6
1189,-597,1649302871.618078000,151.101.109.16
1190,78,1649302871.618086000,10.11.219.6
1191,-1434,1649302871.618090000,151.101.109.16
1192,66,1649302871.618094000,10.11.219.6
1193,-66,1649302871.618097000,151.101.109.16
1194,-66,1649302871.618101000,151.101.109.16
1195,-66,1649302871.618104000,151.101.109.16
1196,-4157,1649302871.618107000,151.101.109.16
1197,66,1649302871.618115000,10.11.219.6
1198,-4170,1649302871.619099000,151.101.109.16
1199,66,1649302871.619112000,10.11.219.6
1200,-488,1649302871.619129000,151.101.109.16
1201,78,1649302871.619136000,10.11.219.6
1202,-1434,1649302871.619140000,151.101.109.16
1203,66,1649302871.619143000,10.11.219.6
1204,-2802,1649302871.621933000,151.101.109.16
1205,66,1649302871.621952000,10.11.219.6
1206,-487,1649302871.621974000,151.101.109.16
1207,78,1649302871.621980000,10.11.219.6
1208,-1434,1649302871.621984000,151.101.109.16
1209,66,1649302871.621988000,10.11.219.6
1210,-66,1649302871.621991000,151.101.109.16
1211,-6906,1649302871.622040000,151.101.109.16
1212,66,1649302871.622044000,10.11.219.6
1213,-6906,1649302871.622049000,151.101.109.16
1214,66,1649302871.622052000,10.11.219.6
1215,-66,1649302871.624650000,151.101.109.16
1216,-2802,1649302871.624665000,151.101.109.16
1217,66,1649302871.624683000,10.11.219.6
1218,-66,1649302871.624704000,151.101.109.16
1219,66,1649302871.624708000,10.11.219.6
1220,-1434,1649302871.624713000,151.101.109.16
1221,-66,1649302871.624715000,151.101.109.16
1222,-1434,1649302871.624717000,151.101.109.16
1223,66,1649302871.624719000,10.11.219.6
1224,-1434,1649302871.624765000,151.101.109.16
1225,-2460,1649302871.624778000,151.101.109.16
1226,-6906,1649302871.624781000,151.101.109.16
1227,66,1649302871.624784000,10.11.219.6
1228,-6906,1649302871.624822000,151.101.109.16
1229,66,1649302871.624825000,10.11.219.6
1230,66,1649302871.624947000,10.11.219.6
1231,-4170,1649302871.625688000,151.101.109.16
1232,66,1649302871.625703000,10.11.219.6
1233,-181,1649302871.625716000,151.101.109.16
1234,78,1649302871.625721000,10.11.219.6
1235,-1434,1649302871.625725000,151.101.109.16
1236,66,1649302871.625728000,10.11.219.6
1237,251,1649302871.708698000,10.11.219.6
1238,-66,1649302871.721113000,151.101.109.16
1239,-2802,1649302871.721126000,151.101.109.16
1240,66,1649302871.721134000,10.11.219.6
1241,-4170,1649302871.721173000,151.101.109.16
1242,66,1649302871.721177000,10.11.219.6
1243,-6906,1649302871.722420000,151.101.109.16
1244,66,1649302871.722425000,10.11.219.6
1245,-3368,1649302871.722433000,151.101.109.16
1246,66,1649302871.722435000,10.11.219.6
1247,-2802,1649302871.724612000,184.25.233.138
1248,66,1649302871.724625000,10.11.219.6
1249,-9634,1649302871.724687000,184.25.233.138
1250,66,1649302871.724692000,10.11.219.6
1251,-4170,1649302871.726132000,184.25.233.138
1252,66,1649302871.726154000,10.11.219.6
1253,-5538,1649302871.727494000,184.25.233.138
1254,66,1649302871.727509000,10.11.219.6
1255,-790,1649302871.727524000,184.25.233.138
1256,78,1649302871.727533000,10.11.219.6
1257,-1434,1649302871.727538000,184.25.233.138
1258,66,1649302871.727543000,10.11.219.6
1259,-11010,1649302871.733615000,184.25.233.138
1260,66,1649302871.733686000,10.11.219.6
1261,-1426,1649302871.733790000,184.25.233.138
1262,66,1649302871.733798000,10.11.219.6
1263,-9567,1649302871.733814000,184.25.233.138
1264,66,1649302871.733824000,10.11.219.6
1265,164,1649302871.740924000,10.11.219.6
1266,160,1649302871.742254000,10.11.219.6
1267,159,1649302871.750224000,10.11.219.6
1268,160,1649302871.751217000,10.11.219.6
1269,-66,1649302871.751731000,151.101.109.16
1270,159,1649302871.751991000,10.11.219.6
1271,160,1649302871.752416000,10.11.219.6
1272,160,1649302871.752844000,10.11.219.6
1273,160,1649302871.753185000,10.11.219.6
1274,160,1649302871.753481000,10.11.219.6
1275,184,1649302871.753490000,10.11.219.6
1276,178,1649302871.753602000,10.11.219.6
1277,-66,1649302871.753703000,151.101.109.16
1278,239,1649302871.753715000,10.11.219.6
1279,265,1649302871.754056000,10.11.219.6
1280,167,1649302871.754385000,10.11.219.6
1281,222,1649302871.754643000,10.11.219.6
1282,167,1649302871.754737000,10.11.219.6
1283,-733,1649302871.759098000,151.101.109.16
1284,-66,1649302871.761269000,151.101.109.16
1285,-66,1649302871.762317000,151.101.109.16
1286,-66,1649302871.763398000,151.101.109.16
1287,-66,1649302871.763411000,151.101.109.16
1288,-66,1649302871.763414000,151.101.109.16
1289,-66,1649302871.765177000,151.101.109.16
1290,-6906,1649302871.765210000,151.101.109.16
1291,66,1649302871.765222000,10.11.219.6
1292,-2262,1649302871.766855000,151.101.109.16
1293,66,1649302871.766868000,10.11.219.6
1294,-1434,1649302871.766892000,151.101.109.16
1295,-528,1649302871.766897000,151.101.109.16
1296,78,1649302871.766904000,10.11.219.6
1297,-66,1649302871.766909000,151.101.109.16
1298,-66,1649302871.766915000,151.101.109.16
1299,-1434,1649302871.766919000,151.101.109.16
1300,66,1649302871.766923000,10.11.219.6
1301,-5538,1649302871.766928000,151.101.109.16
1302,66,1649302871.766931000,10.11.219.6
1303,-1434,1649302871.769283000,151.101.109.16
1304,-1434,1649302871.769299000,151.101.109.16
1305,-2632,1649302871.769450000,151.101.109.16
1306,-15949,1649302871.769458000,151.101.109.16
1307,-2802,1649302871.769474000,151.101.109.16
1308,66,1649302871.769485000,10.11.219.6
1309,66,1649302871.769761000,10.11.219.6
1310,-4170,1649302871.772034000,151.101.109.16
1311,66,1649302871.772058000,10.11.219.6
1312,-1434,1649302871.772082000,151.101.109.16
1313,-1434,1649302871.772161000,151.101.109.16
1314,66,1649302871.772166000,10.11.219.6
1315,-276,1649302871.772172000,151.101.109.16
1316,78,1649302871.772177000,10.11.219.6
1317,-66,1649302871.772180000,151.101.109.16
1318,-66,1649302871.772187000,151.101.109.16
1319,-66,1649302871.772189000,151.101.109.16
1320,-66,1649302871.772192000,151.101.109.16
1321,-66,1649302871.772194000,151.101.109.16
1322,-66,1649302871.772196000,151.101.109.16
1323,-6906,1649302871.772231000,151.101.109.16
1324,66,1649302871.772235000,10.11.219.6
1325,-6906,1649302871.772240000,151.101.109.16
1326,66,1649302871.772242000,10.11.219.6
1327,-1434,1649302871.772250000,151.101.109.16
1328,66,1649302871.772253000,10.11.219.6
1329,-1434,1649302871.772256000,151.101.109.16
1330,-2802,1649302871.774764000,151.101.109.16
1331,66,1649302871.774786000,10.11.219.6
1332,-2802,1649302871.774927000,151.101.109.16
1333,66,1649302871.774932000,10.11.219.6
1334,-6906,1649302871.774938000,151.101.109.16
1335,66,1649302871.774939000,10.11.219.6
1336,-6906,1649302871.774942000,151.101.109.16
1337,66,1649302871.774943000,10.11.219.6
1338,-5538,1649302871.774955000,151.101.109.16
1339,66,1649302871.774958000,10.11.219.6
1340,-1434,1649302871.776579000,151.101.109.16
1341,-6906,1649302871.776591000,151.101.109.16
1342,66,1649302871.776598000,10.11.219.6
1343,-2802,1649302871.776610000,151.101.109.16
1344,66,1649302871.776612000,10.11.219.6
1345,-127,1649302871.776623000,151.101.109.16
1346,78,1649302871.776626000,10.11.219.6
1347,-1434,1649302871.776628000,151.101.109.16
1348,66,1649302871.776631000,10.11.219.6
1349,188,1649302871.806551000,10.11.219.6
1350,155,1649302871.815683000,10.11.219.6
1351,-66,1649302871.817386000,151.101.109.16
1352,-344,1649302871.819671000,151.101.109.16
1353,78,1649302871.819692000,10.11.219.6
1354,-1434,1649302871.819721000,151.101.109.16
1355,66,1649302871.819738000,10.11.219.6
1356,-66,1649302871.831809000,151.101.109.16
1357,-1028,1649302871.831827000,151.101.109.16
1358,166,1649302871.832007000,10.11.219.6
1359,-66,1649302871.843339000,151.101.109.16
1360,-944,1649302871.844590000,151.101.109.16
1361,180,1649302871.852919000,10.11.219.6
1362,-66,1649302871.864957000,151.101.109.16
1363,-1302,1649302871.864974000,151.101.109.16
1364,240,1649302871.867257000,10.11.219.6
1365,155,1649302871.871541000,10.11.219.6
1366,-66,1649302871.878704000,151.101.109.16
1367,-5538,1649302871.880939000,151.101.109.16
1368,66,1649302871.881040000,10.11.219.6
1369,-5538,1649302871.881117000,151.101.109.16
1370,66,1649302871.881135000,10.11.219.6
1371,-575,1649302871.881146000,151.101.109.16
1372,78,1649302871.881150000,10.11.219.6
1373,-1434,1649302871.881152000,151.101.109.16
1374,66,1649302871.881154000,10.11.219.6
1375,-66,1649302871.882959000,151.101.109.16
1376,-1361,1649302871.884144000,151.101.109.16
1377,-1063,1649302871.925001000,184.25.233.138
1378,66,1649302871.925019000,10.11.219.6
1379,66,1649302871.925411000,10.11.219.6
1380,-1434,1649302871.936813000,184.25.233.138
1381,66,1649302871.936828000,10.11.219.6
1382,-651,1649302871.936851000,184.25.233.138
1383,78,1649302871.936868000,10.11.219.6
1384,-1434,1649302871.938027000,184.25.233.138
1385,66,1649302871.938050000,10.11.219.6
1386,-2802,1649302871.941019000,184.25.233.138
1387,66,1649302871.941036000,10.11.219.6
1388,-4170,1649302871.942416000,184.25.233.138
1389,66,1649302871.942431000,10.11.219.6
1390,-909,1649302871.942451000,184.25.233.138
1391,78,1649302871.942458000,10.11.219.6
1392,-1434,1649302871.942462000,184.25.233.138
1393,66,1649302871.942466000,10.11.219.6
1394,-2802,1649302871.944844000,184.25.233.138
1395,66,1649302871.944864000,10.11.219.6
1396,-9634,1649302871.945010000,184.25.233.138
1397,66,1649302871.945016000,10.11.219.6
1398,-12370,1649302871.945022000,184.25.233.138
1399,66,1649302871.945025000,10.11.219.6
1400,-96,1649302871.945033000,184.25.233.138
1401,66,1649302871.945036000,10.11.219.6
1402,177,1649302871.971423000,10.11.219.6
1403,166,1649302871.971708000,10.11.219.6
1404,74,1649302871.973290000,10.11.219.6
1405,-66,1649302871.982725000,151.101.109.16
1406,-66,1649302871.982735000,151.101.109.16
1407,-4170,1649302871.985003000,151.101.109.16
1408,66,1649302871.985017000,10.11.219.6
1409,-1434,1649302871.985032000,151.101.109.16
1410,-12378,1649302871.985160000,151.101.109.16
1411,-915,1649302871.985175000,151.101.109.16
1412,78,1649302871.985179000,10.11.219.6
1413,-1434,1649302871.985184000,151.101.109.16
1414,66,1649302871.985187000,10.11.219.6
1415,-4170,1649302871.985190000,151.101.109.16
1416,66,1649302871.985198000,10.11.219.6
1417,-2802,1649302871.988246000,151.101.109.16
1418,66,1649302871.988258000,10.11.219.6
1419,-8274,1649302871.988418000,151.101.109.16
1420,-87,1649302871.988426000,151.101.109.16
1421,78,1649302871.988432000,10.11.219.6
1422,-4170,1649302871.988439000,151.101.109.16
1423,66,1649302871.988442000,10.11.219.6
1424,-1434,1649302871.988471000,151.101.109.16
1425,66,1649302871.988476000,10.11.219.6
1426,-8274,1649302871.988481000,151.101.109.16
1427,66,1649302871.988516000,10.11.219.6
1428,-5538,1649302871.990933000,151.101.109.16
1429,66,1649302871.990945000,10.11.219.6
1430,-9576,1649302871.991005000,151.101.109.16
1431,-908,1649302871.991009000,151.101.109.16
1432,66,1649302871.991013000,10.11.219.6
1433,66,1649302871.991049000,10.11.219.6
1434,171,1649302872.002087000,10.11.219.6
1435,-66,1649302872.013528000,151.101.109.16
1436,-402,1649302872.013557000,151.101.109.16
1437,66,1649302872.013578000,10.11.219.6
1438,-66,1649302872.097015000,52.119.167.229
1439,54,1649302872.097107000,10.11.219.6
1440,571,1649302872.099382000,10.11.219.6
1441,152,1649302872.126918000,10.11.219.6
1442,-66,1649302872.138700000,151.101.109.16
1443,-2802,1649302872.141552000,151.101.109.16
1444,66,1649302872.141568000,10.11.219.6
1445,-1434,1649302872.141616000,151.101.109.16
1446,66,1649302872.141622000,10.11.219.6
1447,-4170,1649302872.141629000,151.101.109.16
1448,66,1649302872.141632000,10.11.219.6
1449,-4170,1649302872.142317000,151.101.109.16
1450,66,1649302872.142324000,10.11.219.6
1451,-4170,1649302872.144480000,151.101.109.16
1452,66,1649302872.144546000,10.11.219.6
1453,-4170,1649302872.146173000,151.101.109.16
1454,66,1649302872.146193000,10.11.219.6
1455,-4170,1649302872.146220000,151.101.109.16
1456,66,1649302872.146230000,10.11.219.6
1457,-4170,1649302872.146236000,151.101.109.16
1458,66,1649302872.146242000,10.11.219.6
1459,-1434,1649302872.147484000,151.101.109.16
1460,66,1649302872.147525000,10.11.219.6
1461,-116,1649302872.147565000,151.101.109.16
1462,78,1649302872.147583000,10.11.219.6
1463,-1434,1649302872.147593000,151.101.109.16
1464,66,1649302872.147602000,10.11.219.6
1465,-54,1649302872.221095000,52.119.167.229
1466,-54,1649302872.223331000,52.119.167.229
1467,-2774,1649302872.226048000,52.119.167.229
1468,54,1649302872.226067000,10.11.219.6
1469,-3236,1649302872.226215000,52.119.167.229
1470,54,1649302872.226231000,10.11.219.6
1471,180,1649302872.231042000,10.11.219.6
1472,773,1649302872.254204000,10.11.219.6
1473,-66,1649302872.256337000,184.25.233.138
1474,-1434,1649302872.274875000,184.25.233.138
1475,66,1649302872.274894000,10.11.219.6
1476,-106,1649302872.274911000,184.25.233.138
1477,-1434,1649302872.274912000,184.25.233.138
1478,78,1649302872.274920000,10.11.219.6
1479,66,1649302872.274930000,10.11.219.6
1480,157,1649302872.331559000,10.11.219.6
1481,158,1649302872.332538000,10.11.219.6
1482,-66,1649302872.343054000,151.101.109.16
1483,-2802,1649302872.344982000,151.101.109.16
1484,66,1649302872.344996000,10.11.219.6
1485,-4170,1649302872.345030000,151.101.109.16
1486,66,1649302872.345033000,10.11.219.6
1487,-4170,1649302872.345036000,151.101.109.16
1488,66,1649302872.345038000,10.11.219.6
1489,-2802,1649302872.354916000,151.101.109.16
1490,66,1649302872.354936000,10.11.219.6
1491,-66,1649302872.354953000,151.101.109.16
1492,-2307,1649302872.354955000,151.101.109.16
1493,66,1649302872.354972000,10.11.219.6
1494,-6906,1649302872.355066000,151.101.109.16
1495,66,1649302872.355073000,10.11.219.6
1496,-6906,1649302872.355081000,151.101.109.16
1497,66,1649302872.355085000,10.11.219.6
1498,-5538,1649302872.355113000,151.101.109.16
1499,66,1649302872.355116000,10.11.219.6
1500,-1434,1649302872.356821000,151.101.109.16
1501,66,1649302872.356836000,10.11.219.6
1502,-2802,1649302872.356853000,151.101.109.16
1503,66,1649302872.356857000,10.11.219.6
1504,-756,1649302872.356860000,151.101.109.16
1505,78,1649302872.356864000,10.11.219.6
1506,-105,1649302872.356867000,52.119.167.229
1507,54,1649302872.356876000,10.11.219.6
1508,-1434,1649302872.356880000,151.101.109.16
1509,66,1649302872.356883000,10.11.219.6
1510,524,1649302872.357313000,10.11.219.6
1511,273,1649302872.474379000,10.11.219.6
1512,171,1649302872.482170000,10.11.219.6
1513,352,1649302872.483894000,10.11.219.6
1514,-66,1649302872.486021000,151.101.109.16
1515,-2802,1649302872.487726000,151.101.109.16
1516,66,1649302872.487739000,10.11.219.6
1517,-1434,1649302872.487775000,151.101.109.16
1518,66,1649302872.487778000,10.11.219.6
1519,-4170,1649302872.487783000,151.101.109.16
1520,66,1649302872.487784000,10.11.219.6
1521,-1434,1649302872.488530000,151.101.109.16
1522,66,1649302872.488536000,10.11.219.6
1523,-117,1649302872.488544000,151.101.109.16
1524,78,1649302872.488557000,10.11.219.6
1525,-1434,1649302872.488560000,151.101.109.16
1526,66,1649302872.488562000,10.11.219.6
1527,-66,1649302872.494307000,151.101.109.16
1528,-4170,1649302872.494329000,151.101.109.16
1529,66,1649302872.494344000,10.11.219.6
1530,-4170,1649302872.497411000,151.101.109.16
1531,66,1649302872.497428000,10.11.219.6
1532,-860,1649302872.497453000,151.101.109.16
1533,78,1649302872.497461000,10.11.219.6
1534,-66,1649302872.497575000,151.101.109.16
1535,-13746,1649302872.497586000,151.101.109.16
1536,-953,1649302872.497608000,151.101.109.16
1537,78,1649302872.497613000,10.11.219.6
1538,-1434,1649302872.497620000,151.101.109.16
1539,66,1649302872.497625000,10.11.219.6
1540,-1434,1649302872.497628000,151.101.109.16
1541,66,1649302872.497632000,10.11.219.6
1542,-1434,1649302872.497635000,151.101.109.16
1543,-5538,1649302872.499856000,151.101.109.16
1544,66,1649302872.499872000,10.11.219.6
1545,-8274,1649302872.500000000,151.101.109.16
1546,-87,1649302872.500005000,151.101.109.16
1547,78,1649302872.500010000,10.11.219.6
1548,-1434,1649302872.500014000,151.101.109.16
1549,66,1649302872.500017000,10.11.219.6
1550,-9642,1649302872.500039000,151.101.109.16
1551,66,1649302872.500078000,10.11.219.6
1552,-5538,1649302872.502377000,151.101.109.16
1553,66,1649302872.502395000,10.11.219.6
1554,-16482,1649302872.502586000,151.101.109.16
1555,-108,1649302872.502602000,151.101.109.16
1556,78,1649302872.502609000,10.11.219.6
1557,-1434,1649302872.502617000,151.101.109.16
1558,66,1649302872.502621000,10.11.219.6
1559,-2802,1649302872.502625000,151.101.109.16
1560,66,1649302872.502662000,10.11.219.6
1561,-2802,1649302872.505264000,151.101.109.16
1562,66,1649302872.505278000,10.11.219.6
1563,-21954,1649302872.505443000,151.101.109.16
1564,66,1649302872.505485000,10.11.219.6
1565,-1434,1649302872.506976000,151.101.109.16
1566,-513,1649302872.506991000,151.101.109.16
1567,78,1649302872.507003000,10.11.219.6
1568,-503,1649302872.507020000,52.119.167.229
1569,54,1649302872.507029000,10.11.219.6
1570,-1434,1649302872.507033000,151.101.109.16
1571,66,1649302872.507037000,10.11.219.6
1572,171,1649302872.508164000,10.11.219.6
1573,-66,1649302872.520326000,151.101.109.16
1574,-2802,1649302872.522298000,151.101.109.16
1575,66,1649302872.522318000,10.11.219.6
1576,-2802,1649302872.522374000,151.101.109.16
1577,66,1649302872.522381000,10.11.219.6
1578,-2802,1649302872.522389000,151.101.109.16
1579,66,1649302872.522394000,10.11.219.6
1580,-860,1649302872.522401000,151.101.109.16
1581,78,1649302872.522406000,10.11.219.6
1582,-1434,1649302872.522410000,151.101.109.16
1583,66,1649302872.522414000,10.11.219.6
1584,163,1649302872.522687000,10.11.219.6
1585,-66,1649302872.533629000,151.101.109.16
1586,-894,1649302872.534775000,151.101.109.16
1587,66,1649302872.577532000,10.11.219.6
1588,154,1649302872.583530000,10.11.219.6
1589,152,1649302872.584237000,10.11.219.6
1590,178,1649302872.587338000,10.11.219.6
1591,147,1649302872.588437000,10.11.219.6
1592,148,1649302872.588768000,10.11.219.6
1593,149,1649302872.588923000,10.11.219.6
1594,-66,1649302872.594861000,151.101.109.16
1595,-798,1649302872.595990000,151.101.109.16
1596,66,1649302872.596049000,10.11.219.6
1597,-66,1649302872.596128000,151.101.109.16
1598,-66,1649302872.597839000,151.101.109.16
1599,-66,1649302872.598922000,151.101.109.16
1600,-4170,1649302872.600555000,151.101.109.16
1601,66,1649302872.600574000,10.11.219.6
1602,-1184,1649302872.600595000,151.101.109.16
1603,66,1649302872.600602000,10.11.219.6
1604,-66,1649302872.600608000,151.101.109.16
1605,-1434,1649302872.600617000,151.101.109.16
1606,66,1649302872.600623000,10.11.219.6
1607,-2802,1649302872.601706000,151.101.109.16
1608,66,1649302872.601722000,10.11.219.6
1609,-66,1649302872.601745000,151.101.109.16
1610,-4170,1649302872.601751000,151.101.109.16
1611,66,1649302872.601755000,10.11.219.6
1612,-4170,1649302872.602603000,151.101.109.16
1613,66,1649302872.602618000,10.11.219.6
1614,-4170,1649302872.604265000,151.101.109.16
1615,66,1649302872.604281000,10.11.219.6
1616,-4170,1649302872.604301000,151.101.109.16
1617,66,1649302872.604306000,10.11.219.6
1618,-4170,1649302872.605495000,151.101.109.16
1619,66,1649302872.605508000,10.11.219.6
1620,-4170,1649302872.605528000,151.101.109.16
1621,66,1649302872.605532000,10.11.219.6
1622,-4170,1649302872.606360000,151.101.109.16
1623,66,1649302872.606365000,10.11.219.6
1624,-4170,1649302872.607691000,151.101.109.16
1625,66,1649302872.607705000,10.11.219.6
1626,-4170,1649302872.607724000,151.101.109.16
1627,66,1649302872.607727000,10.11.219.6
1628,-4170,1649302872.608573000,151.101.109.16
1629,66,1649302872.608585000,10.11.219.6
1630,-4170,1649302872.609961000,151.101.109.16
1631,66,1649302872.609978000,10.11.219.6
1632,-5538,1649302872.610000000,151.101.109.16
1633,66,1649302872.610004000,10.11.219.6
1634,-5538,1649302872.610855000,151.101.109.16
1635,66,1649302872.610898000,10.11.219.6
1636,-5538,1649302872.611999000,151.101.109.16
1637,66,1649302872.612017000,10.11.219.6
1638,-5538,1649302872.613006000,151.101.109.16
1639,66,1649302872.613027000,10.11.219.6
1640,-5538,1649302872.613992000,151.101.109.16
1641,66,1649302872.614039000,10.11.219.6
1642,-4170,1649302872.615453000,151.101.109.16
1643,66,1649302872.615468000,10.11.219.6
1644,-5538,1649302872.615487000,151.101.109.16
1645,66,1649302872.615490000,10.11.219.6
1646,204,1649302872.615566000,10.11.219.6
1647,-5538,1649302872.617736000,151.101.109.16
1648,66,1649302872.617756000,10.11.219.6
1649,-6906,1649302872.617777000,151.101.109.16
1650,66,1649302872.617785000,10.11.219.6
1651,-6906,1649302872.619459000,151.101.109.16
1652,66,1649302872.619481000,10.11.219.6
1653,-6906,1649302872.619521000,151.101.109.16
1654,66,1649302872.619525000,10.11.219.6
1655,-6906,1649302872.621055000,151.101.109.16
1656,66,1649302872.621069000,10.11.219.6
1657,-2516,1649302872.621088000,151.101.109.16
1658,66,1649302872.621092000,10.11.219.6
1659,-66,1649302872.627618000,151.101.109.16
1660,-8274,1649302872.630576000,151.101.109.16
1661,66,1649302872.630597000,10.11.219.6
1662,-7887,1649302872.630634000,151.101.109.16
1663,66,1649302872.630636000,10.11.219.6
1664,-979,1649302872.630639000,151.101.109.16
1665,66,1649302872.630814000,10.11.219.6
1666,74,1649302872.647875000,10.11.219.6
1667,74,1649302872.722575000,10.11.219.6
1668,74,1649302872.731015000,10.11.219.6
1669,74,1649302872.732779000,10.11.219.6
1670,-66,1649302872.771608000,52.94.215.169
1671,54,1649302872.771663000,10.11.219.6
1672,571,1649302872.773853000,10.11.219.6
1673,161,1649302872.823181000,10.11.219.6
1674,-66,1649302872.834767000,151.101.109.16
1675,-1075,1649302872.836052000,151.101.109.16
1676,66,1649302872.836117000,10.11.219.6
1677,-66,1649302872.850882000,52.94.215.169
1678,54,1649302872.850909000,10.11.219.6
1679,571,1649302872.855005000,10.11.219.6
1680,-66,1649302872.871185000,54.240.252.146
1681,54,1649302872.871218000,10.11.219.6
1682,-66,1649302872.871235000,54.240.252.146
1683,54,1649302872.871241000,10.11.219.6
1684,571,1649302872.874332000,10.11.219.6
1685,571,1649302872.878476000,10.11.219.6
1686,74,1649302872.880031000,10.11.219.6
1687,74,1649302872.881578000,10.11.219.6
1688,-54,1649302872.895899000,52.94.215.169
1689,-54,1649302872.897981000,52.94.215.169
1690,-5950,1649302872.900556000,52.94.215.169
1691,54,1649302872.900579000,10.11.219.6
1692,180,1649302872.904792000,10.11.219.6
1693,177,1649302872.918495000,10.11.219.6
1694,-66,1649302872.930030000,151.101.109.16
1695,-646,1649302872.938897000,151.101.109.16
1696,78,1649302872.938915000,10.11.219.6
1697,-1434,1649302872.938930000,151.101.109.16
1698,66,1649302872.938936000,10.11.219.6
1699,74,1649302872.953064000,10.11.219.6
1700,-54,1649302872.979326000,52.94.215.169
1701,-54,1649302872.983612000,52.94.215.169
1702,-5950,1649302872.986274000,52.94.215.169
1703,54,1649302872.986283000,10.11.219.6
1704,180,1649302872.989017000,10.11.219.6
1705,74,1649302872.997171000,10.11.219.6
1706,74,1649302872.998041000,10.11.219.6
1707,-66,1649302873.009532000,52.94.176.11
1708,54,1649302873.009545000,10.11.219.6
1709,-54,1649302873.009554000,54.240.252.146
1710,-54,1649302873.010574000,54.240.252.146
1711,571,1649302873.011186000,10.11.219.6
1712,-66,1649302873.012947000,52.94.176.11
1713,54,1649302873.012957000,10.11.219.6
1714,-54,1649302873.014035000,54.240.252.146
1715,571,1649302873.014570000,10.11.219.6
1716,-5931,1649302873.015602000,54.240.252.146
1717,54,1649302873.015608000,10.11.219.6
1718,-54,1649302873.017216000,54.240.252.146
1719,180,1649302873.018525000,10.11.219.6
1720,-5931,1649302873.019851000,54.240.252.146
1721,54,1649302873.019861000,10.11.219.6
1722,180,1649302873.022593000,10.11.219.6
1723,-105,1649302873.029020000,52.94.215.169
1724,54,1649302873.029032000,10.11.219.6
1725,673,1649302873.029280000,10.11.219.6
1726,74,1649302873.053263000,10.11.219.6
1727,-66,1649302873.081495000,52.119.163.144
1728,54,1649302873.081518000,10.11.219.6
1729,571,1649302873.083179000,10.11.219.6
1730,-105,1649302873.117513000,52.94.215.169
1731,54,1649302873.117543000,10.11.219.6
1732,672,1649302873.118004000,10.11.219.6
1733,-66,1649302873.119596000,52.94.176.11
1734,54,1649302873.119624000,10.11.219.6
1735,571,1649302873.122707000,10.11.219.6
1736,-66,1649302873.125994000,52.94.176.11
1737,54,1649302873.126011000,10.11.219.6
1738,571,1649302873.127665000,10.11.219.6
1739,-54,1649302873.138842000,52.94.176.11
1740,-54,1649302873.139939000,52.94.176.11
1741,-6079,1649302873.148039000,52.94.176.11
1742,54,1649302873.148048000,10.11.219.6
1743,-54,1649302873.148059000,52.94.176.11
1744,-54,1649302873.148678000,52.94.176.11
1745,-6079,1649302873.151088000,52.94.176.11
1746,180,1649302873.151088000,10.11.219.6
1747,54,1649302873.151098000,10.11.219.6
1748,180,1649302873.153985000,10.11.219.6
1749,-105,1649302873.158135000,54.240.252.146
1750,54,1649302873.158149000,10.11.219.6
1751,593,1649302873.158393000,10.11.219.6
1752,-105,1649302873.161323000,54.240.252.146
1753,54,1649302873.161331000,10.11.219.6
1754,-5494,1649302873.172358000,52.94.215.169
1755,54,1649302873.172366000,10.11.219.6
1756,-8214,1649302873.172445000,52.94.215.169
1757,54,1649302873.172451000,10.11.219.6
1758,-66,1649302873.193912000,52.94.176.11
1759,54,1649302873.193928000,10.11.219.6
1760,571,1649302873.195760000,10.11.219.6
1761,-54,1649302873.209972000,52.119.163.144
1762,-54,1649302873.212080000,52.119.163.144
1763,-6014,1649302873.214820000,52.119.163.144
1764,54,1649302873.214827000,10.11.219.6
1765,180,1649302873.217797000,10.11.219.6
1766,-54,1649302873.241978000,52.94.176.11
1767,-54,1649302873.245278000,52.94.176.11
1768,-6079,1649302873.248014000,52.94.176.11
1769,54,1649302873.248024000,10.11.219.6
1770,180,1649302873.250760000,10.11.219.6
1771,-54,1649302873.254933000,52.94.176.11
1772,-54,1649302873.257045000,52.94.176.11
1773,-6079,1649302873.260067000,52.94.176.11
1774,54,1649302873.260083000,10.11.219.6
1775,180,1649302873.264278000,10.11.219.6
1776,-5494,1649302873.270344000,52.94.215.169
1777,54,1649302873.270360000,10.11.219.6
1778,-8214,1649302873.270386000,52.94.215.169
1779,54,1649302873.270388000,10.11.219.6
1780,-105,1649302873.279957000,52.94.176.11
1781,54,1649302873.279969000,10.11.219.6
1782,639,1649302873.280179000,10.11.219.6
1783,-105,1649302873.287497000,52.94.176.11
1784,54,1649302873.287504000,10.11.219.6
1785,639,1649302873.287664000,10.11.219.6
1786,-5494,1649302873.297217000,52.94.215.169
1787,54,1649302873.297222000,10.11.219.6
1788,-1414,1649302873.297279000,52.94.215.169
1789,54,1649302873.297282000,10.11.219.6
1790,-2774,1649302873.297286000,52.94.215.169
1791,66,1649302873.297288000,10.11.219.6
1792,-4134,1649302873.297290000,52.94.215.169
1793,54,1649302873.297292000,10.11.219.6
1794,-689,1649302873.303559000,54.240.252.146
1795,54,1649302873.303573000,10.11.219.6
1796,755,1649302873.304205000,10.11.219.6
1797,160,1649302873.306245000,10.11.219.6
1798,-66,1649302873.317502000,151.101.109.16
1799,-5538,1649302873.319462000,151.101.109.16
1800,66,1649302873.319472000,10.11.219.6
1801,-2802,1649302873.319544000,151.101.109.16
1802,66,1649302873.319551000,10.11.219.6
1803,-1434,1649302873.320140000,151.101.109.16
1804,66,1649302873.320144000,10.11.219.6
1805,-1010,1649302873.320150000,151.101.109.16
1806,-1434,1649302873.320151000,151.101.109.16
1807,78,1649302873.320156000,10.11.219.6
1808,66,1649302873.320163000,10.11.219.6
1809,-54,1649302873.332578000,52.94.176.11
1810,-54,1649302873.334769000,52.94.176.11
1811,-2774,1649302873.337448000,52.94.176.11
1812,54,1649302873.337457000,10.11.219.6
1813,-3359,1649302873.337478000,52.94.176.11
1814,54,1649302873.337481000,10.11.219.6
1815,180,1649302873.340130000,10.11.219.6
1816,-105,1649302873.347555000,52.119.163.144
1817,54,1649302873.347567000,10.11.219.6
1818,585,1649302873.347745000,10.11.219.6
1819,160,1649302873.372228000,10.11.219.6
1820,-105,1649302873.373212000,52.94.176.11
1821,54,1649302873.373223000,10.11.219.6
1822,-66,1649302873.390784000,151.101.109.16
1823,-5538,1649302873.390790000,151.101.109.16
1824,66,1649302873.390794000,10.11.219.6
1825,-2802,1649302873.390826000,151.101.109.16
1826,66,1649302873.390829000,10.11.219.6
1827,-3782,1649302873.390832000,151.101.109.16
1828,66,1649302873.390835000,10.11.219.6
1829,-105,1649302873.393659000,52.94.176.11
1830,54,1649302873.393675000,10.11.219.6
1831,-5494,1649302873.400840000,52.94.215.169
1832,54,1649302873.400853000,10.11.219.6
1833,-19094,1649302873.401002000,52.94.215.169
1834,54,1649302873.401006000,10.11.219.6
1835,-2774,1649302873.401631000,52.94.215.169
1836,54,1649302873.401637000,10.11.219.6
1837,-776,1649302873.418201000,52.94.176.11
1838,54,1649302873.418219000,10.11.219.6
1839,1414,1649302873.419115000,10.11.219.6
1840,1414,1649302873.419126000,10.11.219.6
1841,211,1649302873.419542000,10.11.219.6
1842,-5494,1649302873.420578000,52.94.215.169
1843,54,1649302873.420586000,10.11.219.6
1844,-9574,1649302873.422522000,52.94.215.169
1845,54,1649302873.422531000,10.11.219.6
1846,-776,1649302873.432087000,52.94.176.11
1847,54,1649302873.432096000,10.11.219.6
1848,1195,1649302873.432852000,10.11.219.6
1849,-696,1649302873.450254000,54.240.252.146
1850,-105,1649302873.479170000,52.94.176.11
1851,54,1649302873.479184000,10.11.219.6
1852,1414,1649302873.479415000,10.11.219.6
1853,1414,1649302873.479423000,10.11.219.6
1854,595,1649302873.479976000,10.11.219.6
1855,-439,1649302873.482277000,52.119.163.144
1856,54,1649302873.482301000,10.11.219.6
1857,54,1649302873.497443000,10.11.219.6
1858,-5494,1649302873.530701000,52.94.215.169
1859,54,1649302873.530733000,10.11.219.6
1860,-8214,1649302873.530796000,52.94.215.169
1861,54,1649302873.530805000,10.11.219.6
1862,-9267,1649302873.532417000,52.94.215.169
1863,54,1649302873.532434000,10.11.219.6
1864,-4134,1649302873.543904000,52.94.215.169
1865,54,1649302873.543924000,10.11.219.6
1866,-1414,1649302873.544698000,52.94.215.169
1867,54,1649302873.544713000,10.11.219.6
1868,-9574,1649302873.546398000,52.94.215.169
1869,54,1649302873.546418000,10.11.219.6
1870,-54,1649302873.547752000,52.94.176.11
1871,154,1649302873.553894000,10.11.219.6
1872,152,1649302873.554278000,10.11.219.6
1873,-682,1649302873.557501000,52.94.176.11
1874,-66,1649302873.565518000,151.101.109.16
1875,-66,1649302873.565539000,151.101.109.16
1876,208,1649302873.571275000,10.11.219.6
1877,755,1649302873.572097000,10.11.219.6
1878,-682,1649302873.574689000,52.94.176.11
1879,-3161,1649302873.579116000,151.101.109.16
1880,66,1649302873.579134000,10.11.219.6
1881,-66,1649302873.582032000,151.101.109.16
1882,-2802,1649302873.583798000,151.101.109.16
1883,66,1649302873.583815000,10.11.219.6
1884,-4170,1649302873.583858000,151.101.109.16
1885,66,1649302873.583864000,10.11.219.6
1886,-6906,1649302873.585587000,151.101.109.16
1887,66,1649302873.585610000,10.11.219.6
1888,-6906,1649302873.585643000,151.101.109.16
1889,66,1649302873.585663000,10.11.219.6
1890,-2802,1649302873.586125000,151.101.109.16
1891,66,1649302873.586157000,10.11.219.6
1892,159,1649302873.588848000,10.11.219.6
1893,-4170,1649302873.589050000,151.101.109.16
1894,-6906,1649302873.589064000,151.101.109.16
1895,66,1649302873.589093000,10.11.219.6
1896,-6906,1649302873.589938000,151.101.109.16
1897,66,1649302873.589947000,10.11.219.6
1898,-6906,1649302873.589962000,151.101.109.16
1899,66,1649302873.589997000,10.11.219.6
1900,-2802,1649302873.592751000,151.101.109.16
1901,66,1649302873.592805000,10.11.219.6
1902,-4170,1649302873.592894000,151.101.109.16
1903,-6906,1649302873.592897000,151.101.109.16
1904,-6906,1649302873.592922000,151.101.109.16
1905,66,1649302873.592924000,10.11.219.6
1906,66,1649302873.592937000,10.11.219.6
1907,-2802,1649302873.595175000,151.101.109.16
1908,66,1649302873.595195000,10.11.219.6
1909,-4170,1649302873.595320000,151.101.109.16
1910,-6906,1649302873.595331000,151.101.109.16
1911,-6906,1649302873.595379000,151.101.109.16
1912,66,1649302873.595459000,10.11.219.6
1913,-2802,1649302873.596921000,151.101.109.16
1914,66,1649302873.596935000,10.11.219.6
1915,-6906,1649302873.596951000,151.101.109.16
1916,66,1649302873.596989000,10.11.219.6
1917,-6906,1649302873.598680000,151.101.109.16
1918,66,1649302873.598688000,10.11.219.6
1919,-6906,1649302873.599814000,151.101.109.16
1920,66,1649302873.599819000,10.11.219.6
1921,54,1649302873.601408000,10.11.219.6
1922,-4170,1649302873.602232000,151.101.109.16
1923,66,1649302873.602247000,10.11.219.6
1924,-6906,1649302873.602262000,151.101.109.16
1925,66,1649302873.602307000,10.11.219.6
1926,-5538,1649302873.604543000,151.101.109.16
1927,66,1649302873.604570000,10.11.219.6
1928,-1434,1649302873.604628000,151.101.109.16
1929,-6906,1649302873.604632000,151.101.109.16
1930,66,1649302873.604666000,10.11.219.6
1931,-2802,1649302873.607068000,151.101.109.16
1932,66,1649302873.607084000,10.11.219.6
1933,-4170,1649302873.607181000,151.101.109.16
1934,-6906,1649302873.607185000,151.101.109.16
1935,66,1649302873.607206000,10.11.219.6
1936,-5538,1649302873.607207000,151.101.109.16
1937,66,1649302873.607261000,10.11.219.6
1938,-2802,1649302873.609301000,151.101.109.16
1939,66,1649302873.609313000,10.11.219.6
1940,-4170,1649302873.609434000,151.101.109.16
1941,-6906,1649302873.609441000,151.101.109.16
1942,-6906,1649302873.609464000,151.101.109.16
1943,66,1649302873.609493000,10.11.219.6
1944,-2802,1649302873.612149000,151.101.109.16
1945,66,1649302873.612166000,10.11.219.6
1946,-4170,1649302873.612312000,151.101.109.16
1947,-8274,1649302873.612327000,151.101.109.16
1948,-8274,1649302873.612355000,151.101.109.16
1949,66,1649302873.612358000,10.11.219.6
1950,66,1649302873.612428000,10.11.219.6
1951,-8274,1649302873.614050000,151.101.109.16
1952,66,1649302873.614066000,10.11.219.6
1953,-2802,1649302873.614086000,151.101.109.16
1954,66,1649302873.614141000,10.11.219.6
1955,-2802,1649302873.616260000,151.101.109.16
1956,66,1649302873.616276000,10.11.219.6
1957,-1434,1649302873.616328000,151.101.109.16
1958,-5538,1649302873.616333000,151.101.109.16
1959,-1434,1649302873.616334000,151.101.109.16
1960,-491,1649302873.616335000,151.101.109.16
1961,78,1649302873.616340000,10.11.219.6
1962,-1434,1649302873.616345000,151.101.109.16
1963,66,1649302873.616348000,10.11.219.6
1964,54,1649302873.617418000,10.11.219.6
1965,-54,1649302873.618867000,52.94.176.11
1966,-659,1649302873.630027000,52.94.176.11
1967,54,1649302873.630050000,10.11.219.6
1968,-105,1649302873.630065000,52.94.176.11
1969,54,1649302873.630068000,10.11.219.6
1970,-2686,1649302873.667695000,52.94.215.169
1971,54,1649302873.667719000,10.11.219.6
1972,220,1649302873.692256000,10.11.219.6
1973,-66,1649302873.703700000,151.101.109.16
1974,-5538,1649302873.705694000,151.101.109.16
1975,-2802,1649302873.705728000,151.101.109.16
1976,-641,1649302873.705731000,151.101.109.16
1977,78,1649302873.705742000,10.11.219.6
1978,-1434,1649302873.705756000,151.101.109.16
1979,66,1649302873.705763000,10.11.219.6
1980,211,1649302873.709070000,10.11.219.6
1981,159,1649302873.709389000,10.11.219.6
1982,-696,1649302873.717684000,54.240.252.146
1983,54,1649302873.717708000,10.11.219.6
1984,-66,1649302873.719727000,151.101.109.16
1985,-66,1649302873.721316000,151.101.109.16
1986,-365,1649302873.721330000,151.101.109.16
1987,755,1649302873.726543000,10.11.219.6
1988,160,1649302873.729674000,10.11.219.6
1989,-2802,1649302873.732008000,151.101.109.16
1990,66,1649302873.732082000,10.11.219.6
1991,-5538,1649302873.732153000,151.101.109.16
1992,66,1649302873.733445000,10.11.219.6
1993,-5538,1649302873.734044000,151.101.109.16
1994,-1095,1649302873.734057000,151.101.109.16
1995,78,1649302873.734063000,10.11.219.6
1996,-1434,1649302873.734070000,151.101.109.16
1997,66,1649302873.734074000,10.11.219.6
1998,-8274,1649302873.734079000,151.101.109.16
1999,66,1649302873.734242000,10.11.219.6
2000,-8274,1649302873.735265000,151.101.109.16
2001,66,1649302873.735284000,10.11.219.6
2002,-8274,1649302873.735309000,151.101.109.16
2003,-6906,1649302873.735334000,151.101.109.16
2004,66,1649302873.735382000,10.11.219.6
2005,-1434,1649302873.737730000,151.101.109.16
2006,-4170,1649302873.737751000,151.101.109.16
2007,66,1649302873.737764000,10.11.219.6
2008,-4170,1649302873.737900000,151.101.109.16
2009,-8274,1649302873.737905000,151.101.109.16
2010,-8274,1649302873.737929000,151.101.109.16
2011,66,1649302873.737953000,10.11.219.6
2012,-2802,1649302873.740302000,151.101.109.16
2013,66,1649302873.740317000,10.11.219.6
2014,-5538,1649302873.740450000,151.101.109.16
2015,-8274,1649302873.740466000,151.101.109.16
2016,66,1649302873.740480000,10.11.219.6
2017,-8274,1649302873.740489000,151.101.109.16
2018,66,1649302873.740554000,10.11.219.6
2019,-5538,1649302873.743410000,151.101.109.16
2020,66,1649302873.743436000,10.11.219.6
2021,-1434,1649302873.744144000,151.101.109.16
2022,-5538,1649302873.748279000,151.101.109.16
2023,66,1649302873.748304000,10.11.219.6
2024,-1434,1649302873.748354000,151.101.109.16
2025,-6906,1649302873.748358000,151.101.109.16
2026,66,1649302873.748425000,10.11.219.6
2027,-5538,1649302873.750315000,151.101.109.16
2028,66,1649302873.750333000,10.11.219.6
2029,-5538,1649302873.750356000,151.101.109.16
2030,66,1649302873.750415000,10.11.219.6
2031,-2802,1649302873.752795000,151.101.109.16
2032,66,1649302873.752857000,10.11.219.6
2033,-2802,1649302873.752911000,151.101.109.16
2034,-5538,1649302873.752916000,151.101.109.16
2035,-5538,1649302873.752918000,151.101.109.16
2036,66,1649302873.752985000,10.11.219.6
2037,-5538,1649302873.754618000,151.101.109.16
2038,66,1649302873.754641000,10.11.219.6
2039,-5538,1649302873.754668000,151.101.109.16
2040,66,1649302873.754740000,10.11.219.6
2041,-5538,1649302873.757644000,151.101.109.16
2042,66,1649302873.757675000,10.11.219.6
2043,-5538,1649302873.757704000,151.101.109.16
2044,-5538,1649302873.757725000,151.101.109.16
2045,-1434,1649302873.757756000,151.101.109.16
2046,66,1649302873.758265000,10.11.219.6
2047,-2802,1649302873.759687000,151.101.109.16
2048,66,1649302873.759703000,10.11.219.6
2049,-2802,1649302873.759791000,151.101.109.16
2050,-5538,1649302873.759802000,151.101.109.16
2051,-5538,1649302873.759806000,151.101.109.16
2052,66,1649302873.760332000,10.11.219.6
2053,-5538,1649302873.761693000,151.101.109.16
2054,66,1649302873.761711000,10.11.219.6
2055,-5538,1649302873.761730000,151.101.109.16
2056,66,1649302873.762569000,10.11.219.6
2057,160,1649302873.763259000,10.11.219.6
2058,-5538,1649302873.764519000,151.101.109.16
2059,-5538,1649302873.764554000,151.101.109.16
2060,-5538,1649302873.764634000,151.101.109.16
2061,66,1649302873.764753000,10.11.219.6
2062,-6906,1649302873.766238000,151.101.109.16
2063,-1434,1649302873.766278000,151.101.109.16
2064,-5538,1649302873.766342000,151.101.109.16
2065,66,1649302873.766396000,10.11.219.6
2066,-1434,1649302873.768880000,151.101.109.16
2067,-1434,1649302873.768890000,151.101.109.16
2068,66,1649302873.768902000,10.11.219.6
2069,-5538,1649302873.769023000,151.101.109.16
2070,-6906,1649302873.769030000,151.101.109.16
2071,-6906,1649302873.769039000,151.101.109.16
2072,66,1649302873.769067000,10.11.219.6
2073,-6906,1649302873.771012000,151.101.109.16
2074,66,1649302873.771022000,10.11.219.6
2075,-8274,1649302873.771038000,151.101.109.16
2076,66,1649302873.771073000,10.11.219.6
2077,-8274,1649302873.773238000,151.101.109.16
2078,66,1649302873.773247000,10.11.219.6
2079,-8274,1649302873.773260000,151.101.109.16
2080,66,1649302873.773297000,10.11.219.6
2081,-2802,1649302873.775330000,151.101.109.16
2082,66,1649302873.775345000,10.11.219.6
2083,-5538,1649302873.775475000,151.101.109.16
2084,-4170,1649302873.775485000,151.101.109.16
2085,-8274,1649302873.775488000,151.101.109.16
2086,66,1649302873.775508000,10.11.219.6
2087,-8274,1649302873.776608000,151.101.109.16
2088,66,1649302873.776620000,10.11.219.6
2089,-66,1649302873.776944000,151.101.109.16
2090,-8274,1649302873.779441000,151.101.109.16
2091,66,1649302873.779507000,10.11.219.6
2092,-8274,1649302873.779646000,151.101.109.16
2093,66,1649302873.779975000,10.11.219.6
2094,-8274,1649302873.781525000,151.101.109.16
2095,66,1649302873.781543000,10.11.219.6
2096,-5538,1649302873.781574000,151.101.109.16
2097,-2802,1649302873.781588000,151.101.109.16
2098,66,1649302873.781657000,10.11.219.6
2099,-8274,1649302873.783552000,151.101.109.16
2100,-6906,1649302873.783573000,151.101.109.16
2101,66,1649302873.783633000,10.11.219.6
2102,-8274,1649302873.786387000,151.101.109.16
2103,66,1649302873.786413000,10.11.219.6
2104,-8274,1649302873.786454000,151.101.109.16
2105,-8274,1649302873.786542000,151.101.109.16
2106,66,1649302873.786968000,10.11.219.6
2107,-8274,1649302873.787988000,151.101.109.16
2108,66,1649302873.788034000,10.11.219.6
2109,-6906,1649302873.788052000,151.101.109.16
2110,66,1649302873.788766000,10.11.219.6
2111,-1434,1649302873.791044000,151.101.109.16
2112,-8274,1649302873.791057000,151.101.109.16
2113,66,1649302873.791067000,10.11.219.6
2114,-8274,1649302873.791084000,151.101.109.16
2115,-6906,1649302873.791099000,151.101.109.16
2116,66,1649302873.791402000,10.11.219.6
2117,-9642,1649302873.792215000,151.101.109.16
2118,66,1649302873.792230000,10.11.219.6
2119,-2802,1649302873.795445000,151.101.109.16
2120,66,1649302873.795460000,10.11.219.6
2121,-6906,1649302873.795596000,151.101.109.16
2122,-9642,1649302873.795604000,151.101.109.16
2123,66,1649302873.795632000,10.11.219.6
2124,-5538,1649302873.795634000,151.101.109.16
2125,66,1649302873.795736000,10.11.219.6
2126,-2802,1649302873.797849000,151.101.109.16
2127,66,1649302873.797865000,10.11.219.6
2128,-1434,1649302873.797912000,151.101.109.16
2129,-9642,1649302873.797918000,151.101.109.16
2130,66,1649302873.797964000,10.11.219.6
2131,-8274,1649302873.800550000,151.101.109.16
2132,-1434,1649302873.800595000,151.101.109.16
2133,-6906,1649302873.800598000,151.101.109.16
2134,66,1649302873.800627000,10.11.219.6
2135,-9642,1649302873.802338000,151.101.109.16
2136,66,1649302873.802349000,10.11.219.6
2137,-1434,1649302873.802364000,151.101.109.16
2138,-5538,1649302873.804727000,151.101.109.16
2139,66,1649302873.804737000,10.11.219.6
2140,-2802,1649302873.804884000,151.101.109.16
2141,66,1649302873.804889000,10.11.219.6
2142,-9642,1649302873.804897000,151.101.109.16
2143,-6906,1649302873.804916000,151.101.109.16
2144,66,1649302873.804929000,10.11.219.6
2145,-2802,1649302873.806770000,151.101.109.16
2146,66,1649302873.806778000,10.11.219.6
2147,-8274,1649302873.806793000,151.101.109.16
2148,-1434,1649302873.806811000,151.101.109.16
2149,-5538,1649302873.806814000,151.101.109.16
2150,66,1649302873.806850000,10.11.219.6
2151,-2802,1649302873.809020000,151.101.109.16
2152,66,1649302873.809033000,10.11.219.6
2153,-1434,1649302873.809145000,151.101.109.16
2154,-6906,1649302873.809149000,151.101.109.16
2155,-9642,1649302873.809151000,151.101.109.16
2156,66,1649302873.809178000,10.11.219.6
2157,-4474,1649302873.810267000,151.101.109.16
2158,66,1649302873.810275000,10.11.219.6
2159,222,1649302873.833890000,10.11.219.6
2160,-66,1649302873.845070000,151.101.109.16
2161,-9642,1649302873.847663000,151.101.109.16
2162,-1287,1649302873.847679000,151.101.109.16
2163,66,1649302873.847735000,10.11.219.6
2164,1434,1649302873.863416000,10.11.219.6
2165,509,1649302873.863436000,10.11.219.6
2166,1434,1649302873.863788000,10.11.219.6
2167,903,1649302873.863798000,10.11.219.6
2168,1434,1649302873.866263000,10.11.219.6
2169,171,1649302873.866271000,10.11.219.6
2170,-66,1649302873.866863000,184.25.233.138
2171,149,1649302873.868975000,10.11.219.6
2172,74,1649302873.871949000,10.11.219.6
2173,-696,1649302873.873236000,54.240.252.146
2174,54,1649302873.873256000,10.11.219.6
2175,74,1649302873.875092000,10.11.219.6
2176,708,1649302873.877103000,10.11.219.6
2177,-74,1649302873.877665000,18.65.156.177
2178,66,1649302873.877697000,10.11.219.6
2179,-66,1649302873.879629000,151.101.109.16
2180,-2802,1649302873.881046000,151.101.109.16
2181,-261,1649302873.881061000,151.101.109.16
2182,78,1649302873.881071000,10.11.219.6
2183,-1434,1649302873.881085000,151.101.109.16
2184,66,1649302873.881088000,10.11.219.6
2185,583,1649302873.881835000,10.11.219.6
2186,454,1649302873.882181000,10.11.219.6
2187,-66,1649302873.884959000,18.65.156.177
2188,454,1649302873.886177000,10.11.219.6
2189,-5538,1649302873.886482000,18.65.156.177
2190,66,1649302873.886496000,10.11.219.6
2191,-568,1649302873.886508000,18.65.156.177
2192,66,1649302873.886513000,10.11.219.6
2193,440,1649302873.886765000,10.11.219.6
2194,440,1649302873.890791000,10.11.219.6
2195,130,1649302873.897991000,10.11.219.6
2196,236,1649302873.898733000,10.11.219.6
2197,385,1649302873.898774000,10.11.219.6
2198,-66,1649302873.901018000,18.65.156.177
2199,-128,1649302873.901031000,18.65.156.177
2200,66,1649302873.901042000,10.11.219.6
2201,-66,1649302873.901059000,18.65.156.177
2202,-97,1649302873.901064000,18.65.156.177
2203,66,1649302873.901068000,10.11.219.6
2204,-66,1649302873.901072000,18.65.156.177
2205,-8274,1649302873.902902000,18.65.156.177
2206,66,1649302873.902927000,10.11.219.6
2207,-145,1649302873.902949000,18.65.156.177
2208,78,1649302873.902956000,10.11.219.6
2209,-1434,1649302873.902962000,18.65.156.177
2210,66,1649302873.902967000,10.11.219.6
2211,97,1649302873.903547000,10.11.219.6
2212,686,1649302873.904895000,10.11.219.6
2213,613,1649302873.905342000,10.11.219.6
2214,-66,1649302873.906392000,18.65.156.177
2215,454,1649302873.906976000,10.11.219.6
2216,-66,1649302873.907520000,184.25.233.138
2217,600,1649302873.912025000,10.11.219.6
2218,730,1649302873.915002000,10.11.219.6
2219,566,1649302873.915353000,10.11.219.6
2220,74,1649302873.916752000,10.11.219.6
2221,74,1649302873.920451000,10.11.219.6
2222,74,1649302873.920789000,10.11.219.6
2223,159,1649302873.921620000,10.11.219.6
2224,74,1649302873.925112000,10.11.219.6
2225,158,1649302873.927851000,10.11.219.6
2226,157,1649302873.928169000,10.11.219.6
2227,158,1649302873.928207000,10.11.219.6
2228,157,1649302873.928505000,10.11.219.6
2229,158,1649302873.928577000,10.11.219.6
2230,157,1649302873.928859000,10.11.219.6
2231,158,1649302873.928875000,10.11.219.6
2232,-66,1649302873.933891000,151.101.109.16
2233,-2802,1649302873.933906000,151.101.109.16
2234,-6906,1649302873.933935000,151.101.109.16
2235,66,1649302873.933965000,10.11.219.6
2236,-6443,1649302873.935311000,151.101.109.16
2237,66,1649302873.935331000,10.11.219.6
2238,-4170,1649302873.935354000,151.101.109.16
2239,-3501,1649302873.937414000,151.101.109.16
2240,66,1649302873.938028000,10.11.219.6
2241,382,1649302873.938508000,10.11.219.6
2242,-66,1649302873.939073000,151.101.109.16
2243,-66,1649302873.939086000,151.101.109.16
2244,-66,1649302873.939089000,151.101.109.16
2245,-66,1649302873.940172000,151.101.109.16
2246,-66,1649302873.940185000,151.101.109.16
2247,-66,1649302873.940188000,151.101.109.16
2248,-66,1649302873.940191000,151.101.109.16
2249,160,1649302873.942933000,10.11.219.6
2250,-66,1649302873.942955000,184.25.233.138
2251,-2802,1649302873.942967000,151.101.109.16
2252,66,1649302873.943025000,10.11.219.6
2253,-6906,1649302873.943071000,151.101.109.16
2254,-9642,1649302873.943076000,151.101.109.16
2255,66,1649302873.943095000,10.11.219.6
2256,-8274,1649302873.945503000,151.101.109.16
2257,66,1649302873.945560000,10.11.219.6
2258,-1434,1649302873.946234000,151.101.109.16
2259,-9642,1649302873.946294000,151.101.109.16
2260,66,1649302873.946462000,10.11.219.6
2261,-9642,1649302873.947314000,151.101.109.16
2262,66,1649302873.947327000,10.11.219.6
2263,-1434,1649302873.947343000,151.101.109.16
2264,-8274,1649302873.947649000,151.101.109.16
2265,-5538,1649302873.947653000,151.101.109.16
2266,66,1649302873.947835000,10.11.219.6
2267,-4170,1649302873.950005000,151.101.109.16
2268,66,1649302873.950042000,10.11.219.6
2269,-1434,1649302873.950070000,151.101.109.16
2270,-8274,1649302873.950117000,151.101.109.16
2271,-9642,1649302873.950122000,151.101.109.16
2272,66,1649302873.950154000,10.11.219.6
2273,-2802,1649302873.951970000,151.101.109.16
2274,66,1649302873.951986000,10.11.219.6
2275,-6906,1649302873.952100000,151.101.109.16
2276,-6906,1649302873.952105000,151.101.109.16
2277,-2802,1649302873.952114000,151.101.109.16
2278,66,1649302873.952244000,10.11.219.6
2279,-8274,1649302873.954391000,151.101.109.16
2280,66,1649302873.954407000,10.11.219.6
2281,-2802,1649302873.954422000,151.101.109.16
2282,-6906,1649302873.954439000,151.101.109.16
2283,66,1649302873.954484000,10.11.219.6
2284,-2802,1649302873.957561000,151.101.109.16
2285,66,1649302873.957577000,10.11.219.6
2286,-5538,1649302873.957690000,151.101.109.16
2287,-11010,1649302873.957695000,151.101.109.16
2288,66,1649302873.957798000,10.11.219.6
2289,-2802,1649302873.960256000,151.101.109.16
2290,66,1649302873.960269000,10.11.219.6
2291,-8274,1649302873.960330000,151.101.109.16
2292,-320,1649302873.960334000,151.101.109.16
2293,78,1649302873.960339000,10.11.219.6
2294,-1434,1649302873.960345000,151.101.109.16
2295,66,1649302873.960349000,10.11.219.6
2296,-2802,1649302873.973074000,151.101.109.16
2297,66,1649302873.973087000,10.11.219.6
2298,-8274,1649302873.973135000,151.101.109.16
2299,66,1649302873.973154000,10.11.219.6
2300,-2802,1649302873.975291000,151.101.109.16
2301,66,1649302873.975298000,10.11.219.6
2302,-1104,1649302873.975310000,151.101.109.16
2303,78,1649302873.975319000,10.11.219.6
2304,-1434,1649302873.975328000,151.101.109.16
2305,66,1649302873.975333000,10.11.219.6
2306,-2802,1649302873.975338000,151.101.109.16
2307,66,1649302873.975347000,10.11.219.6
2308,-5076,1649302873.975366000,151.101.109.16
2309,66,1649302873.975520000,10.11.219.6
2310,-66,1649302873.983954000,34.213.237.248
2311,1434,1649302873.983975000,10.11.219.6
2312,660,1649302873.983987000,10.11.219.6
2313,-66,1649302873.986051000,34.213.237.248
2314,-235,1649302873.999086000,34.213.237.248
2315,66,1649302873.999098000,10.11.219.6
2316,-104,1649302873.999113000,34.213.237.248
2317,66,1649302873.999118000,10.11.219.6
2318,-235,1649302874.003948000,34.213.237.248
2319,66,1649302874.003971000,10.11.219.6
2320,-104,1649302874.003993000,34.213.237.248
2321,66,1649302874.003996000,10.11.219.6
2322,-235,1649302874.012245000,34.213.237.248
2323,66,1649302874.012257000,10.11.219.6
2324,-104,1649302874.012275000,34.213.237.248
2325,66,1649302874.012279000,10.11.219.6
2326,-66,1649302874.012283000,52.94.176.11
2327,54,1649302874.012297000,10.11.219.6
2328,-66,1649302874.012301000,34.213.237.248
2329,-235,1649302874.012306000,34.213.237.248
2330,66,1649302874.012309000,10.11.219.6
2331,-104,1649302874.012311000,34.213.237.248
2332,-235,1649302874.012313000,34.213.237.248
2333,-104,1649302874.012314000,34.213.237.248
2334,66,1649302874.012318000,10.11.219.6
2335,66,1649302874.012327000,10.11.219.6
2336,66,1649302874.012330000,10.11.219.6
2337,571,1649302874.014894000,10.11.219.6
2338,-66,1649302874.024852000,34.213.237.248
2339,-501,1649302874.029154000,184.25.233.138
2340,66,1649302874.029172000,10.11.219.6
2341,-540,1649302874.045219000,52.94.215.169
2342,54,1649302874.045243000,10.11.219.6
2343,-66,1649302874.045258000,52.94.215.169
2344,54,1649302874.045272000,10.11.219.6
2345,739,1649302874.046564000,10.11.219.6
2346,-66,1649302874.047311000,52.94.215.169
2347,54,1649302874.047332000,10.11.219.6
2348,-66,1649302874.049479000,52.94.215.169
2349,54,1649302874.049512000,10.11.219.6
2350,571,1649302874.051610000,10.11.219.6
2351,-533,1649302874.051668000,52.94.215.169
2352,54,1649302874.051687000,10.11.219.6
2353,567,1649302874.052127000,10.11.219.6
2354,571,1649302874.054930000,10.11.219.6
2355,571,1649302874.057489000,10.11.219.6
2356,160,1649302874.059742000,10.11.219.6
2357,-66,1649302874.060261000,52.94.215.169
2358,54,1649302874.060279000,10.11.219.6
2359,571,1649302874.062036000,10.11.219.6
2360,-4012,1649302874.066878000,184.25.233.138
2361,66,1649302874.066893000,10.11.219.6
2362,-66,1649302874.068723000,34.213.237.248
2363,-66,1649302874.070861000,151.101.109.16
2364,-5538,1649302874.073133000,151.101.109.16
2365,66,1649302874.073196000,10.11.219.6
2366,-5538,1649302874.073226000,151.101.109.16
2367,66,1649302874.073232000,10.11.219.6
2368,-4971,1649302874.073242000,151.101.109.16
2369,66,1649302874.073263000,10.11.219.6
2370,-2509,1649302874.081893000,184.25.233.138
2371,66,1649302874.081912000,10.11.219.6
2372,161,1649302874.084434000,10.11.219.6
2373,-66,1649302874.095509000,151.101.109.16
2374,160,1649302874.096052000,10.11.219.6
2375,-1434,1649302874.096824000,151.101.109.16
2376,-9642,1649302874.098481000,151.101.109.16
2377,-1434,1649302874.098491000,151.101.109.16
2378,-3707,1649302874.098505000,151.101.109.16
2379,-1434,1649302874.098510000,151.101.109.16
2380,66,1649302874.098547000,10.11.219.6
2381,-4170,1649302874.099568000,151.101.109.16
2382,-338,1649302874.099583000,151.101.109.16
2383,78,1649302874.099603000,10.11.219.6
2384,-1434,1649302874.099618000,151.101.109.16
2385,66,1649302874.099624000,10.11.219.6
2386,-66,1649302874.103571000,34.213.237.248
2387,159,1649302874.103935000,10.11.219.6
2388,-66,1649302874.106794000,151.101.109.16
2389,-2802,1649302874.109215000,151.101.109.16
2390,-8274,1649302874.109258000,151.101.109.16
2391,-2802,1649302874.110466000,151.101.109.16
2392,-973,1649302874.110477000,151.101.109.16
2393,78,1649302874.110493000,10.11.219.6
2394,-1434,1649302874.110513000,151.101.109.16
2395,66,1649302874.110522000,10.11.219.6
2396,-4170,1649302874.110530000,151.101.109.16
2397,-301,1649302874.110535000,151.101.109.16
2398,78,1649302874.110539000,10.11.219.6
2399,-1434,1649302874.110558000,151.101.109.16
2400,66,1649302874.110565000,10.11.219.6
2401,-66,1649302874.115404000,151.101.109.16
2402,-11010,1649302874.116835000,151.101.109.16
2403,66,1649302874.116854000,10.11.219.6
2404,-1434,1649302874.116893000,151.101.109.16
2405,-1434,1649302874.117810000,151.101.109.16
2406,-319,1649302874.117818000,151.101.109.16
2407,78,1649302874.117825000,10.11.219.6
2408,-1434,1649302874.117834000,151.101.109.16
2409,66,1649302874.117838000,10.11.219.6
2410,-353,1649302874.119886000,34.213.237.248
2411,78,1649302874.119902000,10.11.219.6
2412,-1434,1649302874.119918000,34.213.237.248
2413,66,1649302874.119928000,10.11.219.6
2414,-54,1649302874.145821000,52.94.176.11
2415,-54,1649302874.149049000,52.94.176.11
2416,-6079,1649302874.151683000,52.94.176.11
2417,54,1649302874.151699000,10.11.219.6
2418,180,1649302874.155015000,10.11.219.6
2419,160,1649302874.155145000,10.11.219.6
2420,159,1649302874.155667000,10.11.219.6
2421,-66,1649302874.166731000,151.101.109.16
2422,-66,1649302874.166743000,151.101.109.16
2423,-1434,1649302874.166746000,151.101.109.16
2424,-9642,1649302874.169409000,151.101.109.16
2425,-597,1649302874.169418000,151.101.109.16
2426,66,1649302874.169455000,10.11.219.6
2427,-8274,1649302874.169465000,151.101.109.16
2428,-282,1649302874.169468000,151.101.109.16
2429,-1434,1649302874.169470000,151.101.109.16
2430,78,1649302874.169476000,10.11.219.6
2431,66,1649302874.169481000,10.11.219.6
2432,-54,1649302874.170952000,52.94.215.169
2433,-54,1649302874.173125000,52.94.215.169
2434,-54,1649302874.176697000,52.94.215.169
2435,-540,1649302874.176712000,52.94.215.169
2436,-54,1649302874.179080000,52.94.215.169
2437,-2774,1649302874.181834000,52.94.215.169
2438,54,1649302874.181848000,10.11.219.6
2439,-3230,1649302874.182009000,52.94.215.169
2440,54,1649302874.182020000,10.11.219.6
2441,-54,1649302874.182031000,52.94.215.169
2442,-54,1649302874.182474000,52.94.215.169
2443,-5950,1649302874.183927000,52.94.215.169
2444,54,1649302874.183940000,10.11.219.6
2445,-5950,1649302874.184995000,52.94.215.169
2446,54,1649302874.185001000,10.11.219.6
2447,180,1649302874.185380000,10.11.219.6
2448,-540,1649302874.186684000,52.94.215.169
2449,180,1649302874.188867000,10.11.219.6
2450,180,1649302874.193046000,10.11.219.6
2451,795,1649302874.193165000,10.11.219.6
2452,-54,1649302874.200599000,52.94.215.169
2453,-54,1649302874.201624000,52.94.215.169
2454,160,1649302874.205231000,10.11.219.6
2455,160,1649302874.205743000,10.11.219.6
2456,-5950,1649302874.214079000,52.94.215.169
2457,54,1649302874.214094000,10.11.219.6
2458,180,1649302874.216874000,10.11.219.6
2459,-66,1649302874.216975000,151.101.109.16
2460,-66,1649302874.219054000,151.101.109.16
2461,-5538,1649302874.222248000,151.101.109.16
2462,66,1649302874.222278000,10.11.219.6
2463,-5538,1649302874.222326000,151.101.109.16
2464,66,1649302874.222332000,10.11.219.6
2465,-333,1649302874.223729000,151.101.109.16
2466,54,1649302874.229432000,10.11.219.6
2467,160,1649302874.234666000,10.11.219.6
2468,-66,1649302874.245335000,151.101.109.16
2469,-5538,1649302874.247418000,151.101.109.16
2470,-5538,1649302874.247439000,151.101.109.16
2471,66,1649302874.247458000,10.11.219.6
2472,-5076,1649302874.249525000,151.101.109.16
2473,66,1649302874.249532000,10.11.219.6
2474,-2802,1649302874.249540000,151.101.109.16
2475,-743,1649302874.249542000,151.101.109.16
2476,-1434,1649302874.249542000,151.101.109.16
2477,78,1649302874.249547000,10.11.219.6
2478,66,1649302874.249553000,10.11.219.6
2479,160,1649302874.253814000,10.11.219.6
2480,-66,1649302874.264875000,151.101.109.16
2481,-2802,1649302874.266890000,151.101.109.16
2482,66,1649302874.266934000,10.11.219.6
2483,-8274,1649302874.266946000,151.101.109.16
2484,66,1649302874.266963000,10.11.219.6
2485,-5114,1649302874.268014000,151.101.109.16
2486,-1295,1649302874.268023000,151.101.109.16
2487,66,1649302874.268049000,10.11.219.6
2488,74,1649302874.275401000,10.11.219.6
2489,-105,1649302874.288662000,52.94.176.11
2490,54,1649302874.288680000,10.11.219.6
2491,1414,1649302874.288935000,10.11.219.6
2492,1414,1649302874.288945000,10.11.219.6
2493,1310,1649302874.289508000,10.11.219.6
2494,-105,1649302874.316093000,52.94.215.169
2495,54,1649302874.316111000,10.11.219.6
2496,600,1649302874.316410000,10.11.219.6
2497,-105,1649302874.317821000,52.94.215.169
2498,54,1649302874.317831000,10.11.219.6
2499,-105,1649302874.317843000,52.94.215.169
2500,54,1649302874.317846000,10.11.219.6
2501,600,1649302874.318158000,10.11.219.6
2502,755,1649302874.318223000,10.11.219.6
2503,-105,1649302874.357523000,52.94.215.169
2504,54,1649302874.357538000,10.11.219.6
2505,567,1649302874.357834000,10.11.219.6
2506,-54,1649302874.374531000,52.94.215.169
2507,-11010,1649302874.378798000,151.101.109.16
2508,66,1649302874.378933000,10.11.219.6
2509,-1225,1649302874.380058000,151.101.109.16
2510,-1098,1649302874.389679000,52.94.215.169
2511,842,1649302874.394535000,10.11.219.6
2512,66,1649302874.421498000,10.11.219.6
2513,-54,1649302874.422744000,52.94.176.11
2514,54,1649302874.433450000,10.11.219.6
2515,-681,1649302874.435551000,52.94.176.11
2516,54,1649302874.435581000,10.11.219.6
2517,-66,1649302874.448392000,52.94.234.174
2518,54,1649302874.448420000,10.11.219.6
2519,571,1649302874.451655000,10.11.219.6
2520,-540,1649302874.455888000,52.94.215.169
2521,54,1649302874.455923000,10.11.219.6
2522,-533,1649302874.455943000,52.94.215.169
2523,54,1649302874.455950000,10.11.219.6
2524,-533,1649302874.455955000,52.94.215.169
2525,54,1649302874.455960000,10.11.219.6
2526,-540,1649302874.502939000,52.94.215.169
2527,54,1649302874.502967000,10.11.219.6
2528,-54,1649302874.570281000,52.94.215.169
2529,-1950,1649302874.610085000,52.94.215.169
2530,54,1649302874.610113000,10.11.219.6
2531,-54,1649302874.621626000,52.94.234.174
2532,-54,1649302874.624839000,52.94.234.174
2533,-150,1649302874.624854000,52.94.234.174
2534,54,1649302874.624866000,10.11.219.6
2535,-5022,1649302874.626389000,52.94.234.174
2536,54,1649302874.626422000,10.11.219.6
2537,-392,1649302874.626443000,52.94.234.174
2538,54,1649302874.626449000,10.11.219.6
2539,-63,1649302874.626465000,52.94.234.174
2540,54,1649302874.626469000,10.11.219.6
2541,204,1649302874.632267000,10.11.219.6
2542,74,1649302874.648231000,10.11.219.6
2543,-63,1649302874.652045000,52.94.234.174
2544,66,1649302874.652055000,10.11.219.6
2545,-54,1649302874.806575000,52.94.234.174
2546,-60,1649302874.806597000,52.94.234.174
2547,54,1649302874.806612000,10.11.219.6
2548,-123,1649302874.806655000,52.94.234.174
2549,54,1649302874.806664000,10.11.219.6
2550,507,1649302874.807504000,10.11.219.6
2551,-66,1649302874.824221000,52.46.154.242
2552,54,1649302874.824256000,10.11.219.6
2553,571,1649302874.829306000,10.11.219.6
2554,792,1649302874.896722000,10.11.219.6
2555,795,1649302874.898189000,10.11.219.6
2556,808,1649302874.937268000,10.11.219.6
2557,251,1649302874.937464000,10.11.219.6
2558,1434,1649302874.937485000,10.11.219.6
2559,195,1649302874.937488000,10.11.219.6
2560,1434,1649302874.937538000,10.11.219.6
2561,1434,1649302874.937541000,10.11.219.6
2562,1434,1649302874.938286000,10.11.219.6
2563,1434,1649302874.938292000,10.11.219.6
2564,1434,1649302874.938298000,10.11.219.6
2565,1434,1649302874.938299000,10.11.219.6
2566,1434,1649302874.938819000,10.11.219.6
2567,-283,1649302874.981503000,52.94.234.174
2568,54,1649302874.981531000,10.11.219.6
2569,74,1649302874.995177000,10.11.219.6
2570,-54,1649302874.999589000,52.46.154.242
2571,-54,1649302875.004969000,52.46.154.242
2572,-6001,1649302875.006639000,52.46.154.242
2573,54,1649302875.006688000,10.11.219.6
2574,180,1649302875.014019000,10.11.219.6
2575,-54,1649302875.021963000,52.94.215.169
2576,-54,1649302875.025205000,52.94.215.169
2577,-540,1649302875.026237000,52.94.215.169
2578,54,1649302875.026248000,10.11.219.6
2579,-540,1649302875.033041000,52.94.215.169
2580,54,1649302875.033054000,10.11.219.6
2581,-66,1649302875.057547000,34.213.237.248
2582,1434,1649302875.057573000,10.11.219.6
2583,1434,1649302875.057589000,10.11.219.6
2584,1434,1649302875.057599000,10.11.219.6
2585,1434,1649302875.057603000,10.11.219.6
2586,-66,1649302875.057611000,34.213.237.248
2587,-108,1649302875.057619000,34.213.237.248
2588,66,1649302875.057626000,10.11.219.6
2589,-108,1649302875.057633000,34.213.237.248
2590,66,1649302875.057638000,10.11.219.6
2591,1434,1649302875.058269000,10.11.219.6
2592,1434,1649302875.058274000,10.11.219.6
2593,1434,1649302875.058279000,10.11.219.6
2594,1434,1649302875.058281000,10.11.219.6
2595,1434,1649302875.059050000,10.11.219.6
2596,1434,1649302875.059054000,10.11.219.6
2597,-66,1649302875.059287000,34.213.237.248
2598,1434,1649302875.059295000,10.11.219.6
2599,1434,1649302875.059298000,10.11.219.6
2600,-66,1649302875.059301000,34.213.237.248
2601,1434,1649302875.059865000,10.11.219.6
2602,1434,1649302875.059869000,10.11.219.6
2603,1434,1649302875.059873000,10.11.219.6
2604,1434,1649302875.059875000,10.11.219.6
2605,1434,1649302875.060396000,10.11.219.6
2606,1434,1649302875.060400000,10.11.219.6
2607,-696,1649302875.090075000,54.240.252.146
2608,54,1649302875.090090000,10.11.219.6
2609,-66,1649302875.100291000,34.213.237.248
2610,1434,1649302875.100310000,10.11.219.6
2611,1434,1649302875.100321000,10.11.219.6
2612,-66,1649302875.177452000,34.213.237.248
2613,1434,1649302875.177471000,10.11.219.6
2614,1434,1649302875.177483000,10.11.219.6
2615,-66,1649302875.177488000,34.213.237.248
2616,1434,1649302875.177493000,10.11.219.6
2617,1434,1649302875.177495000,10.11.219.6
2618,-66,1649302875.177498000,34.213.237.248
2619,1434,1649302875.178118000,10.11.219.6
2620,1434,1649302875.178125000,10.11.219.6
2621,1434,1649302875.178131000,10.11.219.6
2622,1434,1649302875.178133000,10.11.219.6
2623,-66,1649302875.178930000,34.213.237.248
2624,-66,1649302875.178943000,34.213.237.248
2625,1434,1649302875.178954000,10.11.219.6
2626,1434,1649302875.178965000,10.11.219.6
2627,1434,1649302875.178967000,10.11.219.6
2628,-66,1649302875.178970000,34.213.237.248
2629,1434,1649302875.178975000,10.11.219.6
2630,1434,1649302875.178978000,10.11.219.6
2631,1434,1649302875.178979000,10.11.219.6
2632,-74,1649302875.178981000,3.129.166.249
2633,66,1649302875.178992000,10.11.219.6
2634,583,1649302875.181437000,10.11.219.6
2635,-108,1649302875.183951000,34.213.237.248
2636,-66,1649302875.183969000,34.213.237.248
2637,1434,1649302875.184003000,10.11.219.6
2638,1434,1649302875.184024000,10.11.219.6
2639,1434,1649302875.184026000,10.11.219.6
2640,1434,1649302875.184040000,10.11.219.6
2641,1434,1649302875.184042000,10.11.219.6
2642,1434,1649302875.184044000,10.11.219.6
2643,-66,1649302875.184046000,34.213.237.248
2644,-66,1649302875.184058000,34.213.237.248
2645,-66,1649302875.184059000,34.213.237.248
2646,-108,1649302875.184060000,34.213.237.248
2647,-66,1649302875.184061000,34.213.237.248
2648,-108,1649302875.184062000,34.213.237.248
2649,66,1649302875.184143000,10.11.219.6
2650,1434,1649302875.184660000,10.11.219.6
2651,1434,1649302875.184664000,10.11.219.6
2652,1434,1649302875.184665000,10.11.219.6
2653,1434,1649302875.184667000,10.11.219.6
2654,1434,1649302875.185334000,10.11.219.6
2655,1434,1649302875.185337000,10.11.219.6
2656,400,1649302875.185338000,10.11.219.6
2657,-105,1649302875.189166000,52.46.154.242
2658,54,1649302875.189172000,10.11.219.6
2659,1391,1649302875.189378000,10.11.219.6
2660,-66,1649302875.220375000,34.213.237.248
2661,-66,1649302875.297380000,34.213.237.248
2662,-66,1649302875.297417000,34.213.237.248
2663,-66,1649302875.298468000,34.213.237.248
2664,-66,1649302875.298491000,34.213.237.248
2665,-66,1649302875.299535000,34.213.237.248
2666,-66,1649302875.299557000,34.213.237.248
2667,-66,1649302875.299564000,34.213.237.248
2668,-108,1649302875.299567000,34.213.237.248
2669,66,1649302875.299736000,10.11.219.6
2670,-66,1649302875.303771000,34.213.237.248
2671,-66,1649302875.303796000,34.213.237.248
2672,-66,1649302875.304912000,34.213.237.248
2673,-66,1649302875.304934000,34.213.237.248
2674,-108,1649302875.304938000,34.213.237.248
2675,-66,1649302875.304958000,34.213.237.248
2676,66,1649302875.305117000,10.11.219.6
2677,-260,1649302875.313513000,34.213.237.248
2678,66,1649302875.313687000,10.11.219.6
2679,-66,1649302875.365819000,3.129.166.249
2680,-4170,1649302875.367440000,3.129.166.249
2681,66,1649302875.367491000,10.11.219.6
2682,-83,1649302875.367532000,3.129.166.249
2683,78,1649302875.367544000,10.11.219.6
2684,-1434,1649302875.367554000,3.129.166.249
2685,66,1649302875.367561000,10.11.219.6
2686,-2774,1649302875.371486000,52.46.154.242
2687,54,1649302875.371506000,10.11.219.6
2688,-2903,1649302875.371531000,52.46.154.242
2689,54,1649302875.371535000,10.11.219.6
2690,192,1649302875.374737000,10.11.219.6
2691,584,1649302875.382103000,10.11.219.6
2692,174,1649302875.389487000,10.11.219.6
2693,-66,1649302875.395558000,151.101.109.16
2694,-5538,1649302875.395604000,151.101.109.16
2695,-10607,1649302875.395670000,151.101.109.16
2696,-8274,1649302875.395719000,151.101.109.16
2697,-2802,1649302875.397491000,151.101.109.16
2698,-5559,1649302875.397611000,151.101.109.16
2699,-8274,1649302875.397618000,151.101.109.16
2700,-527,1649302875.397623000,151.101.109.16
2701,78,1649302875.397632000,10.11.219.6
2702,-1434,1649302875.397645000,151.101.109.16
2703,66,1649302875.397649000,10.11.219.6
2704,-66,1649302875.400170000,151.101.109.16
2705,-9642,1649302875.402116000,151.101.109.16
2706,-182,1649302875.402131000,151.101.109.16
2707,78,1649302875.402142000,10.11.219.6
2708,-1434,1649302875.402163000,151.101.109.16
2709,66,1649302875.402168000,10.11.219.6
2710,176,1649302875.404341000,10.11.219.6
2711,-66,1649302875.416379000,151.101.109.16
2712,-661,1649302875.418490000,151.101.109.16
2713,74,1649302875.421608000,10.11.219.6
2714,74,1649302875.423610000,10.11.219.6
2715,74,1649302875.424262000,10.11.219.6
2716,684,1649302875.424960000,10.11.219.6
2717,-74,1649302875.427061000,18.65.148.38
2718,66,1649302875.427077000,10.11.219.6
2719,-74,1649302875.427085000,18.65.116.124
2720,66,1649302875.427089000,10.11.219.6
2721,583,1649302875.429367000,10.11.219.6
2722,583,1649302875.431849000,10.11.219.6
2723,-66,1649302875.433856000,18.65.148.38
2724,-74,1649302875.433890000,54.250.105.172
2725,66,1649302875.433911000,10.11.219.6
2726,-5538,1649302875.435191000,18.65.148.38
2727,66,1649302875.435204000,10.11.219.6
2728,-922,1649302875.436870000,18.65.148.38
2729,66,1649302875.436878000,10.11.219.6
2730,-66,1649302875.436900000,18.65.116.124
2731,-66,1649302875.436906000,151.101.109.16
2732,583,1649302875.437228000,10.11.219.6
2733,-2802,1649302875.439929000,18.65.116.124
2734,66,1649302875.439941000,10.11.219.6
2735,-2802,1649302875.440153000,18.65.116.124
2736,66,1649302875.440160000,10.11.219.6
2737,-13746,1649302875.440182000,151.101.109.16
2738,-1021,1649302875.440203000,151.101.109.16
2739,78,1649302875.440208000,10.11.219.6
2740,-1434,1649302875.440218000,151.101.109.16
2741,66,1649302875.440221000,10.11.219.6
2742,-4170,1649302875.440225000,151.101.109.16
2743,66,1649302875.440747000,10.11.219.6
2744,838,1649302875.441463000,10.11.219.6
2745,-3807,1649302875.441581000,151.101.109.16
2746,-592,1649302875.441589000,18.65.116.124
2747,66,1649302875.441597000,10.11.219.6
2748,66,1649302875.442448000,10.11.219.6
2749,182,1649302875.442833000,10.11.219.6
2750,684,1649302875.443782000,10.11.219.6
2751,101,1649302875.446550000,10.11.219.6
2752,173,1649302875.446911000,10.11.219.6
2753,184,1649302875.448075000,10.11.219.6
2754,130,1649302875.448552000,10.11.219.6
2755,-66,1649302875.448594000,54.250.105.172
2756,-1434,1649302875.450879000,54.250.105.172
2757,66,1649302875.450899000,10.11.219.6
2758,-487,1649302875.450914000,54.250.105.172
2759,78,1649302875.450920000,10.11.219.6
2760,-1434,1649302875.450924000,54.250.105.172
2761,66,1649302875.450928000,10.11.219.6
2762,-66,1649302875.451698000,18.65.148.38
2763,-128,1649302875.451707000,18.65.148.38
2764,66,1649302875.451713000,10.11.219.6
2765,-66,1649302875.453802000,151.101.109.16
2766,-9642,1649302875.455318000,151.101.109.16
2767,-2802,1649302875.457409000,151.101.109.16
2768,-1434,1649302875.457567000,151.101.109.16
2769,-1026,1649302875.457570000,151.101.109.16
2770,78,1649302875.457581000,10.11.219.6
2771,-1434,1649302875.457595000,151.101.109.16
2772,66,1649302875.457600000,10.11.219.6
2773,-15114,1649302875.457605000,151.101.109.16
2774,-87,1649302875.457615000,151.101.109.16
2775,78,1649302875.457618000,10.11.219.6
2776,-1434,1649302875.457621000,151.101.109.16
2777,66,1649302875.457624000,10.11.219.6
2778,-1434,1649302875.457628000,151.101.109.16
2779,-7867,1649302875.458455000,151.101.109.16
2780,-66,1649302875.458458000,151.101.109.16
2781,-3731,1649302875.460796000,151.101.109.16
2782,-1434,1649302875.460802000,151.101.109.16
2783,-12378,1649302875.460933000,151.101.109.16
2784,-802,1649302875.460945000,151.101.109.16
2785,78,1649302875.460952000,10.11.219.6
2786,-1434,1649302875.460963000,151.101.109.16
2787,66,1649302875.460966000,10.11.219.6
2788,-4170,1649302875.460969000,151.101.109.16
2789,-3807,1649302875.462383000,151.101.109.16
2790,-66,1649302875.462386000,151.101.109.16
2791,-66,1649302875.462389000,151.101.109.16
2792,-2802,1649302875.462391000,151.101.109.16
2793,-487,1649302875.462392000,151.101.109.16
2794,78,1649302875.462395000,10.11.219.6
2795,-1434,1649302875.462409000,151.101.109.16
2796,66,1649302875.462411000,10.11.219.6
2797,-66,1649302875.462414000,151.101.109.16
2798,-1434,1649302875.462416000,151.101.109.16
2799,-113,1649302875.462417000,151.101.109.16
2800,78,1649302875.462419000,10.11.219.6
2801,-1434,1649302875.462421000,151.101.109.16
2802,66,1649302875.462423000,10.11.219.6
2803,192,1649302875.486935000,10.11.219.6
2804,236,1649302875.487023000,10.11.219.6
2805,388,1649302875.487034000,10.11.219.6
2806,191,1649302875.487196000,10.11.219.6
2807,97,1649302875.488300000,10.11.219.6
2808,219,1649302875.488638000,10.11.219.6
2809,130,1649302875.489198000,10.11.219.6
2810,-66,1649302875.489987000,18.65.148.38
2811,-66,1649302875.490005000,18.65.148.38
2812,-97,1649302875.490008000,18.65.148.38
2813,66,1649302875.490017000,10.11.219.6
2814,-66,1649302875.491032000,18.65.148.38
2815,236,1649302875.491230000,10.11.219.6
2816,406,1649302875.491406000,10.11.219.6
2817,-66,1649302875.492114000,18.65.116.124
2818,-128,1649302875.492128000,18.65.116.124
2819,66,1649302875.492135000,10.11.219.6
2820,97,1649302875.492460000,10.11.219.6
2821,-66,1649302875.494272000,18.65.116.124
2822,-97,1649302875.494284000,18.65.116.124
2823,66,1649302875.494292000,10.11.219.6
2824,-66,1649302875.494306000,18.65.116.124
2825,185,1649302875.494726000,10.11.219.6
2826,-66,1649302875.495485000,18.65.116.124
2827,189,1649302875.496197000,10.11.219.6
2828,455,1649302875.496301000,10.11.219.6
2829,-324,1649302875.498646000,54.250.105.172
2830,66,1649302875.498657000,10.11.219.6
2831,-135,1649302875.498666000,54.250.105.172
2832,66,1649302875.498669000,10.11.219.6
2833,-66,1649302875.498672000,151.101.109.16
2834,-1007,1649302875.498676000,151.101.109.16
2835,-66,1649302875.499715000,151.101.109.16
2836,-1434,1649302875.499724000,151.101.109.16
2837,66,1649302875.499760000,10.11.219.6
2838,-2802,1649302875.502112000,151.101.109.16
2839,66,1649302875.502142000,10.11.219.6
2840,-11968,1649302875.502280000,151.101.109.16
2841,-9642,1649302875.502306000,151.101.109.16
2842,66,1649302875.502306000,10.11.219.6
2843,-97,1649302875.502308000,151.101.109.16
2844,-1434,1649302875.502317000,151.101.109.16
2845,78,1649302875.502319000,10.11.219.6
2846,66,1649302875.502324000,10.11.219.6
2847,952,1649302875.502670000,10.11.219.6
2848,-845,1649302875.503406000,18.65.116.124
2849,66,1649302875.503413000,10.11.219.6
2850,-97,1649302875.503424000,18.65.116.124
2851,66,1649302875.503427000,10.11.219.6
2852,-66,1649302875.506169000,151.101.109.16
2853,-1386,1649302875.506182000,151.101.109.16
2854,-66,1649302875.507193000,151.101.109.16
2855,-680,1649302875.507205000,151.101.109.16
2856,66,1649302875.507214000,10.11.219.6
2857,-66,1649302875.507231000,151.101.109.16
2858,-12378,1649302875.509323000,151.101.109.16
2859,66,1649302875.509360000,10.11.219.6
2860,-1434,1649302875.511322000,151.101.109.16
2861,-866,1649302875.511332000,151.101.109.16
2862,78,1649302875.511345000,10.11.219.6
2863,-1434,1649302875.511479000,151.101.109.16
2864,66,1649302875.511486000,10.11.219.6
2865,-15114,1649302875.511494000,151.101.109.16
2866,66,1649302875.511501000,10.11.219.6
2867,-87,1649302875.511507000,151.101.109.16
2868,78,1649302875.511510000,10.11.219.6
2869,-1434,1649302875.511513000,151.101.109.16
2870,66,1649302875.511516000,10.11.219.6
2871,-4170,1649302875.511519000,151.101.109.16
2872,66,1649302875.511675000,10.11.219.6
2873,-11010,1649302875.512777000,151.101.109.16
2874,66,1649302875.512791000,10.11.219.6
2875,1228,1649302875.514777000,10.11.219.6
2876,-2802,1649302875.514871000,151.101.109.16
2877,66,1649302875.514892000,10.11.219.6
2878,-13746,1649302875.515110000,151.101.109.16
2879,-108,1649302875.515133000,151.101.109.16
2880,78,1649302875.515140000,10.11.219.6
2881,-1434,1649302875.515146000,151.101.109.16
2882,-6906,1649302875.515148000,151.101.109.16
2883,66,1649302875.515154000,10.11.219.6
2884,66,1649302875.515165000,10.11.219.6
2885,-2802,1649302875.517570000,151.101.109.16
2886,66,1649302875.517587000,10.11.219.6
2887,-12378,1649302875.517696000,151.101.109.16
2888,-906,1649302875.517713000,151.101.109.16
2889,78,1649302875.517721000,10.11.219.6
2890,-1434,1649302875.517733000,151.101.109.16
2891,66,1649302875.517737000,10.11.219.6
2892,185,1649302875.518211000,10.11.219.6
2893,-66,1649302875.519973000,151.101.109.16
2894,-2802,1649302875.519988000,151.101.109.16
2895,66,1649302875.520018000,10.11.219.6
2896,-11010,1649302875.520113000,151.101.109.16
2897,-1035,1649302875.520142000,151.101.109.16
2898,199,1649302875.520148000,10.11.219.6
2899,-1434,1649302875.520157000,151.101.109.16
2900,66,1649302875.520161000,10.11.219.6
2901,-8274,1649302875.520166000,151.101.109.16
2902,66,1649302875.520634000,10.11.219.6
2903,-8295,1649302875.522587000,151.101.109.16
2904,-16482,1649302875.522600000,151.101.109.16
2905,-2490,1649302875.523778000,151.101.109.16
2906,-520,1649302875.523804000,18.65.148.38
2907,66,1649302875.523806000,10.11.219.6
2908,-97,1649302875.523808000,18.65.148.38
2909,66,1649302875.523809000,10.11.219.6
2910,-2802,1649302875.528865000,151.101.109.16
2911,-11010,1649302875.528956000,151.101.109.16
2912,-1053,1649302875.528961000,151.101.109.16
2913,78,1649302875.528969000,10.11.219.6
2914,-1434,1649302875.532424000,151.101.109.16
2915,66,1649302875.532439000,10.11.219.6
2916,-9642,1649302875.532453000,151.101.109.16
2917,-5538,1649302875.532573000,151.101.109.16
2918,-87,1649302875.532577000,151.101.109.16
2919,78,1649302875.532581000,10.11.219.6
2920,-1434,1649302875.532587000,151.101.109.16
2921,66,1649302875.532590000,10.11.219.6
2922,-8274,1649302875.532593000,151.101.109.16
2923,-5538,1649302875.535471000,151.101.109.16
2924,-17850,1649302875.535642000,151.101.109.16
2925,-108,1649302875.535647000,151.101.109.16
2926,78,1649302875.535651000,10.11.219.6
2927,-1434,1649302875.535657000,151.101.109.16
2928,66,1649302875.535660000,10.11.219.6
2929,-8274,1649302875.537701000,151.101.109.16
2930,-16482,1649302875.537890000,151.101.109.16
2931,-5538,1649302875.540096000,151.101.109.16
2932,-9642,1649302875.540235000,151.101.109.16
2933,-9642,1649302875.540243000,151.101.109.16
2934,-5538,1649302875.542256000,151.101.109.16
2935,-19218,1649302875.542402000,151.101.109.16
2936,-5538,1649302875.544484000,151.101.109.16
2937,-2802,1649302875.544495000,151.101.109.16
2938,-16482,1649302875.544635000,151.101.109.16
2939,-5538,1649302875.547673000,151.101.109.16
2940,-15114,1649302875.547823000,151.101.109.16
2941,-4170,1649302875.547833000,151.101.109.16
2942,-5538,1649302875.549753000,151.101.109.16
2943,-15114,1649302875.549983000,151.101.109.16
2944,-5538,1649302875.549998000,151.101.109.16
2945,-5538,1649302875.552117000,151.101.109.16
2946,-19218,1649302875.552297000,151.101.109.16
2947,-5538,1649302875.554419000,151.101.109.16
2948,-2802,1649302875.554599000,151.101.109.16
2949,-66,1649302875.554601000,151.101.109.16
2950,-16482,1649302875.554608000,151.101.109.16
2951,-1434,1649302875.555362000,151.101.109.16
2952,-183,1649302875.555364000,151.101.109.16
2953,78,1649302875.555372000,10.11.219.6
2954,-1434,1649302875.555384000,151.101.109.16
2955,66,1649302875.555387000,10.11.219.6
2956,-682,1649302875.555390000,151.101.109.16
2957,-66,1649302875.555391000,151.101.109.16
2958,-1434,1649302875.555394000,151.101.109.16
2959,-87,1649302875.555395000,151.101.109.16
2960,78,1649302875.555397000,10.11.219.6
2961,-1434,1649302875.555400000,151.101.109.16
2962,66,1649302875.555402000,10.11.219.6
2963,-372,1649302875.558014000,3.129.166.249
2964,66,1649302875.558025000,10.11.219.6
2965,-135,1649302875.558035000,3.129.166.249
2966,66,1649302875.558037000,10.11.219.6
2967,243,1649302875.563088000,10.11.219.6
2968,403,1649302875.563133000,10.11.219.6
2969,1296,1649302875.563657000,10.11.219.6
2970,104,1649302875.565016000,10.11.219.6
2971,176,1649302875.565191000,10.11.219.6
2972,243,1649302875.567453000,10.11.219.6
2973,376,1649302875.567481000,10.11.219.6
2974,104,1649302875.567980000,10.11.219.6
2975,-66,1649302875.574024000,54.250.105.172
2976,-104,1649302875.574044000,54.250.105.172
2977,66,1649302875.574058000,10.11.219.6
2978,1009,1649302875.575427000,10.11.219.6
2979,510,1649302875.576055000,10.11.219.6
2980,174,1649302875.577317000,10.11.219.6
2981,-16054,1649302875.577698000,151.101.109.16
2982,-622,1649302875.577723000,54.250.105.172
2983,66,1649302875.577734000,10.11.219.6
2984,66,1649302875.577759000,10.11.219.6
2985,-104,1649302875.578148000,54.250.105.172
2986,66,1649302875.578160000,10.11.219.6
2987,-8274,1649302875.578175000,151.101.109.16
2988,66,1649302875.578180000,10.11.219.6
2989,-2802,1649302875.581557000,151.101.109.16
2990,66,1649302875.581574000,10.11.219.6
2991,-4170,1649302875.581786000,151.101.109.16
2992,-87,1649302875.581794000,151.101.109.16
2993,78,1649302875.581801000,10.11.219.6
2994,-1434,1649302875.581808000,151.101.109.16
2995,66,1649302875.581813000,10.11.219.6
2996,-17850,1649302875.581819000,151.101.109.16
2997,66,1649302875.582148000,10.11.219.6
2998,200,1649302875.584051000,10.11.219.6
2999,-2802,1649302875.584130000,151.101.109.16
3000,66,1649302875.584157000,10.11.219.6
3001,-6906,1649302875.584297000,151.101.109.16
3002,-15114,1649302875.584306000,151.101.109.16
3003,66,1649302875.584405000,10.11.219.6
3004,740,1649302875.584698000,10.11.219.6
3005,74,1649302875.585608000,10.11.219.6
3006,-12378,1649302875.586128000,151.101.109.16
3007,-66,1649302875.586141000,151.101.109.16
3008,-1434,1649302875.586145000,151.101.109.16
3009,66,1649302875.586168000,10.11.219.6
3010,-12378,1649302875.586683000,151.101.109.16
3011,66,1649302875.586730000,10.11.219.6
3012,-5538,1649302875.589147000,151.101.109.16
3013,66,1649302875.589153000,10.11.219.6
3014,-8274,1649302875.589301000,151.101.109.16
3015,66,1649302875.589303000,10.11.219.6
3016,-11010,1649302875.589310000,151.101.109.16
3017,66,1649302875.589311000,10.11.219.6
3018,-2802,1649302875.591531000,151.101.109.16
3019,66,1649302875.591541000,10.11.219.6
3020,-13746,1649302875.591689000,151.101.109.16
3021,66,1649302875.591692000,10.11.219.6
3022,-8274,1649302875.591719000,151.101.109.16
3023,66,1649302875.591721000,10.11.219.6
3024,-11010,1649302875.594305000,151.101.109.16
3025,66,1649302875.594319000,10.11.219.6
3026,-8274,1649302875.594424000,151.101.109.16
3027,66,1649302875.594428000,10.11.219.6
3028,-5538,1649302875.594434000,151.101.109.16
3029,66,1649302875.594436000,10.11.219.6
3030,-4170,1649302875.596704000,151.101.109.16
3031,66,1649302875.596711000,10.11.219.6
3032,-1434,1649302875.596724000,151.101.109.16
3033,-19218,1649302875.596865000,151.101.109.16
3034,66,1649302875.596869000,10.11.219.6
3035,-5538,1649302875.599080000,151.101.109.16
3036,66,1649302875.599094000,10.11.219.6
3037,-1434,1649302875.599359000,151.101.109.16
3038,-19218,1649302875.599374000,151.101.109.16
3039,66,1649302875.599381000,10.11.219.6
3040,-8274,1649302875.602214000,151.101.109.16
3041,66,1649302875.602226000,10.11.219.6
3042,-89,1649302875.602246000,151.101.109.16
3043,78,1649302875.602254000,10.11.219.6
3044,-1434,1649302875.602259000,151.101.109.16
3045,66,1649302875.602264000,10.11.219.6
3046,-66,1649302875.602365000,151.101.109.16
3047,-13746,1649302875.602385000,151.101.109.16
3048,66,1649302875.602396000,10.11.219.6
3049,-896,1649302875.602430000,151.101.109.16
3050,78,1649302875.602447000,10.11.219.6
3051,-1434,1649302875.602458000,151.101.109.16
3052,66,1649302875.602465000,10.11.219.6
3053,-15114,1649302875.604938000,151.101.109.16
3054,66,1649302875.604959000,10.11.219.6
3055,-87,1649302875.605027000,151.101.109.16
3056,78,1649302875.605043000,10.11.219.6
3057,-1434,1649302875.605051000,151.101.109.16
3058,66,1649302875.605060000,10.11.219.6
3059,-8274,1649302875.605067000,151.101.109.16
3060,66,1649302875.605073000,10.11.219.6
3061,-2802,1649302875.607121000,151.101.109.16
3062,66,1649302875.607138000,10.11.219.6
3063,-16482,1649302875.607273000,151.101.109.16
3064,66,1649302875.607276000,10.11.219.6
3065,-5538,1649302875.607298000,151.101.109.16
3066,66,1649302875.607300000,10.11.219.6
3067,178,1649302875.608449000,10.11.219.6
3068,-11010,1649302875.609147000,151.101.109.16
3069,66,1649302875.609162000,10.11.219.6
3070,-11010,1649302875.609587000,151.101.109.16
3071,66,1649302875.609595000,10.11.219.6
3072,-2802,1649302875.609615000,151.101.109.16
3073,66,1649302875.609619000,10.11.219.6
3074,456,1649302875.611552000,10.11.219.6
3075,-2802,1649302875.611637000,151.101.109.16
3076,66,1649302875.611647000,10.11.219.6
3077,-21954,1649302875.612017000,151.101.109.16
3078,66,1649302875.612021000,10.11.219.6
3079,-66,1649302875.612030000,151.101.109.16
3080,-8274,1649302875.614465000,151.101.109.16
3081,66,1649302875.614471000,10.11.219.6
3082,-16482,1649302875.614617000,151.101.109.16
3083,66,1649302875.614624000,10.11.219.6
3084,-2802,1649302875.617074000,151.101.109.16
3085,66,1649302875.617079000,10.11.219.6
3086,-21954,1649302875.617265000,151.101.109.16
3087,66,1649302875.617268000,10.11.219.6
3088,-8274,1649302875.619798000,151.101.109.16
3089,66,1649302875.619809000,10.11.219.6
3090,-6906,1649302875.619945000,151.101.109.16
3091,66,1649302875.619952000,10.11.219.6
3092,-9642,1649302875.619965000,151.101.109.16
3093,66,1649302875.619969000,10.11.219.6
3094,456,1649302875.669446000,10.11.219.6
3095,-2802,1649302875.692069000,151.101.109.16
3096,66,1649302875.692095000,10.11.219.6
3097,-15962,1649302875.692240000,151.101.109.16
3098,66,1649302875.692251000,10.11.219.6
3099,-66,1649302875.692285000,151.101.109.16
3100,-702,1649302875.692293000,151.101.109.16
3101,-66,1649302875.692296000,151.101.109.16
3102,-5538,1649302875.692301000,151.101.109.16
3103,66,1649302875.692306000,10.11.219.6
3104,-10597,1649302875.693691000,151.101.109.16
3105,66,1649302875.693707000,10.11.219.6
3106,-2802,1649302875.705010000,151.101.109.16
3107,66,1649302875.705022000,10.11.219.6
3108,-12378,1649302875.705185000,151.101.109.16
3109,66,1649302875.705190000,10.11.219.6
3110,-87,1649302875.705210000,151.101.109.16
3111,-1434,1649302875.705212000,151.101.109.16
3112,-8274,1649302875.705214000,151.101.109.16
3113,78,1649302875.705221000,10.11.219.6
3114,66,1649302875.705230000,10.11.219.6
3115,66,1649302875.705234000,10.11.219.6
3116,-2802,1649302875.706958000,151.101.109.16
3117,66,1649302875.706968000,10.11.219.6
3118,-5182,1649302875.707185000,151.101.109.16
3119,66,1649302875.707189000,10.11.219.6
3120,-66,1649302875.707208000,151.101.109.16
3121,-86,1649302875.707214000,151.101.109.16
3122,-1434,1649302875.707215000,151.101.109.16
3123,78,1649302875.707223000,10.11.219.6
3124,66,1649302875.707234000,10.11.219.6
3125,-66,1649302875.707246000,151.101.109.16
3126,-15982,1649302875.707257000,151.101.109.16
3127,66,1649302875.707260000,10.11.219.6
3128,-2802,1649302875.709529000,151.101.109.16
3129,66,1649302875.709544000,10.11.219.6
3130,-12378,1649302875.709683000,151.101.109.16
3131,66,1649302875.709690000,10.11.219.6
3132,-87,1649302875.709717000,151.101.109.16
3133,78,1649302875.709723000,10.11.219.6
3134,-1434,1649302875.709729000,151.101.109.16
3135,66,1649302875.709733000,10.11.219.6
3136,-8274,1649302875.709738000,151.101.109.16
3137,66,1649302875.709744000,10.11.219.6
3138,-2802,1649302875.712183000,151.101.109.16
3139,66,1649302875.712192000,10.11.219.6
3140,-11010,1649302875.712334000,151.101.109.16
3141,66,1649302875.712338000,10.11.219.6
3142,-11010,1649302875.712377000,151.101.109.16
3143,66,1649302875.712381000,10.11.219.6
3144,-2802,1649302875.715464000,151.101.109.16
3145,66,1649302875.715477000,10.11.219.6
3146,-8274,1649302875.715660000,151.101.109.16
3147,66,1649302875.715670000,10.11.219.6
3148,-13482,1649302875.715685000,151.101.109.16
3149,66,1649302875.715688000,10.11.219.6
3150,-78,1649302875.715696000,151.101.109.16
3151,-66,1649302875.767925000,3.129.166.249
3152,-104,1649302875.767944000,3.129.166.249
3153,66,1649302875.767956000,10.11.219.6
3154,-233,1649302875.767989000,3.129.166.249
3155,66,1649302875.767994000,10.11.219.6
3156,-639,1649302875.767999000,52.46.154.242
3157,54,1649302875.768008000,10.11.219.6
3158,536,1649302875.769040000,10.11.219.6
3159,-66,1649302875.769316000,52.46.154.242
3160,54,1649302875.769369000,10.11.219.6
3161,571,1649302875.776642000,10.11.219.6
3162,-66,1649302875.793674000,3.129.166.249
3163,74,1649302875.795999000,10.11.219.6
3164,74,1649302875.875172000,10.11.219.6
3165,74,1649302875.875535000,10.11.219.6
3166,74,1649302875.875786000,10.11.219.6
3167,74,1649302875.876106000,10.11.219.6
3168,74,1649302875.876310000,10.11.219.6
3169,-74,1649302875.878152000,23.205.97.4
3170,66,1649302875.878173000,10.11.219.6
3171,-74,1649302875.878185000,35.186.254.217
3172,66,1649302875.878190000,10.11.219.6
3173,-74,1649302875.880295000,23.64.8.218
3174,66,1649302875.880310000,10.11.219.6
3175,-74,1649302875.880320000,142.250.206.226
3176,66,1649302875.880324000,10.11.219.6
3177,583,1649302875.881174000,10.11.219.6
3178,583,1649302875.883458000,10.11.219.6
3179,-66,1649302875.884924000,23.205.97.4
3180,-2802,1649302875.884934000,23.205.97.4
3181,66,1649302875.884940000,10.11.219.6
3182,-1426,1649302875.884950000,23.205.97.4
3183,66,1649302875.884953000,10.11.219.6
3184,583,1649302875.886155000,10.11.219.6
3185,583,1649302875.888155000,10.11.219.6
3186,186,1649302875.888360000,10.11.219.6
3187,-454,1649302875.888399000,23.205.97.4
3188,66,1649302875.888409000,10.11.219.6
3189,-66,1649302875.888418000,35.186.254.217
3190,-3485,1649302875.888424000,35.186.254.217
3191,66,1649302875.888428000,10.11.219.6
3192,181,1649302875.888726000,10.11.219.6
3193,183,1649302875.888794000,10.11.219.6
3194,179,1649302875.888997000,10.11.219.6
3195,167,1649302875.889262000,10.11.219.6
3196,194,1649302875.889347000,10.11.219.6
3197,-74,1649302875.890352000,35.213.12.39
3198,66,1649302875.890372000,10.11.219.6
3199,-66,1649302875.890384000,142.250.206.226
3200,-66,1649302875.891659000,23.64.8.218
3201,-1392,1649302875.893060000,23.64.8.218
3202,78,1649302875.893066000,10.11.219.6
3203,-2802,1649302875.893073000,23.64.8.218
3204,66,1649302875.893076000,10.11.219.6
3205,192,1649302875.893518000,10.11.219.6
3206,74,1649302875.893637000,10.11.219.6
3207,74,1649302875.893752000,10.11.219.6
3208,74,1649302875.893944000,10.11.219.6
3209,74,1649302875.894031000,10.11.219.6
3210,74,1649302875.894154000,10.11.219.6
3211,193,1649302875.894550000,10.11.219.6
3212,175,1649302875.894846000,10.11.219.6
3213,-66,1649302875.895910000,23.205.97.4
3214,-340,1649302875.895918000,23.205.97.4
3215,66,1649302875.895923000,10.11.219.6
3216,-74,1649302875.896937000,184.25.233.136
3217,66,1649302875.896953000,10.11.219.6
3218,583,1649302875.898543000,10.11.219.6
3219,-66,1649302875.899089000,151.101.109.16
3220,-66,1649302875.901230000,151.101.109.16
3221,-852,1649302875.901237000,151.101.109.16
3222,78,1649302875.901244000,10.11.219.6
3223,-1434,1649302875.901255000,151.101.109.16
3224,66,1649302875.901259000,10.11.219.6
3225,-66,1649302875.901261000,151.101.109.16
3226,-66,1649302875.901292000,151.101.109.16
3227,-2770,1649302875.901295000,151.101.109.16
3228,66,1649302875.901299000,10.11.219.6
3229,-66,1649302875.901304000,151.101.109.16
3230,-367,1649302875.901305000,151.101.109.16
3231,66,1649302875.901307000,10.11.219.6
3232,-5324,1649302875.901309000,151.101.109.16
3233,66,1649302875.901310000,10.11.219.6
3234,583,1649302875.901745000,10.11.219.6
3235,-340,1649302875.902571000,151.101.109.16
3236,66,1649302875.902578000,10.11.219.6
3237,-66,1649302875.902587000,151.101.109.16
3238,-449,1649302875.902590000,151.101.109.16
3239,66,1649302875.902592000,10.11.219.6
3240,74,1649302875.904491000,10.11.219.6
3241,-66,1649302875.905928000,184.25.233.136
3242,-66,1649302875.906995000,151.101.109.16
3243,-74,1649302875.907007000,52.194.39.238
3244,66,1649302875.907029000,10.11.219.6
3245,-1112,1649302875.907043000,151.101.109.16
3246,66,1649302875.907048000,10.11.219.6
3247,-66,1649302875.907053000,151.101.109.16
3248,-324,1649302875.907056000,151.101.109.16
3249,66,1649302875.907061000,10.11.219.6
3250,-74,1649302875.907064000,104.244.42.195
3251,66,1649302875.907070000,10.11.219.6
3252,-74,1649302875.907074000,18.178.22.21
3253,66,1649302875.907079000,10.11.219.6
3254,-2802,1649302875.908215000,184.25.233.136
3255,66,1649302875.908231000,10.11.219.6
3256,-1159,1649302875.908246000,184.25.233.136
3257,66,1649302875.908252000,10.11.219.6
3258,-66,1649302875.912031000,35.213.12.39
3259,-2802,1649302875.914550000,35.213.12.39
3260,66,1649302875.914559000,10.11.219.6
3261,-1426,1649302875.914572000,35.213.12.39
3262,66,1649302875.914575000,10.11.219.6
3263,-958,1649302875.914577000,35.213.12.39
3264,66,1649302875.914578000,10.11.219.6
3265,-497,1649302875.929736000,142.250.206.226
3266,78,1649302875.929749000,10.11.219.6
3267,-4170,1649302875.929762000,142.250.206.226
3268,66,1649302875.929766000,10.11.219.6
3269,146,1649302875.942042000,10.11.219.6
3270,-66,1649302875.944249000,23.64.8.218
3271,-353,1649302875.944261000,23.64.8.218
3272,66,1649302875.944268000,10.11.219.6
3273,159,1649302875.944282000,10.11.219.6
3274,-353,1649302875.945295000,23.64.8.218
3275,66,1649302875.945308000,10.11.219.6
3276,583,1649302875.948372000,10.11.219.6
3277,-54,1649302875.949949000,52.46.154.242
3278,-74,1649302875.949957000,143.204.253.103
3279,66,1649302875.949969000,10.11.219.6
3280,-639,1649302875.951048000,52.46.154.242
3281,192,1649302875.951545000,10.11.219.6
3282,583,1649302875.953175000,10.11.219.6
3283,-66,1649302875.954153000,184.25.233.136
3284,583,1649302875.954851000,10.11.219.6
3285,-324,1649302875.958200000,184.25.233.136
3286,66,1649302875.958211000,10.11.219.6
3287,-54,1649302875.958222000,52.46.154.242
3288,-66,1649302875.958227000,35.213.12.39
3289,-340,1649302875.963260000,35.213.12.39
3290,66,1649302875.963273000,10.11.219.6
3291,-6001,1649302875.963287000,52.46.154.242
3292,54,1649302875.963290000,10.11.219.6
3293,-66,1649302875.965328000,104.244.42.195
3294,-2762,1649302875.965339000,104.244.42.195
3295,66,1649302875.965346000,10.11.219.6
3296,-811,1649302875.965358000,104.244.42.195
3297,66,1649302875.965361000,10.11.219.6
3298,-66,1649302875.966080000,52.194.39.238
3299,-2802,1649302875.967544000,52.194.39.238
3300,66,1649302875.967558000,10.11.219.6
3301,-1086,1649302875.967572000,52.194.39.238
3302,78,1649302875.967576000,10.11.219.6
3303,-1434,1649302875.967578000,52.194.39.238
3304,66,1649302875.967582000,10.11.219.6
3305,-66,1649302875.968192000,18.178.22.21
3306,-4045,1649302875.969615000,18.178.22.21
3307,66,1649302875.969637000,10.11.219.6
3308,-74,1649302875.989366000,69.173.158.64
3309,66,1649302875.989386000,10.11.219.6
3310,576,1649302875.996127000,10.11.219.6
3311,54,1649302875.997413000,10.11.219.6
3312,-66,1649302875.999179000,23.205.97.4
3313,180,1649302876.002330000,10.11.219.6
3314,530,1649302876.002474000,10.11.219.6
3315,-66,1649302876.005445000,23.64.8.218
3316,192,1649302876.007092000,10.11.219.6
3317,583,1649302876.011983000,10.11.219.6
3318,583,1649302876.014336000,10.11.219.6
3319,74,1649302876.016993000,10.11.219.6
3320,74,1649302876.017056000,10.11.219.6
3321,74,1649302876.017107000,10.11.219.6
3322,74,1649302876.019328000,10.11.219.6
3323,-340,1649302876.019576000,52.194.39.238
3324,66,1649302876.019589000,10.11.219.6
3325,-135,1649302876.019600000,52.194.39.238
3326,66,1649302876.019603000,10.11.219.6
3327,74,1649302876.019831000,10.11.219.6
3328,74,1649302876.019967000,10.11.219.6
3329,74,1649302876.020089000,10.11.219.6
3330,74,1649302876.020185000,10.11.219.6
3331,-74,1649302876.020415000,35.227.202.26
3332,66,1649302876.020431000,10.11.219.6
3333,-74,1649302876.022634000,23.205.97.4
3334,66,1649302876.022659000,10.11.219.6
3335,-74,1649302876.024786000,35.244.159.8
3336,66,1649302876.024805000,10.11.219.6
3337,583,1649302876.026985000,10.11.219.6
3338,-74,1649302876.029015000,54.150.80.208
3339,66,1649302876.029043000,10.11.219.6
3340,-66,1649302876.030105000,35.227.202.26
3341,583,1649302876.030623000,10.11.219.6
3342,-3692,1649302876.031513000,35.227.202.26
3343,66,1649302876.031530000,10.11.219.6
3344,-66,1649302876.033328000,23.205.97.4
3345,-2802,1649302876.034783000,23.205.97.4
3346,66,1649302876.034799000,10.11.219.6
3347,-1426,1649302876.034816000,23.205.97.4
3348,66,1649302876.034823000,10.11.219.6
3349,-454,1649302876.035539000,23.205.97.4
3350,66,1649302876.035551000,10.11.219.6
3351,-74,1649302876.063169000,52.73.34.14
3352,66,1649302876.063198000,10.11.219.6
3353,-74,1649302876.078198000,119.9.108.211
3354,66,1649302876.078223000,10.11.219.6
3355,-70,1649302876.091000000,103.71.26.126
3356,66,1649302876.091024000,10.11.219.6
3357,-74,1649302876.094202000,54.179.165.252
3358,66,1649302876.094214000,10.11.219.6
3359,-98,1649302876.100911000,69.173.158.64
3360,78,1649302876.100920000,10.11.219.6
3361,-1434,1649302876.100927000,69.173.158.64
3362,66,1649302876.100931000,10.11.219.6
3363,-1430,1649302876.100933000,69.173.158.64
3364,66,1649302876.100936000,10.11.219.6
3365,-720,1649302876.100937000,69.173.158.64
3366,66,1649302876.100939000,10.11.219.6
3367,464,1649302876.115694000,10.11.219.6
3368,-66,1649302876.117760000,184.25.233.136
3369,216,1649302876.120050000,10.11.219.6
3370,-1186,1649302876.124257000,23.205.97.4
3371,66,1649302876.124276000,10.11.219.6
3372,583,1649302876.126357000,10.11.219.6
3373,-66,1649302876.129525000,35.244.159.8
3374,192,1649302876.129844000,10.11.219.6
3375,74,1649302876.130027000,10.11.219.6
3376,410,1649302876.130267000,10.11.219.6
3377,433,1649302876.130372000,10.11.219.6
3378,401,1649302876.130734000,10.11.219.6
3379,296,1649302876.130742000,10.11.219.6
3380,514,1649302876.131142000,10.11.219.6
3381,-1434,1649302876.131209000,35.244.159.8
3382,66,1649302876.131216000,10.11.219.6
3383,-641,1649302876.131222000,35.244.159.8
3384,78,1649302876.131226000,10.11.219.6
3385,-1434,1649302876.131228000,35.244.159.8
3386,66,1649302876.131232000,10.11.219.6
3387,724,1649302876.131279000,10.11.219.6
3388,292,1649302876.131572000,10.11.219.6
3389,397,1649302876.131580000,10.11.219.6
3390,294,1649302876.132541000,10.11.219.6
3391,399,1649302876.132613000,10.11.219.6
3392,-66,1649302876.133102000,23.205.97.4
3393,-340,1649302876.133111000,23.205.97.4
3394,66,1649302876.133115000,10.11.219.6
3395,-66,1649302876.135164000,184.25.233.138
3396,583,1649302876.136501000,10.11.219.6
3397,583,1649302876.139657000,10.11.219.6
3398,583,1649302876.143213000,10.11.219.6
3399,583,1649302876.147816000,10.11.219.6
3400,583,1649302876.149603000,10.11.219.6
3401,287,1649302876.152234000,10.11.219.6
3402,290,1649302876.152316000,10.11.219.6
3403,392,1649302876.152400000,10.11.219.6
3404,395,1649302876.152514000,10.11.219.6
3405,74,1649302876.153979000,10.11.219.6
3406,74,1649302876.154516000,10.11.219.6
3407,74,1649302876.154644000,10.11.219.6
3408,74,1649302876.154743000,10.11.219.6
3409,74,1649302876.154842000,10.11.219.6
3410,74,1649302876.155413000,10.11.219.6
3411,74,1649302876.155538000,10.11.219.6
3412,74,1649302876.155638000,10.11.219.6
3413,-66,1649302876.157065000,54.150.80.208
3414,-2802,1649302876.158580000,54.150.80.208
3415,66,1649302876.158592000,10.11.219.6
3416,-326,1649302876.158608000,54.150.80.208
3417,78,1649302876.158613000,10.11.219.6
3418,-1434,1649302876.158633000,54.150.80.208
3419,66,1649302876.158640000,10.11.219.6
3420,-74,1649302876.159664000,142.250.206.226
3421,66,1649302876.159741000,10.11.219.6
3422,-74,1649302876.159776000,172.217.25.162
3423,66,1649302876.159807000,10.11.219.6
3424,192,1649302876.164663000,10.11.219.6
3425,-74,1649302876.166332000,31.13.82.36
3426,66,1649302876.166349000,10.11.219.6
3427,-66,1649302876.166358000,143.204.253.103
3428,-74,1649302876.166361000,103.231.99.243
3429,66,1649302876.166365000,10.11.219.6
3430,-74,1649302876.166368000,103.231.99.80
3431,66,1649302876.166371000,10.11.219.6
3432,-74,1649302876.166372000,54.150.10.110
3433,66,1649302876.166375000,10.11.219.6
3434,583,1649302876.166626000,10.11.219.6
3435,-2802,1649302876.167808000,143.204.253.103
3436,66,1649302876.167813000,10.11.219.6
3437,-2802,1649302876.167819000,143.204.253.103
3438,66,1649302876.167822000,10.11.219.6
3439,-74,1649302876.167824000,52.198.176.137
3440,66,1649302876.167829000,10.11.219.6
3441,583,1649302876.168325000,10.11.219.6
3442,-584,1649302876.168504000,143.204.253.103
3443,66,1649302876.168511000,10.11.219.6
3444,-66,1649302876.169710000,142.250.206.226
3445,583,1649302876.171926000,10.11.219.6
3446,583,1649302876.174153000,10.11.219.6
3447,-66,1649302876.175073000,172.217.25.162
3448,583,1649302876.175975000,10.11.219.6
3449,583,1649302876.177679000,10.11.219.6
3450,583,1649302876.179345000,10.11.219.6
3451,580,1649302876.179434000,10.11.219.6
3452,-117,1649302876.181778000,54.150.80.208
3453,66,1649302876.181788000,10.11.219.6
3454,-66,1649302876.181794000,23.205.97.4
3455,-105,1649302876.184040000,52.46.154.242
3456,54,1649302876.184045000,10.11.219.6
3457,-66,1649302876.184051000,103.231.99.80
3458,130,1649302876.184844000,10.11.219.6
3459,236,1649302876.185383000,10.11.219.6
3460,430,1649302876.185437000,10.11.219.6
3461,-66,1649302876.186289000,103.231.99.243
3462,-2802,1649302876.189159000,103.231.99.80
3463,66,1649302876.189166000,10.11.219.6
3464,-333,1649302876.189174000,103.231.99.80
3465,78,1649302876.189180000,10.11.219.6
3466,-1434,1649302876.189184000,103.231.99.80
3467,66,1649302876.189187000,10.11.219.6
3468,-2802,1649302876.189207000,103.231.99.243
3469,66,1649302876.189210000,10.11.219.6
3470,-333,1649302876.189213000,103.231.99.243
3471,78,1649302876.189217000,10.11.219.6
3472,-1434,1649302876.189229000,103.231.99.243
3473,66,1649302876.189232000,10.11.219.6
3474,290,1649302876.189420000,10.11.219.6
3475,-2642,1649302876.190306000,54.150.10.110
3476,66,1649302876.190321000,10.11.219.6
3477,-951,1649302876.190332000,54.150.10.110
3478,66,1649302876.190338000,10.11.219.6
3479,-66,1649302876.190871000,52.198.176.137
3480,-66,1649302876.190877000,31.13.82.36
3481,-2802,1649302876.192683000,31.13.82.36
3482,66,1649302876.192688000,10.11.219.6
3483,-765,1649302876.192713000,31.13.82.36
3484,66,1649302876.192717000,10.11.219.6
3485,-78,1649302876.192720000,184.25.233.138
3486,-2802,1649302876.192727000,52.198.176.137
3487,66,1649302876.192730000,10.11.219.6
3488,-1322,1649302876.192734000,52.198.176.137
3489,78,1649302876.192739000,10.11.219.6
3490,-1434,1649302876.192742000,52.198.176.137
3491,66,1649302876.192744000,10.11.219.6
3492,192,1649302876.193158000,10.11.219.6
3493,-66,1649302876.196511000,104.244.42.195
3494,192,1649302876.196635000,10.11.219.6
3495,-66,1649302876.197682000,104.244.42.195
3496,-593,1649302876.197691000,104.244.42.195
3497,66,1649302876.197698000,10.11.219.6
3498,-66,1649302876.197708000,104.244.42.195
3499,192,1649302876.200781000,10.11.219.6
3500,-74,1649302876.201092000,3.216.55.148
3501,66,1649302876.201110000,10.11.219.6
3502,-1434,1649302876.201119000,103.231.99.243
3503,78,1649302876.201123000,10.11.219.6
3504,-1434,1649302876.201128000,103.231.99.80
3505,78,1649302876.201130000,10.11.219.6
3506,192,1649302876.203958000,10.11.219.6
3507,-66,1649302876.204509000,103.231.99.80
3508,-72,1649302876.205243000,103.231.99.80
3509,66,1649302876.205258000,10.11.219.6
3510,-111,1649302876.205277000,103.231.99.80
3511,66,1649302876.205285000,10.11.219.6
3512,-122,1649302876.205290000,103.231.99.80
3513,66,1649302876.205293000,10.11.219.6
3514,-141,1649302876.206333000,69.173.158.64
3515,66,1649302876.206348000,10.11.219.6
3516,-74,1649302876.206359000,103.43.90.178
3517,66,1649302876.206373000,10.11.219.6
3518,-66,1649302876.207402000,103.231.99.243
3519,-117,1649302876.208544000,103.231.99.243
3520,66,1649302876.208558000,10.11.219.6
3521,-122,1649302876.208573000,103.231.99.243
3522,66,1649302876.208577000,10.11.219.6
3523,-2802,1649302876.210217000,119.9.108.211
3524,66,1649302876.210245000,10.11.219.6
3525,-309,1649302876.210290000,119.9.108.211
3526,66,1649302876.210298000,10.11.219.6
3527,-4602,1649302876.210305000,142.250.206.226
3528,66,1649302876.210310000,10.11.219.6
3529,97,1649302876.211913000,10.11.219.6
3530,-1434,1649302876.212504000,172.217.25.162
3531,66,1649302876.212509000,10.11.219.6
3532,-495,1649302876.212514000,172.217.25.162
3533,78,1649302876.212518000,10.11.219.6
3534,-2802,1649302876.212523000,172.217.25.162
3535,66,1649302876.212528000,10.11.219.6
3536,-117,1649302876.214439000,54.150.10.110
3537,66,1649302876.214454000,10.11.219.6
3538,-66,1649302876.214464000,103.71.26.126
3539,-2802,1649302876.218077000,103.71.26.126
3540,66,1649302876.218089000,10.11.219.6
3541,-615,1649302876.218418000,103.71.26.126
3542,66,1649302876.218425000,10.11.219.6
3543,-324,1649302876.218432000,52.198.176.137
3544,66,1649302876.218439000,10.11.219.6
3545,-135,1649302876.218442000,52.198.176.137
3546,66,1649302876.218446000,10.11.219.6
3547,-781,1649302876.218448000,184.25.233.136
3548,66,1649302876.218455000,10.11.219.6
3549,583,1649302876.219757000,10.11.219.6
3550,583,1649302876.221522000,10.11.219.6
3551,-66,1649302876.222153000,54.179.165.252
3552,-74,1649302876.224393000,69.173.158.64
3553,66,1649302876.224424000,10.11.219.6
3554,-66,1649302876.224450000,104.244.42.195
3555,-676,1649302876.226551000,23.205.97.4
3556,66,1649302876.226569000,10.11.219.6
3557,-5490,1649302876.228034000,54.179.165.252
3558,66,1649302876.228047000,10.11.219.6
3559,192,1649302876.228781000,10.11.219.6
3560,-66,1649302876.251227000,34.213.237.248
3561,-66,1649302876.251238000,34.213.237.248
3562,-235,1649302876.252309000,34.213.237.248
3563,66,1649302876.252319000,10.11.219.6
3564,-104,1649302876.252333000,34.213.237.248
3565,66,1649302876.252336000,10.11.219.6
3566,-235,1649302876.253453000,34.213.237.248
3567,66,1649302876.253470000,10.11.219.6
3568,-104,1649302876.253476000,34.213.237.248
3569,66,1649302876.253478000,10.11.219.6
3570,-235,1649302876.253480000,34.213.237.248
3571,66,1649302876.253483000,10.11.219.6
3572,-104,1649302876.253485000,34.213.237.248
3573,66,1649302876.253486000,10.11.219.6
3574,-235,1649302876.254628000,34.213.237.248
3575,66,1649302876.254644000,10.11.219.6
3576,-104,1649302876.254661000,34.213.237.248
3577,66,1649302876.254665000,10.11.219.6
3578,-235,1649302876.254671000,34.213.237.248
3579,66,1649302876.254678000,10.11.219.6
3580,-104,1649302876.254681000,34.213.237.248
3581,66,1649302876.254684000,10.11.219.6
3582,-235,1649302876.254688000,34.213.237.248
3583,66,1649302876.254690000,10.11.219.6
3584,-104,1649302876.254694000,34.213.237.248
3585,66,1649302876.254697000,10.11.219.6
3586,-501,1649302876.256669000,184.25.233.138
3587,66,1649302876.256675000,10.11.219.6
3588,-743,1649302876.264309000,23.64.8.218
3589,66,1649302876.264330000,10.11.219.6
3590,130,1649302876.269885000,10.11.219.6
3591,146,1649302876.270928000,10.11.219.6
3592,560,1649302876.271540000,10.11.219.6
3593,243,1649302876.272475000,10.11.219.6
3594,353,1649302876.272501000,10.11.219.6
3595,-66,1649302876.272742000,34.213.237.248
3596,-674,1649302876.272758000,142.250.206.226
3597,66,1649302876.272769000,10.11.219.6
3598,-235,1649302876.274835000,34.213.237.248
3599,66,1649302876.274853000,10.11.219.6
3600,-104,1649302876.274876000,34.213.237.248
3601,66,1649302876.274880000,10.11.219.6
3602,-235,1649302876.274885000,34.213.237.248
3603,66,1649302876.274889000,10.11.219.6
3604,-104,1649302876.274893000,34.213.237.248
3605,66,1649302876.274897000,10.11.219.6
3606,192,1649302876.278917000,10.11.219.6
3607,-478,1649302876.278977000,184.25.233.138
3608,66,1649302876.278988000,10.11.219.6
3609,583,1649302876.281027000,10.11.219.6
3610,-369,1649302876.284061000,18.178.22.21
3611,66,1649302876.284079000,10.11.219.6
3612,-369,1649302876.284094000,18.178.22.21
3613,66,1649302876.284097000,10.11.219.6
3614,-109,1649302876.284099000,18.178.22.21
3615,66,1649302876.284101000,10.11.219.6
3616,-66,1649302876.284102000,52.194.39.238
3617,-104,1649302876.284106000,52.194.39.238
3618,66,1649302876.284107000,10.11.219.6
3619,-413,1649302876.294203000,52.194.39.238
3620,66,1649302876.294218000,10.11.219.6
3621,-443,1649302876.294249000,104.244.42.195
3622,66,1649302876.294253000,10.11.219.6
3623,-501,1649302876.294256000,184.25.233.138
3624,66,1649302876.294259000,10.11.219.6
3625,-66,1649302876.298400000,103.43.90.178
3626,-477,1649302876.299505000,184.25.233.138
3627,66,1649302876.299514000,10.11.219.6
3628,-2642,1649302876.301792000,103.43.90.178
3629,66,1649302876.301798000,10.11.219.6
3630,-233,1649302876.301805000,103.43.90.178
3631,66,1649302876.301808000,10.11.219.6
3632,-66,1649302876.302701000,103.71.26.126
3633,-117,1649302876.302704000,103.71.26.126
3634,66,1649302876.302707000,10.11.219.6
3635,-501,1649302876.302713000,184.25.233.138
3636,66,1649302876.302715000,10.11.219.6
3637,-66,1649302876.305832000,52.73.34.14
3638,-2802,1649302876.307289000,52.73.34.14
3639,66,1649302876.307306000,10.11.219.6
3640,-166,1649302876.307325000,52.73.34.14
3641,78,1649302876.307331000,10.11.219.6
3642,-1434,1649302876.307336000,52.73.34.14
3643,78,1649302876.307340000,10.11.219.6
3644,-1434,1649302876.308596000,52.73.34.14
3645,66,1649302876.308616000,10.11.219.6
3646,506,1649302876.310673000,10.11.219.6
3647,104,1649302876.311232000,10.11.219.6
3648,236,1649302876.315388000,10.11.219.6
3649,357,1649302876.315414000,10.11.219.6
3650,-66,1649302876.317672000,142.250.206.226
3651,-97,1649302876.318749000,142.250.206.226
3652,66,1649302876.318763000,10.11.219.6
3653,192,1649302876.321990000,10.11.219.6
3654,236,1649302876.322093000,10.11.219.6
3655,368,1649302876.322117000,10.11.219.6
3656,159,1649302876.325481000,10.11.219.6
3657,97,1649302876.326092000,10.11.219.6
3658,97,1649302876.326140000,10.11.219.6
3659,74,1649302876.326257000,10.11.219.6
3660,171,1649302876.328286000,10.11.219.6
3661,545,1649302876.328772000,10.11.219.6
3662,-66,1649302876.330692000,23.205.97.4
3663,-66,1649302876.332886000,142.250.206.226
3664,-66,1649302876.333932000,18.178.22.21
3665,535,1649302876.334361000,10.11.219.6
3666,-97,1649302876.335296000,18.178.22.21
3667,66,1649302876.335307000,10.11.219.6
3668,130,1649302876.338058000,10.11.219.6
3669,-477,1649302876.338682000,184.25.233.138
3670,66,1649302876.338692000,10.11.219.6
3671,-549,1649302876.338701000,18.178.22.21
3672,66,1649302876.338709000,10.11.219.6
3673,236,1649302876.338754000,10.11.219.6
3674,403,1649302876.338774000,10.11.219.6
3675,-66,1649302876.339495000,52.194.39.238
3676,-501,1649302876.340625000,184.25.233.138
3677,66,1649302876.340642000,10.11.219.6
3678,-646,1649302876.341810000,35.227.202.26
3679,66,1649302876.341828000,10.11.219.6
3680,-219,1649302876.341843000,52.194.39.238
3681,66,1649302876.341846000,10.11.219.6
3682,-66,1649302876.341848000,35.227.202.26
3683,-97,1649302876.341851000,35.227.202.26
3684,66,1649302876.341853000,10.11.219.6
3685,97,1649302876.343577000,10.11.219.6
3686,185,1649302876.346299000,10.11.219.6
3687,130,1649302876.347224000,10.11.219.6
3688,573,1649302876.347784000,10.11.219.6
3689,526,1649302876.348147000,10.11.219.6
3690,-477,1649302876.350661000,184.25.233.138
3691,66,1649302876.350664000,10.11.219.6
3692,-66,1649302876.351342000,35.227.202.26
3693,130,1649302876.352571000,10.11.219.6
3694,236,1649302876.353311000,10.11.219.6
3695,412,1649302876.353336000,10.11.219.6
3696,-324,1649302876.354899000,54.179.165.252
3697,66,1649302876.354908000,10.11.219.6
3698,-135,1649302876.354914000,54.179.165.252
3699,66,1649302876.354918000,10.11.219.6
3700,-98,1649302876.354921000,69.173.158.64
3701,78,1649302876.354927000,10.11.219.6
3702,-1434,1649302876.354931000,69.173.158.64
3703,66,1649302876.354934000,10.11.219.6
3704,-1430,1649302876.354938000,69.173.158.64
3705,66,1649302876.354942000,10.11.219.6
3706,-720,1649302876.354945000,69.173.158.64
3707,66,1649302876.354948000,10.11.219.6
3708,-646,1649302876.355809000,35.244.159.8
3709,66,1649302876.355815000,10.11.219.6
3710,-97,1649302876.357699000,35.244.159.8
3711,66,1649302876.357713000,10.11.219.6
3712,216,1649302876.359580000,10.11.219.6
3713,-718,1649302876.359899000,142.250.206.226
3714,66,1649302876.359910000,10.11.219.6
3715,-428,1649302876.359921000,142.250.206.226
3716,66,1649302876.359925000,10.11.219.6
3717,-105,1649302876.359929000,142.250.206.226
3718,66,1649302876.359932000,10.11.219.6
3719,97,1649302876.360501000,10.11.219.6
3720,-66,1649302876.361990000,35.244.159.8
3721,-352,1649302876.363151000,18.178.22.21
3722,66,1649302876.363175000,10.11.219.6
3723,-66,1649302876.363195000,35.244.159.8
3724,-924,1649302876.363202000,54.150.80.208
3725,66,1649302876.363210000,10.11.219.6
3726,-1120,1649302876.374111000,23.205.97.4
3727,66,1649302876.374124000,10.11.219.6
3728,-657,1649302876.384110000,35.227.202.26
3729,66,1649302876.384126000,10.11.219.6
3730,-473,1649302876.400060000,35.244.159.8
3731,66,1649302876.400073000,10.11.219.6
3732,-66,1649302876.400085000,3.216.55.148
3733,105,1649302876.402565000,10.11.219.6
3734,243,1649302876.403028000,10.11.219.6
3735,470,1649302876.403042000,10.11.219.6
3736,174,1649302876.403256000,10.11.219.6
3737,105,1649302876.404663000,10.11.219.6
3738,105,1649302876.404688000,10.11.219.6
3739,104,1649302876.404704000,10.11.219.6
3740,-66,1649302876.405623000,103.43.90.178
3741,-340,1649302876.405635000,103.43.90.178
3742,66,1649302876.405643000,10.11.219.6
3743,-3622,1649302876.405657000,3.216.55.148
3744,66,1649302876.405662000,10.11.219.6
3745,-66,1649302876.406344000,142.250.206.226
3746,-66,1649302876.411989000,35.244.159.8
3747,192,1649302876.412038000,10.11.219.6
3748,243,1649302876.412251000,10.11.219.6
3749,407,1649302876.412266000,10.11.219.6
3750,-66,1649302876.413171000,35.227.202.26
3751,104,1649302876.414759000,10.11.219.6
3752,-66,1649302876.415619000,103.231.99.80
3753,-104,1649302876.415631000,103.231.99.80
3754,66,1649302876.415643000,10.11.219.6
3755,595,1649302876.416465000,10.11.219.6
3756,-601,1649302876.416492000,103.231.99.80
3757,66,1649302876.416503000,10.11.219.6
3758,-104,1649302876.416511000,103.231.99.80
3759,66,1649302876.416514000,10.11.219.6
3760,-66,1649302876.416517000,103.231.99.80
3761,229,1649302876.416572000,10.11.219.6
3762,549,1649302876.416884000,10.11.219.6
3763,243,1649302876.417338000,10.11.219.6
3764,343,1649302876.417356000,10.11.219.6
3765,74,1649302876.420369000,10.11.219.6
3766,-66,1649302876.421816000,35.244.159.8
3767,-66,1649302876.421826000,23.205.97.4
3768,-903,1649302876.421829000,69.173.158.64
3769,66,1649302876.421843000,10.11.219.6
3770,74,1649302876.423209000,10.11.219.6
3771,-66,1649302876.423827000,103.231.99.243
3772,-66,1649302876.423837000,103.231.99.243
3773,-104,1649302876.423841000,103.231.99.243
3774,66,1649302876.423848000,10.11.219.6
3775,-407,1649302876.425062000,103.231.99.243
3776,66,1649302876.425075000,10.11.219.6
3777,74,1649302876.426110000,10.11.219.6
3778,130,1649302876.426878000,10.11.219.6
3779,-66,1649302876.427058000,103.231.99.243
3780,236,1649302876.427862000,10.11.219.6
3781,471,1649302876.427897000,10.11.219.6
3782,-66,1649302876.430255000,54.150.10.110
3783,-119,1649302876.430272000,54.150.10.110
3784,66,1649302876.430285000,10.11.219.6
3785,-705,1649302876.430305000,54.150.80.208
3786,66,1649302876.430314000,10.11.219.6
3787,104,1649302876.430337000,10.11.219.6
3788,221,1649302876.431032000,10.11.219.6
3789,-936,1649302876.431310000,54.150.10.110
3790,66,1649302876.431321000,10.11.219.6
3791,-141,1649302876.432321000,69.173.158.64
3792,66,1649302876.432346000,10.11.219.6
3793,130,1649302876.432867000,10.11.219.6
3794,253,1649302876.433668000,10.11.219.6
3795,171,1649302876.434404000,10.11.219.6
3796,-66,1649302876.435527000,142.250.206.226
3797,-674,1649302876.435541000,142.250.206.226
3798,66,1649302876.435550000,10.11.219.6
3799,-97,1649302876.436530000,142.250.206.226
3800,66,1649302876.436551000,10.11.219.6
3801,90,1649302876.436936000,10.11.219.6
3802,66,1649302876.436954000,10.11.219.6
3803,165,1649302876.437128000,10.11.219.6
3804,-66,1649302876.438755000,31.13.82.36
3805,-66,1649302876.438766000,31.13.82.36
3806,-66,1649302876.438769000,31.13.82.36
3807,-237,1649302876.439747000,31.13.82.36
3808,66,1649302876.439756000,10.11.219.6
3809,-66,1649302876.439766000,142.250.206.226
3810,66,1649302876.439775000,10.11.219.6
3811,-146,1649302876.439785000,31.13.82.36
3812,66,1649302876.439788000,10.11.219.6
3813,-110,1649302876.439792000,31.13.82.36
3814,66,1649302876.439795000,10.11.219.6
3815,97,1649302876.440392000,10.11.219.6
3816,-66,1649302876.441083000,142.250.206.226
3817,-66,1649302876.442940000,103.231.99.243
3818,-136,1649302876.442952000,103.231.99.243
3819,66,1649302876.442961000,10.11.219.6
3820,130,1649302876.443156000,10.11.219.6
3821,-66,1649302876.449416000,54.150.10.110
3822,-419,1649302876.449428000,54.150.10.110
3823,66,1649302876.449436000,10.11.219.6
3824,-66,1649302876.451461000,31.13.82.36
3825,-639,1649302876.455846000,52.46.154.242
3826,54,1649302876.455865000,10.11.219.6
3827,-355,1649302876.462250000,35.244.159.8
3828,66,1649302876.462267000,10.11.219.6
3829,-771,1649302876.464429000,23.205.97.4
3830,66,1649302876.464437000,10.11.219.6
3831,539,1649302876.477125000,10.11.219.6
3832,531,1649302876.477599000,10.11.219.6
3833,105,1649302876.477754000,10.11.219.6
3834,-66,1649302876.480416000,35.244.159.8
3835,130,1649302876.485021000,10.11.219.6
3836,236,1649302876.486065000,10.11.219.6
3837,389,1649302876.486090000,10.11.219.6
3838,-674,1649302876.487940000,172.217.25.162
3839,66,1649302876.487954000,10.11.219.6
3840,97,1649302876.488732000,10.11.219.6
3841,-66,1649302876.488966000,172.217.25.162
3842,-97,1649302876.488974000,172.217.25.162
3843,66,1649302876.488979000,10.11.219.6
3844,-117,1649302876.491146000,52.73.34.14
3845,66,1649302876.491178000,10.11.219.6
3846,-135,1649302876.491201000,52.73.34.14
3847,66,1649302876.491206000,10.11.219.6
3848,550,1649302876.493251000,10.11.219.6
3849,-66,1649302876.497528000,172.217.25.162
3850,-66,1649302876.497536000,52.46.154.242
3851,54,1649302876.497549000,10.11.219.6
3852,-639,1649302876.498689000,52.46.154.242
3853,54,1649302876.498707000,10.11.219.6
3854,-66,1649302876.500715000,143.204.253.103
3855,571,1649302876.500799000,10.11.219.6
3856,551,1649302876.501267000,10.11.219.6
3857,-66,1649302876.501471000,143.204.253.103
3858,-576,1649302876.501478000,143.204.253.103
3859,66,1649302876.501482000,10.11.219.6
3860,-145,1649302876.501489000,119.9.108.211
3861,66,1649302876.501495000,10.11.219.6
3862,-145,1649302876.501498000,119.9.108.211
3863,66,1649302876.501503000,10.11.219.6
3864,-755,1649302876.533206000,172.217.25.162
3865,66,1649302876.533217000,10.11.219.6
3866,-139,1649302876.533230000,172.217.25.162
3867,66,1649302876.533232000,10.11.219.6
3868,-97,1649302876.534225000,172.217.25.162
3869,66,1649302876.534230000,10.11.219.6
3870,-105,1649302876.534236000,172.217.25.162
3871,66,1649302876.534238000,10.11.219.6
3872,-710,1649302876.539836000,119.9.108.211
3873,66,1649302876.539857000,10.11.219.6
3874,-66,1649302876.566593000,103.71.26.126
3875,-766,1649302876.567685000,103.71.26.126
3876,66,1649302876.567695000,10.11.219.6
3877,531,1649302876.574966000,10.11.219.6
3878,105,1649302876.575826000,10.11.219.6
3879,243,1649302876.577366000,10.11.219.6
3880,349,1649302876.577404000,10.11.219.6
3881,130,1649302876.579262000,10.11.219.6
3882,104,1649302876.579979000,10.11.219.6
3883,-66,1649302876.581528000,172.217.25.162
3884,-190,1649302876.587445000,142.250.206.226
3885,66,1649302876.587459000,10.11.219.6
3886,-366,1649302876.587476000,142.250.206.226
3887,66,1649302876.587481000,10.11.219.6
3888,-97,1649302876.587980000,142.250.206.226
3889,66,1649302876.587986000,10.11.219.6
3890,-105,1649302876.587994000,142.250.206.226
3891,66,1649302876.587996000,10.11.219.6
3892,-66,1649302876.589343000,35.213.12.39
3893,-66,1649302876.589371000,52.46.154.242
3894,54,1649302876.589388000,10.11.219.6
3895,-66,1649302876.589408000,52.198.176.137
3896,-104,1649302876.589413000,52.198.176.137
3897,66,1649302876.589417000,10.11.219.6
3898,-923,1649302876.591505000,35.213.12.39
3899,66,1649302876.591515000,10.11.219.6
3900,-699,1649302876.592882000,52.198.176.137
3901,66,1649302876.592890000,10.11.219.6
3902,-646,1649302876.592900000,35.186.254.217
3903,66,1649302876.592907000,10.11.219.6
3904,-324,1649302876.592911000,3.216.55.148
3905,66,1649302876.592917000,10.11.219.6
3906,-135,1649302876.592920000,3.216.55.148
3907,66,1649302876.592922000,10.11.219.6
3908,-66,1649302876.595111000,52.46.154.242
3909,54,1649302876.595135000,10.11.219.6
3910,-314,1649302876.596230000,142.250.206.226
3911,66,1649302876.596238000,10.11.219.6
3912,-396,1649302876.596246000,142.250.206.226
3913,66,1649302876.596251000,10.11.219.6
3914,-97,1649302876.601025000,142.250.206.226
3915,66,1649302876.601040000,10.11.219.6
3916,-2771,1649302876.602245000,31.13.82.36
3917,66,1649302876.602251000,10.11.219.6
3918,-66,1649302876.602819000,52.46.154.242
3919,54,1649302876.602831000,10.11.219.6
3920,236,1649302876.632002000,10.11.219.6
3921,403,1649302876.632030000,10.11.219.6
3922,612,1649302876.634732000,10.11.219.6
3923,540,1649302876.634856000,10.11.219.6
3924,-66,1649302876.635578000,35.186.254.217
3925,-97,1649302876.635593000,35.186.254.217
3926,66,1649302876.635601000,10.11.219.6
3927,97,1649302876.636011000,10.11.219.6
3928,105,1649302876.636042000,10.11.219.6
3929,-66,1649302876.638608000,142.250.206.226
3930,-66,1649302876.641748000,52.198.176.137
3931,-66,1649302876.647356000,35.186.254.217
3932,-442,1649302876.648449000,35.186.254.217
3933,66,1649302876.648463000,10.11.219.6
3934,-639,1649302876.659145000,52.46.154.242
3935,54,1649302876.659162000,10.11.219.6
3936,-54,1649302876.669236000,52.46.154.242
3937,501,1649302876.670544000,10.11.219.6
3938,-54,1649302876.672321000,52.46.154.242
3939,571,1649302876.674238000,10.11.219.6
3940,-2774,1649302876.674904000,52.46.154.242
3941,54,1649302876.674919000,10.11.219.6
3942,-3281,1649302876.674961000,52.46.154.242
3943,54,1649302876.674969000,10.11.219.6
3944,571,1649302876.676554000,10.11.219.6
3945,571,1649302876.678299000,10.11.219.6
3946,537,1649302876.678938000,10.11.219.6
3947,545,1649302876.679047000,10.11.219.6
3948,178,1649302876.679232000,10.11.219.6
3949,524,1649302876.679815000,10.11.219.6
3950,214,1649302876.679993000,10.11.219.6
3951,105,1649302876.680478000,10.11.219.6
3952,74,1649302876.680779000,10.11.219.6
3953,-66,1649302876.681956000,142.250.206.226
3954,243,1649302876.682144000,10.11.219.6
3955,408,1649302876.682158000,10.11.219.6
3956,243,1649302876.682254000,10.11.219.6
3957,401,1649302876.682264000,10.11.219.6
3958,487,1649302876.682301000,10.11.219.6
3959,-74,1649302876.684122000,172.217.161.196
3960,66,1649302876.684139000,10.11.219.6
3961,-66,1649302876.684148000,35.186.254.217
3962,180,1649302876.685310000,10.11.219.6
3963,104,1649302876.686226000,10.11.219.6
3964,104,1649302876.686251000,10.11.219.6
3965,583,1649302876.688966000,10.11.219.6
3966,-639,1649302876.689581000,52.46.154.242
3967,54,1649302876.689596000,10.11.219.6
3968,-66,1649302876.691676000,172.217.161.196
3969,524,1649302876.691771000,10.11.219.6
3970,-330,1649302876.698406000,35.213.12.39
3971,66,1649302876.698419000,10.11.219.6
3972,-191,1649302876.698432000,35.186.254.217
3973,66,1649302876.698435000,10.11.219.6
3974,-291,1649302876.698444000,119.9.108.211
3975,66,1649302876.698447000,10.11.219.6
3976,105,1649302876.698829000,10.11.219.6
3977,243,1649302876.701126000,10.11.219.6
3978,339,1649302876.701149000,10.11.219.6
3979,104,1649302876.701877000,10.11.219.6
3980,-66,1649302876.706852000,35.186.254.217
3981,-66,1649302876.707938000,103.71.26.126
3982,-702,1649302876.710171000,103.71.26.126
3983,66,1649302876.710179000,10.11.219.6
3984,-2802,1649302876.732035000,172.217.161.196
3985,66,1649302876.732044000,10.11.219.6
3986,-248,1649302876.732052000,172.217.161.196
3987,78,1649302876.732055000,10.11.219.6
3988,-1434,1649302876.732057000,172.217.161.196
3989,66,1649302876.732059000,10.11.219.6
3990,-66,1649302876.746612000,103.43.90.178
3991,-1044,1649302876.751155000,103.43.90.178
3992,66,1649302876.751163000,10.11.219.6
3993,531,1649302876.754045000,10.11.219.6
3994,-855,1649302876.755312000,69.173.158.64
3995,66,1649302876.755325000,10.11.219.6
3996,-104,1649302876.756342000,54.179.165.252
3997,66,1649302876.756360000,10.11.219.6
3998,-54,1649302876.757436000,52.46.154.242
3999,-993,1649302876.758616000,54.179.165.252
4000,66,1649302876.758630000,10.11.219.6
4001,-104,1649302876.758641000,54.179.165.252
4002,66,1649302876.758644000,10.11.219.6
4003,-54,1649302876.766181000,52.46.154.242
4004,74,1649302876.766519000,10.11.219.6
4005,130,1649302876.780013000,10.11.219.6
4006,236,1649302876.780293000,10.11.219.6
4007,394,1649302876.780308000,10.11.219.6
4008,-54,1649302876.781223000,52.46.154.242
4009,-66,1649302876.782885000,172.217.161.196
4010,-674,1649302876.782891000,172.217.161.196
4011,66,1649302876.782896000,10.11.219.6
4012,97,1649302876.783329000,10.11.219.6
4013,-97,1649302876.783991000,172.217.161.196
4014,66,1649302876.783997000,10.11.219.6
4015,-66,1649302876.785580000,172.217.161.196
4016,-66,1649302876.809217000,54.179.165.252
4017,-682,1649302876.826433000,172.217.161.196
4018,66,1649302876.826444000,10.11.219.6
4019,-139,1649302876.826458000,172.217.161.196
4020,66,1649302876.826461000,10.11.219.6
4021,-97,1649302876.827375000,172.217.161.196
4022,66,1649302876.827389000,10.11.219.6
4023,-105,1649302876.828465000,172.217.161.196
4024,66,1649302876.828476000,10.11.219.6
4025,105,1649302876.828541000,10.11.219.6
4026,74,1649302876.832466000,10.11.219.6
4027,-74,1649302876.835640000,142.250.207.99
4028,66,1649302876.835651000,10.11.219.6
4029,-66,1649302876.836729000,172.217.161.196
4030,583,1649302876.837333000,10.11.219.6
4031,-823,1649302876.838963000,103.43.90.178
4032,66,1649302876.838972000,10.11.219.6
4033,-66,1649302876.840003000,142.250.207.99
4034,-190,1649302876.843286000,142.250.206.226
4035,66,1649302876.843298000,10.11.219.6
4036,-367,1649302876.843312000,142.250.206.226
4037,66,1649302876.843321000,10.11.219.6
4038,-54,1649302876.845388000,52.46.154.242
4039,-97,1649302876.845411000,142.250.206.226
4040,66,1649302876.845423000,10.11.219.6
4041,-105,1649302876.845445000,142.250.206.226
4042,66,1649302876.845450000,10.11.219.6
4043,105,1649302876.845543000,10.11.219.6
4044,525,1649302876.845615000,10.11.219.6
4045,-2774,1649302876.848003000,52.46.154.242
4046,54,1649302876.848009000,10.11.219.6
4047,-3281,1649302876.848026000,52.46.154.242
4048,54,1649302876.848029000,10.11.219.6
4049,-66,1649302876.848852000,142.250.206.226
4050,-54,1649302876.848857000,52.94.215.169
4051,-54,1649302876.849910000,52.46.154.242
4052,-66,1649302876.850983000,52.73.34.14
4053,-104,1649302876.850986000,52.73.34.14
4054,66,1649302876.850989000,10.11.219.6
4055,180,1649302876.851103000,10.11.219.6
4056,-54,1649302876.852578000,52.46.154.242
4057,-6001,1649302876.852585000,52.46.154.242
4058,54,1649302876.852591000,10.11.219.6
4059,-493,1649302876.852599000,52.73.34.14
4060,66,1649302876.852601000,10.11.219.6
4061,-2774,1649302876.854782000,52.46.154.242
4062,54,1649302876.854796000,10.11.219.6
4063,-3281,1649302876.854819000,52.46.154.242
4064,54,1649302876.854823000,10.11.219.6
4065,180,1649302876.856407000,10.11.219.6
4066,-105,1649302876.856927000,52.46.154.242
4067,54,1649302876.856938000,10.11.219.6
4068,180,1649302876.860176000,10.11.219.6
4069,505,1649302876.861013000,10.11.219.6
4070,-639,1649302876.871944000,52.46.154.242
4071,54,1649302876.871959000,10.11.219.6
4072,513,1649302876.872216000,10.11.219.6
4073,-639,1649302876.879315000,52.46.154.242
4074,54,1649302876.879331000,10.11.219.6
4075,506,1649302876.879677000,10.11.219.6
4076,-66,1649302876.880317000,3.216.55.148
4077,-104,1649302876.881780000,3.216.55.148
4078,66,1649302876.881791000,10.11.219.6
4079,-265,1649302876.881804000,142.250.207.99
4080,78,1649302876.881808000,10.11.219.6
4081,-4170,1649302876.881811000,142.250.207.99
4082,66,1649302876.881814000,10.11.219.6
4083,-639,1649302876.882525000,52.94.215.169
4084,54,1649302876.882531000,10.11.219.6
4085,-255,1649302876.882540000,3.216.55.148
4086,66,1649302876.882545000,10.11.219.6
4087,74,1649302876.896280000,10.11.219.6
4088,-66,1649302876.898532000,52.73.34.14
4089,130,1649302877.001593000,10.11.219.6
4090,236,1649302877.001940000,10.11.219.6
4091,400,1649302877.002050000,10.11.219.6
4092,-66,1649302877.004514000,142.250.207.99
4093,-66,1649302877.004520000,142.250.207.99
4094,-674,1649302877.004522000,142.250.207.99
4095,66,1649302877.004527000,10.11.219.6
4096,-97,1649302877.004538000,142.250.207.99
4097,66,1649302877.004539000,10.11.219.6
4098,97,1649302877.005386000,10.11.219.6
4099,-66,1649302877.007838000,142.250.207.99
4100,74,1649302877.016459000,10.11.219.6
4101,-105,1649302877.019539000,52.46.154.242
4102,54,1649302877.019548000,10.11.219.6
4103,543,1649302877.019801000,10.11.219.6
4104,-74,1649302877.023869000,52.37.162.167
4105,66,1649302877.023898000,10.11.219.6
4106,-54,1649302877.024931000,52.94.215.169
4107,583,1649302877.026087000,10.11.219.6
4108,105,1649302877.026383000,10.11.219.6
4109,105,1649302877.026556000,10.11.219.6
4110,105,1649302877.026585000,10.11.219.6
4111,105,1649302877.026699000,10.11.219.6
4112,112,1649302877.026749000,10.11.219.6
4113,112,1649302877.026766000,10.11.219.6
4114,112,1649302877.026778000,10.11.219.6
4115,112,1649302877.026816000,10.11.219.6
4116,105,1649302877.026842000,10.11.219.6
4117,112,1649302877.026856000,10.11.219.6
4118,112,1649302877.026870000,10.11.219.6
4119,112,1649302877.026902000,10.11.219.6
4120,112,1649302877.026947000,10.11.219.6
4121,112,1649302877.026976000,10.11.219.6
4122,112,1649302877.026996000,10.11.219.6
4123,105,1649302877.027014000,10.11.219.6
4124,112,1649302877.027031000,10.11.219.6
4125,112,1649302877.027044000,10.11.219.6
4126,105,1649302877.027123000,10.11.219.6
4127,105,1649302877.027150000,10.11.219.6
4128,105,1649302877.027217000,10.11.219.6
4129,105,1649302877.027252000,10.11.219.6
4130,105,1649302877.027268000,10.11.219.6
4131,105,1649302877.027282000,10.11.219.6
4132,112,1649302877.027294000,10.11.219.6
4133,105,1649302877.027310000,10.11.219.6
4134,105,1649302877.027321000,10.11.219.6
4135,119,1649302877.027506000,10.11.219.6
4136,66,1649302877.027512000,10.11.219.6
4137,97,1649302877.027587000,10.11.219.6
4138,66,1649302877.027593000,10.11.219.6
4139,97,1649302877.027809000,10.11.219.6
4140,66,1649302877.027818000,10.11.219.6
4141,90,1649302877.027874000,10.11.219.6
4142,66,1649302877.027880000,10.11.219.6
4143,97,1649302877.027946000,10.11.219.6
4144,66,1649302877.027952000,10.11.219.6
4145,97,1649302877.028016000,10.11.219.6
4146,66,1649302877.028025000,10.11.219.6
4147,119,1649302877.028149000,10.11.219.6
4148,66,1649302877.028159000,10.11.219.6
4149,97,1649302877.028263000,10.11.219.6
4150,66,1649302877.028273000,10.11.219.6
4151,-105,1649302877.028304000,52.46.154.242
4152,54,1649302877.028320000,10.11.219.6
4153,90,1649302877.028355000,10.11.219.6
4154,66,1649302877.028364000,10.11.219.6
4155,97,1649302877.028574000,10.11.219.6
4156,66,1649302877.028584000,10.11.219.6
4157,97,1649302877.028667000,10.11.219.6
4158,66,1649302877.028676000,10.11.219.6
4159,90,1649302877.028761000,10.11.219.6
4160,66,1649302877.028772000,10.11.219.6
4161,107,1649302877.028906000,10.11.219.6
4162,54,1649302877.028926000,10.11.219.6
4163,85,1649302877.029168000,10.11.219.6
4164,54,1649302877.029182000,10.11.219.6
4165,-66,1649302877.029228000,172.217.161.196
4166,85,1649302877.029386000,10.11.219.6
4167,54,1649302877.029421000,10.11.219.6
4168,85,1649302877.029714000,10.11.219.6
4169,54,1649302877.029725000,10.11.219.6
4170,85,1649302877.029841000,10.11.219.6
4171,54,1649302877.029851000,10.11.219.6
4172,85,1649302877.029985000,10.11.219.6
4173,54,1649302877.029995000,10.11.219.6
4174,85,1649302877.030113000,10.11.219.6
4175,54,1649302877.030124000,10.11.219.6
4176,85,1649302877.030265000,10.11.219.6
4177,54,1649302877.030275000,10.11.219.6
4178,85,1649302877.030556000,10.11.219.6
4179,54,1649302877.030573000,10.11.219.6
4180,-66,1649302877.030660000,184.25.233.138
4181,-66,1649302877.030670000,18.65.156.177
4182,-66,1649302877.030673000,35.186.254.217
4183,-66,1649302877.030676000,18.65.116.14
4184,-66,1649302877.030678000,35.244.159.8
4185,85,1649302877.030705000,10.11.219.6
4186,54,1649302877.030716000,10.11.219.6
4187,-66,1649302877.030755000,172.217.25.162
4188,-66,1649302877.030778000,18.65.116.124
4189,-66,1649302877.030781000,142.250.206.226
4190,-66,1649302877.030783000,35.227.202.26
4191,85,1649302877.030874000,10.11.219.6
4192,54,1649302877.030884000,10.11.219.6
4193,85,1649302877.031001000,10.11.219.6
4194,54,1649302877.031011000,10.11.219.6
4195,85,1649302877.031098000,10.11.219.6
4196,54,1649302877.031105000,10.11.219.6
4197,85,1649302877.031187000,10.11.219.6
4198,54,1649302877.031196000,10.11.219.6
4199,85,1649302877.031461000,10.11.219.6
4200,54,1649302877.031471000,10.11.219.6
4201,85,1649302877.031565000,10.11.219.6
4202,54,1649302877.031576000,10.11.219.6
4203,-66,1649302877.031719000,23.205.97.4
4204,-97,1649302877.031732000,23.205.97.4
4205,54,1649302877.031748000,10.11.219.6
4206,-66,1649302877.031762000,23.205.97.4
4207,54,1649302877.031771000,10.11.219.6
4208,-66,1649302877.031790000,23.64.8.218
4209,-90,1649302877.031794000,23.64.8.218
4210,97,1649302877.031800000,10.11.219.6
4211,54,1649302877.031803000,10.11.219.6
4212,66,1649302877.031807000,10.11.219.6
4213,-66,1649302877.031809000,23.205.97.4
4214,-97,1649302877.031812000,23.205.97.4
4215,54,1649302877.031816000,10.11.219.6
4216,-66,1649302877.031837000,23.64.8.218
4217,54,1649302877.031841000,10.11.219.6
4218,-66,1649302877.031845000,23.205.97.4
4219,54,1649302877.031847000,10.11.219.6
4220,-66,1649302877.031861000,184.25.233.136
4221,-97,1649302877.031864000,184.25.233.136
4222,54,1649302877.031870000,10.11.219.6
4223,-66,1649302877.031875000,184.25.233.136
4224,54,1649302877.031879000,10.11.219.6
4225,-74,1649302877.032705000,3.72.54.162
4226,66,1649302877.032725000,10.11.219.6
4227,90,1649302877.032751000,10.11.219.6
4228,66,1649302877.032764000,10.11.219.6
4229,97,1649302877.032861000,10.11.219.6
4230,66,1649302877.032868000,10.11.219.6
4231,97,1649302877.033064000,10.11.219.6
4232,66,1649302877.033072000,10.11.219.6
4233,90,1649302877.033139000,10.11.219.6
4234,66,1649302877.033147000,10.11.219.6
4235,90,1649302877.033227000,10.11.219.6
4236,66,1649302877.033234000,10.11.219.6
4237,90,1649302877.033304000,10.11.219.6
4238,66,1649302877.033311000,10.11.219.6
4239,90,1649302877.033539000,10.11.219.6
4240,66,1649302877.033548000,10.11.219.6
4241,90,1649302877.033647000,10.11.219.6
4242,66,1649302877.033657000,10.11.219.6
4243,90,1649302877.033782000,10.11.219.6
4244,66,1649302877.033794000,10.11.219.6
4245,97,1649302877.033920000,10.11.219.6
4246,66,1649302877.033932000,10.11.219.6
4247,97,1649302877.034159000,10.11.219.6
4248,66,1649302877.034170000,10.11.219.6
4249,90,1649302877.034285000,10.11.219.6
4250,66,1649302877.034297000,10.11.219.6
4251,97,1649302877.034417000,10.11.219.6
4252,66,1649302877.034430000,10.11.219.6
4253,97,1649302877.034523000,10.11.219.6
4254,66,1649302877.034534000,10.11.219.6
4255,97,1649302877.034626000,10.11.219.6
4256,66,1649302877.034637000,10.11.219.6
4257,97,1649302877.034958000,10.11.219.6
4258,66,1649302877.034976000,10.11.219.6
4259,90,1649302877.035123000,10.11.219.6
4260,66,1649302877.035137000,10.11.219.6
4261,90,1649302877.035272000,10.11.219.6
4262,66,1649302877.035284000,10.11.219.6
4263,97,1649302877.035394000,10.11.219.6
4264,66,1649302877.035409000,10.11.219.6
4265,-66,1649302877.035931000,18.65.116.79
4266,66,1649302877.035951000,10.11.219.6
4267,97,1649302877.037041000,10.11.219.6
4268,66,1649302877.037064000,10.11.219.6
4269,-105,1649302877.037121000,52.46.154.242
4270,54,1649302877.037135000,10.11.219.6
4271,-66,1649302877.037145000,172.217.161.196
4272,-66,1649302877.037152000,172.217.161.196
4273,-66,1649302877.037163000,172.217.161.196
4274,66,1649302877.037175000,10.11.219.6
4275,-66,1649302877.037183000,142.250.206.226
4276,66,1649302877.037190000,10.11.219.6
4277,-66,1649302877.037197000,18.65.148.38
4278,-66,1649302877.037205000,35.186.254.217
4279,-66,1649302877.037208000,35.186.254.217
4280,90,1649302877.037230000,10.11.219.6
4281,-66,1649302877.037234000,35.186.254.217
4282,66,1649302877.037241000,10.11.219.6
4283,66,1649302877.037246000,10.11.219.6
4284,-66,1649302877.037246000,18.65.116.124
4285,-66,1649302877.037250000,18.65.148.38
4286,66,1649302877.037254000,10.11.219.6
4287,-66,1649302877.037257000,18.65.116.124
4288,66,1649302877.037264000,10.11.219.6
4289,-66,1649302877.037270000,151.101.109.16
4290,90,1649302877.037618000,10.11.219.6
4291,66,1649302877.037635000,10.11.219.6
4292,97,1649302877.038071000,10.11.219.6
4293,66,1649302877.038088000,10.11.219.6
4294,90,1649302877.038343000,10.11.219.6
4295,66,1649302877.038358000,10.11.219.6
4296,90,1649302877.038593000,10.11.219.6
4297,66,1649302877.038605000,10.11.219.6
4298,97,1649302877.038895000,10.11.219.6
4299,66,1649302877.038908000,10.11.219.6
4300,97,1649302877.039169000,10.11.219.6
4301,66,1649302877.039182000,10.11.219.6
4302,-66,1649302877.040052000,31.13.82.36
4303,-66,1649302877.040064000,151.101.109.16
4304,-105,1649302877.040067000,31.13.82.36
4305,54,1649302877.040089000,10.11.219.6
4306,-66,1649302877.040112000,31.13.82.36
4307,54,1649302877.040121000,10.11.219.6
4308,-66,1649302877.040127000,18.65.156.177
4309,-66,1649302877.040131000,103.231.99.243
4310,-112,1649302877.040135000,103.231.99.243
4311,54,1649302877.040141000,10.11.219.6
4312,-66,1649302877.040148000,103.231.99.243
4313,54,1649302877.040153000,10.11.219.6
4314,-66,1649302877.040174000,103.231.99.80
4315,-66,1649302877.040177000,18.65.156.177
4316,66,1649302877.040186000,10.11.219.6
4317,-66,1649302877.040194000,172.217.25.162
4318,-66,1649302877.040197000,172.217.25.162
4319,-66,1649302877.040202000,172.217.25.162
4320,66,1649302877.040206000,10.11.219.6
4321,-66,1649302877.040210000,52.198.176.137
4322,-66,1649302877.040213000,54.150.10.110
4323,66,1649302877.040217000,10.11.219.6
4324,-639,1649302877.040220000,52.46.154.242
4325,54,1649302877.040225000,10.11.219.6
4326,-66,1649302877.040235000,104.244.42.195
4327,-90,1649302877.040239000,18.178.22.21
4328,54,1649302877.040247000,10.11.219.6
4329,-66,1649302877.040253000,18.178.22.21
4330,54,1649302877.040256000,10.11.219.6
4331,-97,1649302877.040652000,54.150.80.208
4332,54,1649302877.040667000,10.11.219.6
4333,-66,1649302877.040680000,54.150.80.208
4334,54,1649302877.040686000,10.11.219.6
4335,-66,1649302877.040690000,35.244.159.8
4336,-66,1649302877.041866000,35.244.159.8
4337,66,1649302877.041885000,10.11.219.6
4338,-66,1649302877.041904000,35.227.202.26
4339,-66,1649302877.041909000,35.227.202.26
4340,66,1649302877.041915000,10.11.219.6
4341,-66,1649302877.041925000,184.25.233.138
4342,-66,1649302877.042631000,18.65.116.14
4343,-66,1649302877.042637000,18.65.116.14
4344,66,1649302877.042645000,10.11.219.6
4345,-66,1649302877.042655000,35.213.12.39
4346,66,1649302877.042660000,10.11.219.6
4347,583,1649302877.043278000,10.11.219.6
4348,504,1649302877.043425000,10.11.219.6
4349,537,1649302877.043610000,10.11.219.6
4350,74,1649302877.043904000,10.11.219.6
4351,-639,1649302877.043909000,52.94.215.169
4352,54,1649302877.043919000,10.11.219.6
4353,85,1649302877.044083000,10.11.219.6
4354,54,1649302877.044100000,10.11.219.6
4355,74,1649302877.044442000,10.11.219.6
4356,74,1649302877.044512000,10.11.219.6
4357,85,1649302877.044634000,10.11.219.6
4358,54,1649302877.044646000,10.11.219.6
4359,74,1649302877.044838000,10.11.219.6
4360,74,1649302877.044926000,10.11.219.6
4361,-66,1649302877.050378000,54.250.105.172
4362,-66,1649302877.050393000,54.250.105.172
4363,66,1649302877.050404000,10.11.219.6
4364,-66,1649302877.050422000,54.250.105.172
4365,-66,1649302877.050432000,52.194.39.238
4366,-66,1649302877.050436000,52.194.39.238
4367,-66,1649302877.050443000,52.194.39.238
4368,66,1649302877.050456000,10.11.219.6
4369,-66,1649302877.050464000,104.244.42.195
4370,-90,1649302877.050468000,104.244.42.195
4371,54,1649302877.050476000,10.11.219.6
4372,-66,1649302877.050497000,104.244.42.195
4373,54,1649302877.050502000,10.11.219.6
4374,-66,1649302877.050506000,52.198.176.137
4375,-66,1649302877.050510000,52.198.176.137
4376,-66,1649302877.050516000,52.198.176.137
4377,66,1649302877.050520000,10.11.219.6
4378,-66,1649302877.050526000,103.231.99.80
4379,-66,1649302877.050529000,103.231.99.80
4380,66,1649302877.050533000,10.11.219.6
4381,-66,1649302877.050536000,103.231.99.80
4382,-74,1649302877.050541000,184.25.233.138
4383,66,1649302877.050556000,10.11.219.6
4384,-66,1649302877.050578000,151.101.109.16
4385,-66,1649302877.050583000,151.101.109.16
4386,-576,1649302877.050588000,142.250.207.99
4387,66,1649302877.050592000,10.11.219.6
4388,-139,1649302877.050596000,142.250.207.99
4389,66,1649302877.050598000,10.11.219.6
4390,-66,1649302877.050600000,151.101.109.16
4391,-66,1649302877.051268000,151.101.109.16
4392,-90,1649302877.051290000,151.101.109.16
4393,54,1649302877.051304000,10.11.219.6
4394,-66,1649302877.051319000,151.101.109.16
4395,54,1649302877.051324000,10.11.219.6
4396,-97,1649302877.051328000,142.250.207.99
4397,66,1649302877.051333000,10.11.219.6
4398,-105,1649302877.051336000,142.250.207.99
4399,66,1649302877.051339000,10.11.219.6
4400,-54,1649302877.053358000,54.150.10.110
4401,583,1649302877.053374000,10.11.219.6
4402,-90,1649302877.053378000,151.101.109.16
4403,54,1649302877.053392000,10.11.219.6
4404,-66,1649302877.053411000,151.101.109.16
4405,54,1649302877.053416000,10.11.219.6
4406,105,1649302877.053722000,10.11.219.6
4407,90,1649302877.053881000,10.11.219.6
4408,-639,1649302877.054682000,52.46.154.242
4409,85,1649302877.055828000,10.11.219.6
4410,54,1649302877.055901000,10.11.219.6
4411,74,1649302877.057028000,10.11.219.6
4412,-66,1649302877.057085000,184.25.233.138
4413,-66,1649302877.057098000,142.250.207.99
4414,-66,1649302877.057113000,142.250.207.99
4415,66,1649302877.057127000,10.11.219.6
4416,-2802,1649302877.057140000,184.25.233.138
4417,66,1649302877.057145000,10.11.219.6
4418,-1426,1649302877.057149000,184.25.233.138
4419,66,1649302877.057153000,10.11.219.6
4420,-1188,1649302877.058889000,184.25.233.138
4421,66,1649302877.058900000,10.11.219.6
4422,192,1649302877.066046000,10.11.219.6
4423,-639,1649302877.066776000,52.46.154.242
4424,85,1649302877.068162000,10.11.219.6
4425,54,1649302877.068193000,10.11.219.6
4426,74,1649302877.068549000,10.11.219.6
4427,-66,1649302877.068740000,184.25.233.138
4428,-324,1649302877.073207000,184.25.233.138
4429,66,1649302877.073224000,10.11.219.6
4430,243,1649302877.074902000,10.11.219.6
4431,957,1649302877.075353000,10.11.219.6
4432,-66,1649302877.077391000,184.25.233.138
4433,-143,1649302877.077416000,184.25.233.138
4434,66,1649302877.077431000,10.11.219.6
4435,-66,1649302877.077449000,184.25.233.138
4436,104,1649302877.079724000,10.11.219.6
4437,-66,1649302877.083092000,184.25.233.138
4438,-66,1649302877.083934000,184.25.233.138
4439,-90,1649302877.087116000,119.9.108.211
4440,54,1649302877.087147000,10.11.219.6
4441,-66,1649302877.087174000,119.9.108.211
4442,54,1649302877.087182000,10.11.219.6
4443,-66,1649302877.097730000,69.173.158.64
4444,-66,1649302877.099069000,69.173.158.64
4445,66,1649302877.099088000,10.11.219.6
4446,-66,1649302877.101394000,54.179.165.252
4447,-66,1649302877.101417000,103.71.26.126
4448,-66,1649302877.101422000,103.71.26.126
4449,-66,1649302877.101446000,103.71.26.126
4450,66,1649302877.101461000,10.11.219.6
4451,-66,1649302877.103498000,103.43.90.178
4452,-66,1649302877.103519000,103.43.90.178
4453,66,1649302877.103533000,10.11.219.6
4454,-66,1649302877.112455000,69.173.158.64
4455,-66,1649302877.112479000,54.179.165.252
4456,-66,1649302877.112484000,54.179.165.252
4457,66,1649302877.112495000,10.11.219.6
4458,-66,1649302877.112509000,54.179.165.252
4459,-66,1649302877.112515000,69.173.158.64
4460,66,1649302877.112528000,10.11.219.6
4461,-97,1649302877.123301000,184.25.233.138
4462,54,1649302877.123319000,10.11.219.6
4463,-66,1649302877.123338000,184.25.233.138
4464,54,1649302877.123344000,10.11.219.6
4465,-54,1649302877.153468000,52.94.176.11
4466,54,1649302877.153496000,10.11.219.6
4467,-54,1649302877.153520000,52.94.215.169
4468,54,1649302877.153528000,10.11.219.6
4469,-66,1649302877.153536000,52.37.162.167
4470,-5523,1649302877.156225000,52.37.162.167
4471,66,1649302877.156335000,10.11.219.6
4472,-54,1649302877.156644000,52.119.167.229
4473,54,1649302877.156667000,10.11.219.6
4474,-54,1649302877.157719000,52.94.215.169
4475,54,1649302877.157774000,10.11.219.6
4476,-66,1649302877.157827000,34.213.237.248
4477,-66,1649302877.157843000,34.213.237.248
4478,-66,1649302877.157867000,34.213.237.248
4479,66,1649302877.157900000,10.11.219.6
4480,-54,1649302877.159011000,52.94.215.169
4481,54,1649302877.159053000,10.11.219.6
4482,-54,1649302877.159096000,52.119.163.144
4483,54,1649302877.159114000,10.11.219.6
4484,-54,1649302877.160085000,52.94.176.11
4485,54,1649302877.160100000,10.11.219.6
4486,-54,1649302877.160114000,52.94.176.11
4487,54,1649302877.160123000,10.11.219.6
4488,-54,1649302877.160128000,52.94.176.11
4489,-54,1649302877.160131000,52.94.215.169
4490,-54,1649302877.160134000,52.94.215.169
4491,-54,1649302877.160140000,52.94.215.169
4492,54,1649302877.160151000,10.11.219.6
4493,-54,1649302877.164247000,52.94.176.11
4494,54,1649302877.164269000,10.11.219.6
4495,-54,1649302877.164288000,52.94.176.11
4496,-54,1649302877.165319000,52.94.176.11
4497,54,1649302877.165337000,10.11.219.6
4498,-54,1649302877.165351000,52.94.176.11
4499,-54,1649302877.168463000,52.94.215.169
4500,-54,1649302877.169586000,52.94.215.169
4501,-54,1649302877.169606000,52.94.215.169
4502,54,1649302877.169619000,10.11.219.6
4503,-54,1649302877.169638000,52.94.215.169
4504,54,1649302877.169647000,10.11.219.6
4505,-54,1649302877.169653000,52.94.176.11
4506,54,1649302877.169658000,10.11.219.6
4507,-54,1649302877.170651000,54.240.252.146
4508,54,1649302877.170670000,10.11.219.6
4509,-54,1649302877.170687000,54.240.252.146
4510,-54,1649302877.170696000,54.240.252.146
4511,54,1649302877.170707000,10.11.219.6
4512,-66,1649302877.180326000,52.94.176.11
4513,54,1649302877.180413000,10.11.219.6
4514,192,1649302877.180505000,10.11.219.6
4515,-74,1649302877.182394000,34.213.237.248
4516,66,1649302877.182423000,10.11.219.6
4517,-66,1649302877.183462000,143.204.253.103
4518,-66,1649302877.183472000,143.204.253.103
4519,66,1649302877.183482000,10.11.219.6
4520,-66,1649302877.184516000,52.94.176.11
4521,54,1649302877.184538000,10.11.219.6
4522,571,1649302877.185575000,10.11.219.6
4523,-639,1649302877.195320000,52.46.154.242
4524,54,1649302877.195388000,10.11.219.6
4525,-66,1649302877.195432000,52.73.34.14
4526,571,1649302877.197316000,10.11.219.6
4527,-107,1649302877.202989000,52.94.234.174
4528,54,1649302877.203024000,10.11.219.6
4529,-54,1649302877.203047000,52.94.234.174
4530,54,1649302877.203053000,10.11.219.6
4531,-66,1649302877.203057000,52.73.34.14
4532,583,1649302877.203061000,10.11.219.6
4533,-66,1649302877.203062000,52.73.34.14
4534,-66,1649302877.203073000,52.73.34.14
4535,66,1649302877.203077000,10.11.219.6
4536,85,1649302877.204285000,10.11.219.6
4537,54,1649302877.204309000,10.11.219.6
4538,-66,1649302877.210257000,3.129.166.249
4539,-66,1649302877.213443000,52.46.154.242
4540,54,1649302877.213476000,10.11.219.6
4541,-66,1649302877.215607000,3.216.55.148
4542,-66,1649302877.215623000,3.216.55.148
4543,-66,1649302877.215640000,3.216.55.148
4544,66,1649302877.215663000,10.11.219.6
4545,-54,1649302877.216657000,52.46.154.242
4546,54,1649302877.216677000,10.11.219.6
4547,-54,1649302877.216694000,52.46.154.242
4548,-66,1649302877.217731000,3.129.166.249
4549,-66,1649302877.217742000,3.129.166.249
4550,-66,1649302877.217755000,3.129.166.249
4551,66,1649302877.217770000,10.11.219.6
4552,571,1649302877.220230000,10.11.219.6
4553,-639,1649302877.224190000,52.46.154.242
4554,54,1649302877.224225000,10.11.219.6
4555,-477,1649302877.227418000,184.25.233.138
4556,-639,1649302877.227431000,52.46.154.242
4557,54,1649302877.227447000,10.11.219.6
4558,-54,1649302877.230637000,52.46.154.242
4559,54,1649302877.230710000,10.11.219.6
4560,-54,1649302877.230776000,52.46.154.242
4561,-66,1649302877.232750000,52.46.154.242
4562,54,1649302877.232782000,10.11.219.6
4563,112,1649302877.237636000,10.11.219.6
4564,97,1649302877.238135000,10.11.219.6
4565,66,1649302877.238157000,10.11.219.6
4566,85,1649302877.238281000,10.11.219.6
4567,54,1649302877.238293000,10.11.219.6
4568,85,1649302877.238425000,10.11.219.6
4569,54,1649302877.238439000,10.11.219.6
4570,-66,1649302877.240280000,184.25.233.138
4571,-66,1649302877.240295000,52.46.154.242
4572,54,1649302877.240314000,10.11.219.6
4573,-66,1649302877.240328000,184.25.233.138
4574,571,1649302877.241965000,10.11.219.6
4575,571,1649302877.245171000,10.11.219.6
4576,-97,1649302877.247768000,184.25.233.138
4577,54,1649302877.247794000,10.11.219.6
4578,-66,1649302877.247819000,184.25.233.138
4579,54,1649302877.247826000,10.11.219.6
4580,-54,1649302877.247830000,52.46.154.242
4581,-54,1649302877.247840000,52.46.154.242
4582,54,1649302877.247844000,10.11.219.6
4583,-74,1649302877.281982000,3.72.54.162
4584,66,1649302877.282019000,10.11.219.6
4585,583,1649302877.290785000,10.11.219.6
4586,66,1649302877.307034000,10.11.219.6
4587,74,1649302877.307582000,10.11.219.6
4588,-324,1649302877.310919000,52.37.162.167
4589,66,1649302877.311044000,10.11.219.6
4590,-135,1649302877.311160000,52.37.162.167
4591,66,1649302877.311189000,10.11.219.6
4592,-66,1649302877.311209000,3.72.54.162
4593,-166,1649302877.311237000,3.72.54.162
4594,66,1649302877.311253000,10.11.219.6
4595,-2802,1649302877.311281000,3.72.54.162
4596,66,1649302877.311307000,10.11.219.6
4597,-911,1649302877.311332000,3.72.54.162
4598,78,1649302877.311351000,10.11.219.6
4599,-1434,1649302877.311390000,3.72.54.162
4600,66,1649302877.311413000,10.11.219.6
4601,-404,1649302877.312078000,3.72.54.162
4602,66,1649302877.312127000,10.11.219.6
4603,-75,1649302877.312170000,3.72.54.162
4604,66,1649302877.312178000,10.11.219.6
4605,-54,1649302877.314108000,52.94.176.11
4606,-54,1649302877.319491000,52.94.176.11
4607,-2774,1649302877.322191000,52.94.176.11
4608,54,1649302877.322207000,10.11.219.6
4609,-3359,1649302877.322250000,52.94.176.11
4610,54,1649302877.322260000,10.11.219.6
4611,192,1649302877.323457000,10.11.219.6
4612,54,1649302877.324472000,10.11.219.6
4613,66,1649302877.324532000,10.11.219.6
4614,54,1649302877.324625000,10.11.219.6
4615,54,1649302877.324663000,10.11.219.6
4616,97,1649302877.324722000,10.11.219.6
4617,66,1649302877.324733000,10.11.219.6
4618,-54,1649302877.324984000,52.94.176.11
4619,-54,1649302877.339914000,52.94.176.11
4620,-6079,1649302877.340007000,52.94.176.11
4621,54,1649302877.340019000,10.11.219.6
4622,-66,1649302877.340520000,34.213.237.248
4623,-5511,1649302877.348128000,34.213.237.248
4624,54,1649302877.348153000,10.11.219.6
4625,180,1649302877.349244000,10.11.219.6
4626,54,1649302877.358906000,10.11.219.6
4627,54,1649302877.358997000,10.11.219.6
4628,66,1649302877.359138000,10.11.219.6
4629,-54,1649302877.372700000,52.46.154.242
4630,-54,1649302877.372716000,52.46.154.242
4631,54,1649302877.372726000,10.11.219.6
4632,-54,1649302877.381884000,52.46.154.242
4633,-54,1649302877.388370000,52.46.154.242
4634,-2774,1649302877.391051000,52.46.154.242
4635,54,1649302877.391074000,10.11.219.6
4636,-3281,1649302877.391211000,52.46.154.242
4637,54,1649302877.391219000,10.11.219.6
4638,-54,1649302877.407810000,52.46.154.242
4639,-54,1649302877.409733000,52.46.154.242
4640,54,1649302877.409753000,10.11.219.6
4641,-54,1649302877.411868000,52.46.154.242
4642,-54,1649302877.415215000,52.46.154.242
4643,54,1649302877.415226000,10.11.219.6
4644,-54,1649302877.417221000,52.46.154.242
4645,-54,1649302877.417226000,52.46.154.242
4646,-2774,1649302877.420266000,52.46.154.242
4647,54,1649302877.420278000,10.11.219.6
4648,-3281,1649302877.420335000,52.46.154.242
4649,54,1649302877.420341000,10.11.219.6
